Index,x,y,alive,infected,immune
0,798,312,0,1,0
1,35,687,1,0,1
2,957,211,0,0,1
3,543,875,1,0,1
4,925,767,0,1,0
5,418,100,0,1,0
6,480,85,0,1,0
7,5,559,0,1,0
8,309,799,1,0,1
9,864,590,0,1,0
10,453,154,0,1,0
11,634,146,0,1,0
12,519,988,0,1,0
13,69,314,0,1,0
14,883,275,0,1,0
15,75,736,0,1,0
16,510,311,1,0,1
17,761,704,0,1,0
18,960,152,0,1,0
19,631,831,0,1,0
20,930,579,0,1,0
21,302,358,0,1,0
22,401,823,0,1,0
23,253,110,1,0,1
24,214,409,0,1,0
25,7,153,0,1,0
26,795,8,0,1,0
27,704,418,0,1,0
28,88,148,0,1,0
29,487,912,0,1,0
30,710,690,0,1,0
31,561,6,0,1,0
32,765,890,1,0,1
33,950,303,1,0,1
34,261,853,0,1,0
35,281,7,0,1,0
36,629,5,1,0,1
37,945,652,0,1,0
38,0,585,0,1,0
39,396,761,0,1,0
40,163,62,0,1,0
41,645,541,1,0,1
42,508,159,1,0,1
43,127,416,0,1,0
44,455,269,0,1,0
45,185,117,0,1,0
46,566,914,1,0,1
47,783,569,0,1,0
48,737,349,0,1,0
49,474,154,0,1,0
50,499,901,0,1,0
51,842,722,0,1,0
52,109,385,0,1,0
53,137,361,0,1,0
54,290,797,0,1,0
55,560,299,0,0,1
56,693,176,0,1,0
57,536,265,0,1,0
58,161,381,0,1,0
59,990,407,0,1,0
60,208,597,0,1,0
61,594,7,0,1,0
62,389,959,0,1,0
63,135,408,0,1,0
64,8,962,0,1,0
65,4,349,1,0,1
66,34,841,0,1,0
67,810,832,0,1,0
68,650,763,0,1,0
69,712,925,0,1,0
70,594,805,0,1,0
71,747,10,0,1,0
72,557,760,0,1,0
73,595,758,0,1,0
74,335,9,0,1,0
75,990,163,1,0,1
76,107,335,0,1,0
77,431,244,1,0,1
78,345,756,1,0,1
79,929,83,0,1,0
80,143,510,0,1,0
81,792,876,0,1,0
82,115,139,0,1,0
83,278,919,0,1,0
84,366,539,0,1,0
85,211,329,0,1,0
86,370,650,1,0,1
87,850,611,0,1,0
88,555,124,0,1,0
89,628,928,0,1,0
90,253,187,0,1,0
91,202,491,0,1,0
92,268,500,0,1,0
93,511,919,0,1,0
94,648,410,0,1,0
95,216,914,0,1,0
96,771,916,0,1,0
97,521,540,0,1,0
98,143,45,0,1,0
99,694,157,0,1,0
100,215,259,0,1,0
101,743,377,1,0,1
102,691,914,1,0,1
103,6,33,0,0,1
104,675,443,1,0,1
105,569,587,1,0,0
106,875,261,0,1,0
107,620,196,0,1,0
108,879,401,0,1,0
109,814,601,0,0,1
110,365,880,1,0,1
111,6,776,0,1,0
112,776,437,0,1,0
113,834,371,0,1,0
114,561,281,0,1,0
115,889,538,0,1,0
116,66,965,1,0,0
117,710,829,0,1,0
118,413,5,1,0,0
119,193,765,1,1,0
120,695,499,1,0,1
121,851,528,0,1,0
122,0,481,1,0,0
123,668,65,1,0,0
124,288,414,0,1,0
125,843,593,1,0,1
126,808,5,0,1,0
127,660,757,0,1,0
128,220,735,1,0,1
129,531,8,0,1,0
130,458,873,0,1,0
131,6,180,1,0,0
132,937,245,0,1,0
133,5,274,0,1,0
134,663,604,0,1,0
135,291,443,0,1,0
136,183,195,0,1,0
137,567,534,1,0,0
138,602,726,1,0,1
139,618,153,1,0,1
140,7,421,0,1,0
141,646,649,1,0,1
142,565,381,0,1,0
143,802,152,0,1,0
144,393,615,0,1,0
145,158,66,0,1,0
146,507,594,1,0,0
147,469,670,1,0,0
148,759,339,0,1,0
149,289,200,0,1,0
150,122,187,1,0,1
151,658,401,0,1,0
152,382,461,1,0,1
153,314,346,0,1,0
154,9,901,1,0,0
155,31,115,0,1,0
156,568,569,1,0,0
157,235,284,0,1,0
158,382,706,1,0,0
159,858,602,0,1,0
160,793,740,0,1,0
161,146,566,0,1,0
162,823,807,0,1,0
163,661,206,0,1,0
164,45,552,0,1,0
165,559,862,0,1,0
166,836,322,0,1,0
167,247,209,0,1,0
168,238,3,0,1,0
169,883,7,1,0,0
170,537,684,1,1,0
171,959,500,0,1,0
172,114,282,1,0,0
173,7,926,1,0,0
174,151,908,0,1,0
175,52,58,1,0,0
176,603,409,0,1,0
177,389,416,0,1,0
178,387,646,0,1,0
179,709,9,0,1,0
180,536,87,0,1,0
181,975,578,0,1,0
182,449,890,0,1,0
183,742,252,1,0,0
184,302,290,1,0,0
185,531,57,1,0,0
186,851,327,1,0,1
187,688,459,0,1,0
188,394,990,0,1,0
189,853,50,1,0,0
190,969,500,0,1,0
191,950,4,0,1,0
192,922,239,0,1,0
193,460,204,0,1,0
194,8,537,0,1,0
195,502,308,0,1,0
196,6,676,1,0,1
197,966,990,1,1,0
198,760,941,0,1,0
199,796,558,0,1,0
200,508,614,1,0,0
201,201,825,1,0,0
202,219,863,0,1,0
203,947,2,0,1,0
204,45,741,1,0,0
205,658,930,0,1,0
206,169,279,1,0,1
207,770,328,0,1,0
208,252,612,0,1,0
209,800,55,1,0,1
210,233,990,1,0,0
211,725,784,0,1,0
212,53,566,0,1,0
213,594,804,0,1,0
214,990,506,1,0,0
215,538,729,1,0,0
216,304,69,0,1,0
217,401,287,0,1,0
218,615,416,0,1,0
219,309,10,1,0,1
220,0,785,0,0,1
221,735,168,0,1,0
222,0,550,0,1,0
223,410,150,0,1,0
224,311,446,0,1,0
225,643,676,0,1,0
226,324,569,1,0,1
227,475,641,1,0,0
228,962,716,0,1,0
229,470,311,1,1,0
230,278,140,0,1,0
231,958,172,1,1,0
232,812,142,1,0,0
233,222,781,0,1,0
234,445,626,0,1,0
235,665,485,0,1,0
236,340,868,0,1,0
237,308,5,0,1,0
238,540,430,1,0,0
239,240,896,0,1,0
240,239,101,0,0,1
241,272,920,0,1,0
242,307,250,0,1,0
243,181,364,1,0,1
244,241,853,0,1,0
245,827,611,1,0,1
246,764,182,1,0,1
247,551,857,0,1,0
248,321,8,0,1,0
249,701,771,0,1,0
250,870,585,0,1,0
251,911,659,1,0,1
252,728,647,0,1,0
253,671,58,1,0,0
254,169,241,1,0,0
255,98,471,0,1,0
256,626,399,1,1,0
257,727,591,0,1,0
258,584,603,1,0,0
259,770,825,1,0,1
260,806,458,0,1,0
261,557,488,0,1,0
262,0,515,0,1,0
263,888,616,0,1,0
264,96,614,0,1,0
265,172,383,0,1,0
266,81,936,1,0,0
267,244,47,0,0,1
268,755,132,0,1,0
269,892,0,1,0,0
270,862,676,1,0,1
271,752,270,1,0,0
272,870,968,1,0,1
273,498,685,1,0,0
274,113,396,1,0,1
275,125,984,0,1,0
276,512,131,0,0,1
277,693,626,1,0,1
278,511,497,1,0,0
279,384,2,1,0,0
280,248,244,0,1,0
281,194,707,0,1,0
282,438,632,1,1,0
283,990,904,1,0,0
284,826,758,0,1,0
285,821,9,0,1,0
286,891,963,1,0,1
287,8,39,0,1,0
288,3,695,0,1,0
289,127,725,0,1,0
290,577,379,0,1,0
291,831,114,1,0,1
292,64,876,1,0,0
293,7,244,0,1,0
294,18,861,1,1,0
295,236,660,0,1,0
296,247,703,0,1,0
297,351,121,0,1,0
298,674,735,0,1,0
299,117,270,1,0,1
300,447,714,1,0,1
301,708,567,1,0,1
302,161,154,0,0,1
303,8,498,0,1,0
304,555,261,0,1,0
305,942,1,0,1,0
306,726,134,0,1,0
307,591,279,1,0,1
308,838,10,1,0,0
309,441,258,1,0,1
310,861,342,0,1,0
311,756,477,0,1,0
312,236,758,0,1,0
313,352,5,1,0,0
314,4,244,0,1,0
315,841,742,0,1,0
316,8,790,0,1,0
317,780,750,0,0,1
318,578,775,0,1,0
319,61,990,1,0,0
320,748,864,0,1,0
321,785,579,1,0,1
322,769,767,0,1,0
323,842,678,1,0,1
324,5,503,0,1,0
325,579,872,0,1,0
326,334,58,0,1,0
327,804,473,0,1,0
328,128,479,0,1,0
329,93,449,0,1,0
330,625,803,0,1,0
331,5,150,0,1,0
332,707,937,0,1,0
333,195,929,0,1,0
334,202,406,0,1,0
335,795,660,0,1,0
336,847,297,0,1,0
337,388,100,0,1,0
338,758,7,0,1,0
339,1,707,1,0,0
340,911,646,0,1,0
341,813,674,0,1,0
342,516,670,1,0,0
343,557,1,0,1,0
344,966,942,1,0,0
345,463,600,1,0,0
346,181,276,1,0,1
347,310,466,0,1,0
348,314,453,0,1,0
349,793,124,0,1,0
350,65,824,1,0,1
351,476,281,1,0,1
352,335,877,0,1,0
353,855,801,0,1,0
354,885,942,0,1,0
355,6,791,1,0,1
356,122,703,0,1,0
357,124,430,0,1,0
358,557,592,1,0,0
359,652,911,0,1,0
360,354,338,0,1,0
361,4,816,0,1,0
362,713,8,0,1,0
363,633,327,1,0,1
364,880,887,0,1,0
365,832,856,0,1,0
366,353,179,0,1,0
367,448,629,0,1,0
368,211,389,0,1,0
369,169,470,1,0,1
370,666,889,0,1,0
371,2,886,1,0,0
372,763,632,1,0,1
373,361,956,0,1,0
374,867,930,0,1,0
375,499,166,0,1,0
376,212,786,0,1,0
377,484,838,0,1,0
378,504,630,1,0,0
379,95,805,1,0,0
380,810,412,0,1,0
381,814,656,1,0,1
382,707,407,0,1,0
383,462,10,1,0,0
384,852,159,1,0,0
385,438,3,1,0,1
386,880,774,0,1,0
387,303,103,1,0,0
388,751,9,0,1,0
389,379,124,1,0,1
390,6,21,0,1,0
391,93,887,1,0,0
392,181,58,0,1,0
393,276,840,0,1,0
394,751,545,0,1,0
395,257,7,1,0,0
396,70,498,0,1,0
397,6,827,0,1,0
398,230,171,0,1,0
399,684,128,1,0,0
400,539,438,1,0,0
401,743,524,0,0,1
402,350,475,0,1,0
403,312,77,0,1,0
404,143,567,0,1,0
405,904,182,1,0,0
406,745,473,0,1,0
407,317,507,0,1,0
408,1,755,1,0,0
409,590,91,0,1,0
410,308,614,1,0,1
411,447,10,1,0,1
412,545,306,0,1,0
413,760,795,0,1,0
414,230,841,0,1,0
415,481,241,1,0,1
416,148,555,0,1,0
417,549,907,0,1,0
418,300,855,0,1,0
419,407,241,0,1,0
420,711,536,0,1,0
421,873,763,0,1,0
422,66,708,1,0,1
423,308,86,1,0,1
424,151,355,0,1,0
425,143,402,0,1,0
426,75,796,0,1,0
427,336,557,1,0,1
428,980,6,1,0,0
429,583,948,0,1,0
430,358,135,0,1,0
431,582,705,0,1,0
432,878,299,0,1,0
433,854,467,1,0,1
434,424,811,1,0,0
435,837,399,0,1,0
436,488,10,1,0,0
437,779,601,0,1,0
438,515,628,1,0,0
439,860,175,1,0,0
440,284,57,0,1,0
441,738,572,1,0,1
442,430,474,1,0,0
443,225,260,0,1,0
444,116,211,0,0,1
445,281,447,0,1,0
446,801,692,0,1,0
447,396,925,0,1,0
448,652,89,1,0,0
449,103,265,1,0,0
450,914,328,0,1,0
451,301,6,0,1,0
452,932,117,1,0,1
453,230,637,1,1,0
454,627,637,0,1,0
455,619,218,0,1,0
456,990,900,1,0,0
457,651,370,0,1,0
458,324,808,0,1,0
459,10,840,1,0,0
460,978,7,1,0,0
461,436,397,1,0,1
462,619,557,1,0,1
463,839,549,1,0,1
464,578,806,0,1,0
465,824,490,0,1,0
466,245,164,1,1,0
467,475,433,1,0,0
468,27,2,1,0,1
469,719,381,0,1,0
470,689,3,0,1,0
471,1,530,0,1,0
472,854,9,1,0,0
473,3,564,1,0,1
474,284,80,0,0,1
475,336,1,1,0,1
476,323,379,0,1,0
477,505,483,1,0,0
478,379,849,1,0,1
479,761,231,1,0,0
480,838,422,0,1,0
481,251,248,1,0,1
482,253,801,1,0,1
483,538,949,0,1,0
484,917,739,0,1,0
485,604,616,0,1,0
486,331,472,0,1,0
487,130,554,0,0,1
488,360,789,1,0,0
489,602,388,1,0,1
490,887,815,1,0,1
491,407,305,0,1,0
492,990,15,1,0,0
493,776,111,0,1,0
494,535,243,0,1,0
495,95,580,0,1,0
496,142,167,0,1,0
497,628,423,0,1,0
498,154,772,1,1,0
499,900,239,1,0,1
500,318,244,1,0,1
501,113,936,1,0,0
502,567,3,0,1,0
503,754,2,0,1,0
504,232,346,0,1,0
505,639,470,1,0,1
506,703,685,1,0,1
507,607,364,0,1,0
508,355,96,0,1,0
509,117,641,0,1,0
510,553,0,1,0,1
511,906,517,0,1,0
512,908,191,1,0,0
513,82,657,1,0,1
514,668,188,0,1,0
515,140,94,0,1,0
516,831,367,0,1,0
517,611,186,0,1,0
518,639,240,0,1,0
519,387,113,0,1,0
520,721,687,0,1,0
521,897,98,0,1,0
522,302,584,1,0,1
523,492,734,1,0,0
524,823,853,0,1,0
525,613,395,1,0,1
526,2,37,0,1,0
527,426,409,1,1,0
528,754,6,0,1,0
529,292,530,1,0,1
530,903,513,1,0,1
531,488,716,1,0,0
532,119,904,0,1,0
533,54,212,0,1,0
534,841,401,0,1,0
535,223,881,0,1,0
536,866,673,0,1,0
537,367,552,0,1,0
538,440,165,0,1,0
539,565,358,1,0,1
540,500,703,0,1,0
541,511,708,0,1,0
542,689,475,0,1,0
543,8,46,0,1,0
544,312,293,1,0,0
545,52,3,1,0,0
546,133,425,0,1,0
547,429,446,0,1,0
548,101,722,1,1,0
549,586,541,0,1,0
550,774,386,0,1,0
551,267,915,0,1,0
552,919,319,1,0,1
553,385,843,1,1,0
554,532,754,1,0,0
555,184,871,0,1,0
556,355,585,0,1,0
557,299,7,0,1,0
558,866,583,1,0,1
559,695,529,0,1,0
560,776,659,0,1,0
561,676,740,0,1,0
562,880,600,0,1,0
563,435,990,0,1,0
564,8,142,1,0,1
565,205,727,1,0,0
566,189,123,0,1,0
567,262,392,0,1,0
568,747,116,0,1,0
569,188,970,0,1,0
570,805,640,1,0,1
571,243,621,1,1,0
572,559,309,0,1,0
573,231,514,1,0,1
574,860,507,0,1,0
575,508,191,0,1,0
576,34,907,1,0,0
577,326,826,1,0,1
578,179,158,0,1,0
579,726,117,0,1,0
580,191,758,0,1,0
581,1,370,1,0,0
582,387,322,0,1,0
583,509,936,0,1,0
584,325,242,1,0,1
585,127,533,0,1,0
586,797,340,0,1,0
587,801,3,0,1,0
588,246,581,0,1,0
589,540,790,0,1,0
590,430,309,0,1,0
591,799,358,1,0,1
592,818,847,0,1,0
593,261,682,0,1,0
594,777,589,0,1,0
595,591,888,1,0,1
596,307,823,0,1,0
597,735,578,0,1,0
598,143,315,0,1,0
599,98,379,0,1,0
600,942,258,0,1,0
601,724,777,0,1,0
602,749,457,0,1,0
603,2,429,0,1,0
604,528,87,0,1,0
605,371,416,0,1,0
606,811,3,1,0,1
607,150,334,0,1,0
608,559,664,1,0,0
609,319,394,0,1,0
610,769,944,0,1,0
611,424,269,0,1,0
612,329,869,0,1,0
613,46,538,0,1,0
614,598,750,1,0,1
615,507,0,0,1,0
616,957,802,1,0,0
617,719,613,0,1,0
618,448,214,0,1,0
619,659,175,0,1,0
620,0,76,0,1,0
621,525,334,0,1,0
622,539,3,0,1,0
623,140,342,0,1,0
624,715,367,1,0,1
625,255,473,0,1,0
626,5,20,0,1,0
627,190,356,0,1,0
628,833,2,1,0,0
629,651,642,0,1,0
630,757,517,0,1,0
631,886,935,0,1,0
632,990,792,1,0,0
633,200,273,0,1,0
634,885,289,0,1,0
635,515,862,0,1,0
636,795,837,0,1,0
637,182,482,0,1,0
638,377,527,1,0,0
639,638,361,1,0,1
640,185,718,0,1,0
641,4,586,0,1,0
642,8,967,0,1,0
643,926,582,0,1,0
644,492,252,0,1,0
645,61,186,0,1,0
646,600,198,0,1,0
647,8,644,0,1,0
648,84,289,0,1,0
649,697,419,0,1,0
650,954,990,0,1,0
651,806,320,0,1,0
652,255,418,0,1,0
653,219,0,1,0,0
654,7,824,0,1,0
655,508,9,0,1,0
656,399,400,0,1,0
657,641,206,0,1,0
658,280,707,0,1,0
659,264,52,1,0,1
660,289,121,1,0,1
661,345,596,1,0,1
662,337,117,1,1,0
663,703,407,0,1,0
664,119,613,0,1,0
665,251,533,0,1,0
666,120,401,0,1,0
667,572,129,0,1,0
668,912,652,0,1,0
669,921,8,1,0,0
670,249,378,0,1,0
671,808,678,0,1,0
672,905,654,0,1,0
673,786,303,1,0,1
674,703,302,0,1,0
675,638,569,1,1,0
676,823,869,0,1,0
677,895,906,0,1,0
678,486,380,1,0,0
679,4,147,0,1,0
680,561,507,1,0,0
681,489,6,1,0,0
682,183,744,1,0,0
683,2,604,0,1,0
684,197,79,0,1,0
685,414,165,1,0,1
686,878,83,0,1,0
687,801,550,1,0,1
688,555,804,0,1,0
689,816,741,1,0,1
690,607,556,0,1,0
691,257,742,0,1,0
692,829,743,0,1,0
693,467,878,0,1,0
694,690,280,1,0,0
695,667,413,0,1,0
696,791,402,1,0,1
697,547,335,0,1,0
698,215,453,1,0,1
699,134,671,0,1,0
700,731,290,1,0,1
701,92,940,1,0,0
702,514,413,0,1,0
703,397,4,1,0,0
704,287,853,0,1,0
705,9,645,0,1,0
706,560,982,1,0,1
707,486,678,0,1,0
708,854,285,0,1,0
709,536,10,0,1,0
710,678,163,0,1,0
711,414,585,1,0,0
712,0,579,0,1,0
713,884,828,0,1,0
714,896,423,0,1,0
715,582,3,0,1,0
716,93,860,0,1,0
717,775,710,1,0,1
718,413,382,1,0,1
719,628,904,0,1,0
720,425,412,0,1,0
721,811,101,1,0,0
722,973,163,0,1,0
723,930,883,0,1,0
724,125,823,0,1,0
725,548,197,0,1,0
726,294,471,0,1,0
727,9,951,1,0,0
728,481,857,0,0,1
729,2,523,0,1,0
730,199,198,0,1,0
731,151,700,0,1,0
732,503,799,1,0,1
733,449,151,1,0,1
734,1,268,0,1,0
735,160,573,0,1,0
736,549,459,1,0,0
737,199,7,1,0,0
738,40,816,0,1,0
739,124,695,0,1,0
740,109,119,0,1,0
741,937,0,0,1,0
742,704,801,0,1,0
743,332,635,0,1,0
744,841,631,0,1,0
745,451,838,1,0,1
746,187,301,1,0,1
747,5,520,1,0,1
748,487,666,1,1,0
749,907,120,1,0,0
750,990,874,1,0,0
751,920,106,0,1,0
752,296,502,1,0,1
753,2,945,1,0,0
754,528,257,0,1,0
755,512,529,1,0,0
756,864,510,0,1,0
757,878,831,0,1,0
758,500,800,0,1,0
759,7,160,1,0,1
760,592,232,0,1,0
761,568,947,0,1,0
762,650,525,0,1,0
763,790,488,0,1,0
764,334,6,0,1,0
765,395,734,1,0,1
766,705,462,0,1,0
767,261,758,1,1,0
768,946,6,0,1,0
769,351,10,1,0,0
770,402,176,1,0,1
771,337,508,0,1,0
772,876,678,0,1,0
773,909,593,0,1,0
774,848,571,0,1,0
775,587,706,0,1,0
776,850,381,1,0,1
777,149,55,0,1,0
778,905,651,0,1,0
779,118,3,1,0,0
780,243,813,0,1,0
781,634,558,0,1,0
782,390,143,0,1,0
783,171,230,1,0,1
784,228,2,1,0,1
785,737,95,1,0,1
786,881,158,1,0,1
787,612,854,0,1,0
788,10,911,1,0,0
789,85,947,1,0,0
790,529,130,0,1,0
791,180,655,0,1,0
792,2,983,1,0,0
793,9,688,0,1,0
794,216,576,0,1,0
795,918,717,1,0,1
796,435,703,1,0,0
797,953,231,0,1,0
798,912,544,0,1,0
799,865,472,0,1,0
800,452,471,1,0,0
801,260,175,0,1,0
802,369,284,0,1,0
803,258,158,0,1,0
804,501,4,0,1,0
805,798,239,1,0,0
806,859,393,0,1,0
807,419,114,1,0,1
808,811,622,0,1,0
809,5,242,0,1,0
810,842,660,0,1,0
811,688,405,0,1,0
812,879,629,0,1,0
813,152,635,1,0,1
814,823,10,0,1,0
815,507,350,0,1,0
816,546,154,0,1,0
817,385,876,0,1,0
818,674,529,1,0,1
819,793,927,0,1,0
820,154,687,0,1,0
821,524,104,0,1,0
822,248,652,0,1,0
823,990,839,0,1,0
824,33,713,1,0,0
825,532,792,0,1,0
826,399,5,1,0,0
827,636,871,0,1,0
828,586,939,0,1,0
829,750,493,0,1,0
830,604,665,0,1,0
831,593,583,1,0,0
832,250,441,0,1,0
833,161,6,0,1,0
834,10,194,1,0,0
835,781,507,0,1,0
836,465,328,1,0,1
837,883,794,0,1,0
838,40,407,1,0,1
839,963,0,1,1,0
840,242,548,0,1,0
841,387,720,1,0,0
842,262,970,0,1,0
843,527,576,1,0,0
844,161,378,1,0,1
845,690,152,0,1,0
846,446,239,0,1,0
847,200,631,0,1,0
848,885,835,0,1,0
849,990,856,0,1,0
850,593,7,0,1,0
851,417,588,0,1,0
852,323,781,1,0,1
853,178,664,0,1,0
854,458,169,0,1,0
855,189,403,0,1,0
856,425,892,0,1,0
857,323,759,1,0,0
858,398,428,0,0,1
859,923,144,0,1,0
860,393,874,0,1,0
861,778,944,0,1,0
862,6,280,0,1,0
863,770,39,1,0,0
864,207,321,0,1,0
865,245,564,1,0,1
866,100,246,0,1,0
867,80,196,0,1,0
868,679,705,0,1,0
869,695,408,0,1,0
870,688,835,1,0,1
871,363,733,0,1,0
872,40,200,0,1,0
873,917,530,0,1,0
874,645,363,0,1,0
875,913,934,0,1,0
876,950,721,0,1,0
877,231,262,0,1,0
878,921,546,0,1,0
879,609,728,1,0,1
880,376,973,0,1,0
881,476,505,1,0,0
882,9,31,1,0,1
883,854,312,0,1,0
884,9,672,0,1,0
885,578,854,0,1,0
886,501,144,0,1,0
887,366,737,0,1,0
888,591,211,0,1,0
889,174,10,1,0,1
890,599,674,0,1,0
891,473,274,0,1,0
892,954,679,1,0,1
893,5,851,1,0,0
894,516,990,0,1,0
895,93,4,1,0,0
896,876,278,0,1,0
897,768,207,1,0,0
898,314,194,0,1,0
899,82,970,1,0,0
900,434,366,1,0,1
901,587,6,0,1,0
902,269,755,1,0,1
903,636,668,0,1,0
904,953,712,0,1,0
905,649,490,0,1,0
906,4,112,1,0,0
907,272,778,1,0,1
908,203,576,0,1,0
909,85,972,1,0,0
910,990,389,1,0,1
911,194,283,0,1,0
912,600,661,0,1,0
913,606,711,0,1,0
914,556,232,0,1,0
915,622,378,0,1,0
916,757,976,0,1,0
917,396,862,1,0,1
918,7,403,1,0,0
919,575,405,0,1,0
920,566,701,0,1,0
921,280,838,1,0,1
922,627,772,0,1,0
923,660,481,1,0,1
924,552,137,0,1,0
925,445,832,0,1,0
926,976,661,0,1,0
927,217,10,1,0,0
928,688,515,0,1,0
929,818,495,1,0,1
930,418,10,1,0,0
931,911,630,0,1,0
932,174,66,0,1,0
933,493,560,1,0,0
934,929,956,0,1,0
935,151,101,1,0,1
936,778,1,0,1,0
937,663,301,1,1,0
938,437,463,1,0,0
939,385,510,1,0,0
940,372,926,0,1,0
941,124,300,0,1,0
942,707,190,1,0,1
943,731,167,0,1,0
944,925,11,1,0,0
945,174,395,1,0,1
946,503,898,0,1,0
947,634,842,0,1,0
948,0,908,1,0,0
949,957,487,0,1,0
950,397,586,1,0,1
951,234,605,0,1,0
952,428,7,0,1,0
953,516,672,1,1,0
954,624,532,0,1,0
955,180,8,0,1,0
956,342,178,0,1,0
957,399,244,1,1,0
958,405,286,0,1,0
959,786,665,0,1,0
960,588,970,0,1,0
961,226,620,0,1,0
962,731,990,1,0,1
963,254,340,0,1,0
964,61,6,1,0,0
965,363,128,0,1,0
966,516,256,1,0,1
967,2,793,0,1,0
968,266,302,0,0,1
969,74,27,0,1,0
970,8,673,0,1,0
971,497,612,1,0,0
972,530,140,0,1,0
973,778,780,0,1,0
974,1,719,1,0,0
975,344,423,0,1,0
976,825,661,1,0,1
977,296,621,0,1,0
978,480,163,0,1,0
979,251,766,0,1,0
980,720,416,0,1,0
981,631,880,0,1,0
982,457,223,0,1,0
983,427,492,1,0,0
984,212,452,0,1,0
985,451,322,0,1,0
986,589,977,0,1,0
987,721,7,1,0,1
988,541,290,0,1,0
989,99,655,0,1,0
990,83,576,1,0,1
991,695,123,0,1,0
992,234,65,0,1,0
993,6,24,0,1,0
994,165,163,0,1,0
995,726,883,0,1,0
996,636,616,0,1,0
997,72,100,1,0,1
998,708,608,0,1,0
999,681,549,0,1,0
