Index,x,y,alive,infected,immune
0,791,309,0,1,0
1,5,697,1,0,1
2,957,199,0,0,1
3,538,897,1,0,1
4,958,786,0,1,0
5,402,109,0,1,0
6,498,102,0,1,0
7,6,559,0,1,0
8,332,794,1,0,1
9,860,583,0,1,0
10,436,166,0,1,0
11,608,107,0,1,0
12,515,7,0,1,0
13,45,311,0,1,0
14,876,225,0,1,0
15,96,767,0,1,0
16,488,338,1,0,1
17,782,730,0,1,0
18,969,153,0,1,0
19,640,824,0,1,0
20,950,547,0,1,0
21,326,305,0,1,0
22,428,807,0,1,0
23,250,163,1,0,1
24,208,388,0,1,0
25,3,153,0,1,0
26,795,9,0,1,0
27,729,404,0,1,0
28,107,135,0,1,0
29,500,888,0,1,0
30,670,677,0,1,0
31,561,3,0,1,0
32,762,862,1,0,1
33,954,286,1,0,1
34,269,849,0,1,0
35,281,7,0,1,0
36,629,3,1,0,1
37,951,689,0,1,0
38,8,585,0,1,0
39,365,748,0,1,0
40,218,41,0,1,0
41,641,557,1,0,1
42,513,175,1,0,1
43,146,425,0,1,0
44,464,269,0,1,0
45,232,140,0,1,0
46,543,916,1,0,1
47,745,564,0,1,0
48,750,341,0,1,0
49,478,172,0,1,0
50,533,930,0,1,0
51,848,709,0,1,0
52,131,382,0,1,0
53,161,345,0,1,0
54,311,794,0,1,0
55,569,274,0,0,1
56,723,185,0,1,0
57,539,271,0,1,0
58,158,374,0,1,0
59,990,407,0,1,0
60,184,658,0,1,0
61,594,2,0,1,0
62,427,954,0,1,0
63,123,429,0,1,0
64,9,962,0,1,0
65,2,349,1,0,1
66,26,826,0,1,0
67,796,800,0,1,0
68,664,778,0,1,0
69,688,923,0,1,0
70,611,796,0,1,0
71,747,10,0,1,0
72,520,771,0,1,0
73,582,757,0,1,0
74,335,8,0,1,0
75,990,163,1,0,1
76,137,350,0,1,0
77,443,254,1,0,1
78,343,764,1,0,1
79,963,81,0,1,0
80,134,493,0,1,0
81,746,860,0,1,0
82,136,122,0,1,0
83,283,938,0,1,0
84,381,566,0,1,0
85,200,300,0,1,0
86,395,649,1,0,1
87,840,575,0,1,0
88,600,113,0,1,0
89,612,985,0,1,0
90,240,179,0,1,0
91,197,509,0,1,0
92,281,540,0,1,0
93,531,941,0,1,0
94,631,355,0,1,0
95,218,910,0,1,0
96,779,859,0,1,0
97,509,573,0,1,0
98,111,41,0,1,0
99,705,197,0,1,0
100,242,252,0,1,0
101,746,429,1,0,1
102,687,918,1,0,1
103,2,33,0,0,1
104,655,439,1,0,1
105,570,593,1,1,0
106,864,272,0,1,0
107,642,186,0,1,0
108,894,358,0,1,0
109,815,559,0,0,1
110,370,888,1,0,1
111,8,776,0,1,0
112,796,446,0,1,0
113,859,326,0,1,0
114,545,260,0,1,0
115,894,565,0,1,0
116,46,901,1,0,0
117,695,827,0,1,0
118,413,2,1,0,0
119,192,720,0,1,0
120,688,489,1,0,1
121,861,520,0,1,0
122,4,481,1,0,0
123,635,45,1,0,0
124,251,417,0,1,0
125,846,569,1,0,1
126,808,8,0,1,0
127,666,760,0,1,0
128,217,765,1,0,1
129,531,0,0,1,0
130,475,908,0,1,0
131,5,180,1,0,0
132,907,260,0,1,0
133,3,274,0,1,0
134,649,611,0,1,0
135,310,462,0,1,0
136,192,159,0,1,0
137,545,533,1,1,0
138,610,733,1,0,1
139,600,172,1,0,1
140,3,421,0,1,0
141,591,617,1,0,1
142,548,386,0,1,0
143,780,180,0,1,0
144,424,619,0,1,0
145,174,74,0,1,0
146,488,595,1,0,0
147,450,709,0,1,0
148,759,335,0,1,0
149,278,192,0,1,0
150,155,196,1,0,1
151,685,355,0,1,0
152,385,454,1,0,1
153,331,341,0,1,0
154,9,901,1,0,0
155,70,137,0,1,0
156,543,563,1,0,0
157,189,277,0,1,0
158,436,720,0,1,0
159,837,636,0,1,0
160,811,720,0,1,0
161,141,576,0,1,0
162,830,811,0,1,0
163,690,210,0,1,0
164,94,561,0,1,0
165,552,883,0,1,0
166,832,305,0,1,0
167,248,200,0,1,0
168,238,4,0,1,0
169,883,0,1,0,0
170,550,657,1,0,1
171,963,518,0,1,0
172,136,352,0,1,0
173,3,926,1,0,0
174,199,846,0,1,0
175,97,39,1,0,0
176,590,420,0,1,0
177,386,418,0,1,0
178,396,665,0,1,0
179,709,6,0,1,0
180,531,130,0,1,0
181,947,620,0,1,0
182,448,872,0,1,0
183,722,257,1,0,0
184,366,294,1,1,0
185,538,55,1,0,0
186,854,294,1,0,1
187,715,427,0,1,0
188,394,990,0,1,0
189,844,40,1,0,0
190,944,529,0,1,0
191,950,1,0,1,0
192,904,238,0,1,0
193,455,212,0,1,0
194,0,537,0,1,0
195,551,261,0,1,0
196,6,676,1,0,1
197,966,990,0,1,0
198,737,958,0,1,0
199,816,554,0,1,0
200,547,602,1,0,0
201,208,863,0,1,0
202,194,840,0,1,0
203,947,0,0,1,0
204,23,733,1,0,0
205,679,874,0,1,0
206,183,284,1,0,1
207,787,359,0,1,0
208,289,598,0,1,0
209,785,37,1,0,1
210,233,990,1,0,0
211,728,795,0,1,0
212,36,587,0,1,0
213,593,843,0,1,0
214,990,506,1,0,0
215,507,727,1,0,0
216,338,95,0,1,0
217,464,285,0,1,0
218,675,415,0,1,0
219,309,10,1,0,1
220,0,785,0,0,1
221,749,179,0,1,0
222,1,550,0,1,0
223,438,110,0,1,0
224,303,448,0,1,0
225,653,687,0,1,0
226,337,561,1,0,1
227,489,634,1,0,0
228,960,724,0,1,0
229,456,308,1,0,1
230,310,129,0,1,0
231,4,120,1,0,1
232,801,153,0,1,0
233,202,749,0,1,0
234,424,634,0,1,0
235,676,489,0,1,0
236,370,846,0,1,0
237,308,9,0,1,0
238,516,406,1,1,0
239,243,891,0,1,0
240,194,122,0,0,1
241,278,930,0,1,0
242,279,232,0,1,0
243,191,353,1,0,1
244,251,822,0,1,0
245,821,607,1,0,1
246,764,211,1,0,1
247,539,833,0,1,0
248,321,7,0,1,0
249,689,795,0,1,0
250,869,589,0,1,0
251,927,674,1,0,1
252,701,635,0,1,0
253,665,91,1,0,0
254,148,234,1,0,0
255,123,457,0,1,0
256,669,407,0,0,1
257,726,603,0,1,0
258,584,595,0,1,0
259,788,825,1,0,1
260,829,419,0,1,0
261,574,509,0,1,0
262,4,515,0,1,0
263,869,603,0,1,0
264,65,621,0,1,0
265,192,378,0,1,0
266,33,915,1,0,0
267,250,14,0,0,1
268,751,115,0,1,0
269,892,7,1,0,0
270,822,701,1,0,1
271,741,311,1,0,0
272,884,949,1,0,1
273,482,668,0,1,0
274,118,336,1,0,1
275,112,8,0,1,0
276,517,161,0,0,1
277,704,642,1,0,1
278,511,512,1,0,0
279,384,5,1,0,0
280,228,216,0,1,0
281,200,700,0,1,0
282,518,633,1,0,1
283,990,904,1,0,0
284,876,781,0,1,0
285,821,0,0,1,0
286,841,974,1,0,1
287,2,39,0,1,0
288,1,695,0,1,0
289,169,709,0,1,0
290,573,360,0,1,0
291,861,120,1,0,1
292,21,869,1,0,0
293,3,244,0,1,0
294,38,886,1,0,1
295,231,643,0,1,0
296,256,712,0,1,0
297,316,119,0,1,0
298,676,751,0,1,0
299,62,252,1,0,1
300,447,735,1,0,1
301,718,584,1,0,1
302,175,149,0,0,1
303,5,498,0,1,0
304,537,246,0,1,0
305,942,2,0,1,0
306,739,104,0,1,0
307,560,295,1,0,1
308,838,10,1,0,0
309,466,253,1,0,1
310,839,327,0,1,0
311,779,521,0,1,0
312,213,779,0,1,0
313,352,3,1,0,0
314,9,244,0,1,0
315,910,745,0,1,0
316,6,790,0,1,0
317,793,750,0,0,1
318,576,799,0,1,0
319,61,990,1,0,0
320,749,859,0,1,0
321,765,570,1,0,1
322,792,826,0,1,0
323,818,640,1,0,1
324,8,503,0,1,0
325,573,830,0,1,0
326,282,61,0,1,0
327,806,491,0,1,0
328,134,494,0,1,0
329,93,438,0,1,0
330,609,801,0,1,0
331,0,150,0,1,0
332,731,943,0,1,0
333,208,847,0,1,0
334,218,394,0,1,0
335,762,659,0,1,0
336,848,336,0,1,0
337,411,148,0,1,0
338,758,4,0,1,0
339,5,707,1,0,0
340,907,673,0,1,0
341,831,631,0,1,0
342,543,653,0,1,0
343,557,2,0,1,0
344,950,944,1,0,0
345,492,568,1,0,0
346,181,220,1,0,1
347,299,464,0,1,0
348,243,489,0,1,0
349,799,85,0,1,0
350,96,823,1,0,1
351,478,264,1,0,1
352,362,916,0,1,0
353,849,777,0,1,0
354,859,923,0,1,0
355,9,791,1,0,1
356,140,680,0,1,0
357,100,410,0,1,0
358,573,578,1,1,0
359,672,883,0,1,0
360,383,319,0,1,0
361,4,816,0,1,0
362,713,8,0,1,0
363,602,358,1,0,1
364,848,869,0,1,0
365,822,840,0,1,0
366,361,173,0,1,0
367,440,623,0,1,0
368,248,389,0,1,0
369,182,479,1,0,1
370,669,875,0,1,0
371,9,886,1,0,0
372,762,631,1,0,1
373,367,9,0,1,0
374,885,888,0,1,0
375,523,149,0,1,0
376,202,821,0,1,0
377,517,880,0,1,0
378,530,647,1,0,0
379,115,857,0,1,0
380,840,440,0,1,0
381,843,646,1,0,1
382,719,464,0,1,0
383,462,10,1,0,0
384,828,162,1,0,0
385,438,7,1,0,1
386,868,795,0,1,0
387,318,122,1,1,0
388,751,6,0,1,0
389,401,85,1,0,1
390,1,21,0,1,0
391,46,884,1,0,0
392,173,51,0,1,0
393,296,818,0,1,0
394,765,558,0,1,0
395,257,4,1,0,0
396,71,467,0,1,0
397,0,827,0,1,0
398,245,213,0,1,0
399,710,132,1,0,0
400,562,446,1,0,0
401,740,495,0,0,1
402,347,487,0,1,0
403,312,60,0,1,0
404,116,564,0,1,0
405,917,119,1,1,0
406,695,435,0,1,0
407,293,489,0,1,0
408,5,755,1,0,0
409,554,99,0,1,0
410,317,656,1,0,1
411,447,10,1,0,1
412,538,293,0,1,0
413,748,781,0,1,0
414,222,838,0,1,0
415,489,203,1,0,1
416,181,516,0,1,0
417,583,925,0,1,0
418,290,856,0,1,0
419,406,240,0,1,0
420,732,490,0,1,0
421,880,764,0,1,0
422,29,697,1,0,1
423,287,64,1,0,1
424,185,407,0,1,0
425,138,378,0,1,0
426,60,759,0,1,0
427,316,523,1,0,1
428,980,7,1,0,0
429,585,990,0,1,0
430,350,192,0,1,0
431,588,705,0,1,0
432,882,272,0,1,0
433,818,474,1,0,1
434,418,820,0,1,0
435,843,391,0,1,0
436,488,10,1,0,0
437,787,632,0,1,0
438,497,660,1,0,0
439,872,182,1,0,0
440,281,6,0,1,0
441,735,581,1,0,1
442,435,457,1,0,0
443,259,276,0,1,0
444,108,221,0,0,1
445,286,454,0,1,0
446,790,627,0,1,0
447,409,912,0,1,0
448,647,102,1,0,0
449,87,294,1,0,0
450,910,290,0,1,0
451,301,4,0,1,0
452,960,139,1,0,1
453,235,671,1,0,1
454,643,610,0,1,0
455,621,207,0,1,0
456,990,900,1,0,0
457,646,377,0,1,0
458,335,832,0,1,0
459,10,840,1,0,0
460,978,3,1,0,0
461,462,372,1,0,1
462,622,578,1,0,1
463,837,573,1,0,1
464,579,841,0,1,0
465,838,499,0,1,0
466,229,201,1,0,1
467,460,448,1,0,0
468,27,6,1,0,1
469,745,369,0,1,0
470,689,1,0,1,0
471,7,530,0,1,0
472,854,4,1,0,0
473,5,564,1,0,1
474,291,72,0,0,1
475,336,3,1,0,1
476,316,327,0,1,0
477,550,526,1,1,0
478,417,862,1,0,1
479,749,237,1,0,0
480,825,451,0,1,0
481,240,243,1,0,1
482,251,819,1,0,1
483,530,945,0,1,0
484,870,742,0,1,0
485,632,601,0,1,0
486,324,457,0,1,0
487,99,530,0,0,1
488,353,836,1,1,0
489,591,396,1,0,1
490,878,821,1,0,1
491,428,336,0,1,0
492,990,15,1,0,0
493,739,107,0,1,0
494,553,224,0,1,0
495,73,581,0,1,0
496,131,185,0,1,0
497,639,449,0,1,0
498,182,819,1,0,1
499,946,202,1,0,1
500,342,217,1,0,1
501,103,925,1,0,0
502,567,3,0,1,0
503,754,1,0,1,0
504,210,302,0,1,0
505,620,458,1,0,1
506,698,685,1,0,1
507,621,401,0,1,0
508,347,140,0,1,0
509,134,644,0,1,0
510,553,8,1,0,1
511,931,520,0,1,0
512,889,206,1,0,0
513,42,665,1,0,1
514,649,197,0,1,0
515,142,95,0,1,0
516,844,380,0,1,0
517,588,168,0,1,0
518,686,226,0,1,0
519,379,116,0,1,0
520,736,701,0,1,0
521,899,84,0,1,0
522,268,553,1,0,1
523,466,756,1,1,0
524,811,857,0,1,0
525,604,415,1,0,1
526,3,37,0,1,0
527,452,396,1,0,1
528,754,8,0,1,0
529,297,532,1,0,1
530,935,487,1,0,1
531,479,743,1,0,0
532,141,908,0,1,0
533,60,234,0,1,0
534,846,366,0,1,0
535,262,880,0,1,0
536,870,673,0,1,0
537,373,544,0,1,0
538,445,122,0,1,0
539,606,381,1,0,1
540,460,682,0,1,0
541,483,700,0,1,0
542,669,464,0,1,0
543,3,46,0,1,0
544,305,289,1,0,0
545,52,4,0,1,0
546,115,419,0,1,0
547,434,404,0,1,0
548,84,816,0,0,1
549,638,597,0,1,0
550,770,344,0,1,0
551,236,922,0,1,0
552,929,259,1,0,1
553,372,791,1,0,1
554,510,750,1,1,0
555,213,852,0,1,0
556,338,610,0,1,0
557,299,9,0,1,0
558,863,549,1,0,1
559,675,524,0,1,0
560,762,645,0,1,0
561,706,725,0,1,0
562,827,596,0,1,0
563,435,990,0,1,0
564,9,142,1,0,1
565,200,725,0,1,0
566,175,87,0,1,0
567,232,343,0,1,0
568,749,129,0,1,0
569,210,9,0,1,0
570,770,646,1,0,1
571,250,615,0,1,0
572,615,337,0,1,0
573,198,498,1,0,1
574,884,529,0,1,0
575,530,194,0,1,0
576,44,876,1,0,0
577,328,809,1,0,1
578,180,145,0,1,0
579,747,139,0,1,0
580,201,764,0,1,0
581,4,370,1,0,0
582,353,318,0,1,0
583,514,955,0,1,0
584,328,220,1,0,1
585,145,524,0,1,0
586,785,333,0,1,0
587,801,2,0,1,0
588,276,589,0,1,0
589,556,774,0,1,0
590,435,333,0,1,0
591,802,396,1,0,1
592,805,833,0,1,0
593,273,710,0,1,0
594,773,596,0,1,0
595,583,888,1,0,1
596,337,840,0,1,0
597,748,585,0,1,0
598,140,337,0,1,0
599,101,363,0,1,0
600,917,260,0,1,0
601,725,800,0,1,0
602,719,458,0,1,0
603,6,429,0,1,0
604,499,94,0,1,0
605,375,374,0,1,0
606,811,1,1,0,1
607,134,293,0,1,0
608,528,618,1,0,0
609,379,412,0,1,0
610,771,938,0,1,0
611,456,241,0,1,0
612,317,855,0,1,0
613,39,514,0,1,0
614,591,753,1,0,1
615,507,9,0,1,0
616,919,810,1,0,0
617,722,584,0,1,0
618,420,267,0,1,0
619,672,217,0,1,0
620,4,76,0,1,0
621,530,302,0,1,0
622,539,8,0,1,0
623,150,367,0,1,0
624,681,361,1,0,1
625,254,505,0,1,0
626,0,20,0,1,0
627,129,339,0,1,0
628,833,7,1,0,0
629,651,647,0,1,0
630,742,466,0,1,0
631,888,910,0,1,0
632,990,792,1,0,0
633,164,259,0,1,0
634,857,250,0,1,0
635,560,882,0,1,0
636,765,805,0,1,0
637,198,445,0,1,0
638,346,561,1,0,0
639,642,341,1,0,1
640,173,766,0,1,0
641,9,586,0,1,0
642,8,967,0,1,0
643,943,595,0,1,0
644,535,270,0,1,0
645,52,203,0,1,0
646,619,200,0,1,0
647,2,644,0,1,0
648,104,254,0,1,0
649,703,392,0,1,0
650,954,990,0,1,0
651,757,339,0,1,0
652,276,431,0,1,0
653,219,8,0,1,0
654,8,824,0,1,0
655,508,9,0,1,0
656,388,389,0,1,0
657,672,222,0,1,0
658,302,735,0,1,0
659,277,49,1,0,1
660,297,96,1,0,1
661,332,616,1,0,1
662,352,159,1,0,1
663,682,391,0,1,0
664,140,599,0,1,0
665,231,543,0,1,0
666,136,408,0,1,0
667,585,104,0,1,0
668,941,659,0,1,0
669,921,0,1,0,0
670,271,368,0,1,0
671,784,665,0,1,0
672,920,667,0,1,0
673,732,294,1,0,1
674,734,303,0,1,0
675,682,582,0,1,0
676,804,899,0,1,0
677,890,886,0,1,0
678,497,387,1,0,0
679,2,147,0,1,0
680,558,482,0,1,0
681,489,3,1,0,0
682,136,733,0,1,0
683,7,604,0,1,0
684,206,40,0,1,0
685,392,233,1,0,1
686,843,108,0,1,0
687,802,561,1,0,1
688,560,785,0,1,0
689,783,741,1,0,1
690,593,574,0,1,0
691,222,717,0,1,0
692,770,758,0,1,0
693,424,856,0,1,0
694,674,315,1,0,0
695,667,415,0,1,0
696,828,425,1,0,1
697,566,312,0,1,0
698,182,441,1,0,1
699,105,684,0,1,0
700,764,302,1,0,1
701,83,944,1,0,0
702,534,408,0,1,0
703,397,0,1,0,0
704,292,849,0,1,0
705,7,645,0,1,0
706,550,9,1,0,1
707,500,718,0,1,0
708,860,286,0,1,0
709,536,10,0,1,0
710,670,166,0,1,0
711,376,585,0,1,0
712,8,579,0,1,0
713,872,817,0,1,0
714,881,432,0,1,0
715,582,4,0,1,0
716,102,865,0,1,0
717,772,727,1,0,1
718,407,368,1,0,1
719,642,894,0,1,0
720,423,402,0,1,0
721,856,85,0,1,0
722,983,136,0,1,0
723,912,891,0,1,0
724,117,861,0,1,0
725,585,171,0,1,0
726,319,500,0,1,0
727,3,951,1,0,0
728,493,866,0,0,1
729,3,523,0,1,0
730,227,252,0,1,0
731,142,709,0,1,0
732,526,788,1,0,1
733,442,157,1,0,1
734,9,268,0,1,0
735,163,573,0,1,0
736,562,496,0,1,0
737,199,5,1,0,0
738,50,833,0,1,0
739,145,687,0,1,0
740,100,100,0,1,0
741,937,8,0,1,0
742,702,801,0,1,0
743,363,640,0,1,0
744,827,604,0,1,0
745,452,858,1,0,1
746,156,284,1,0,1
747,7,520,1,0,1
748,496,660,0,1,0
749,951,112,0,1,0
750,990,874,1,0,0
751,909,101,0,1,0
752,291,520,1,0,1
753,5,945,1,0,0
754,494,239,0,1,0
755,548,552,0,1,0
756,814,499,0,1,0
757,830,799,0,1,0
758,505,793,0,1,0
759,1,160,1,0,1
760,541,169,0,1,0
761,557,968,0,1,0
762,599,512,0,1,0
763,799,500,0,1,0
764,334,2,0,1,0
765,384,728,1,0,1
766,745,449,0,1,0
767,236,738,1,0,1
768,946,5,0,1,0
769,351,10,1,0,0
770,436,187,1,0,1
771,308,445,0,1,0
772,845,658,0,1,0
773,906,631,0,1,0
774,851,558,0,1,0
775,573,677,0,1,0
776,814,388,1,0,1
777,117,64,0,1,0
778,872,667,0,1,0
779,118,6,0,1,0
780,261,802,0,1,0
781,658,558,0,1,0
782,368,164,0,1,0
783,153,231,1,0,1
784,228,1,1,0,1
785,725,132,1,0,1
786,808,153,1,0,1
787,640,873,0,1,0
788,10,911,1,0,0
789,114,896,1,0,0
790,525,107,0,1,0
791,191,636,0,1,0
792,9,983,1,0,0
793,3,688,0,1,0
794,227,596,0,1,0
795,909,704,1,0,1
796,408,729,1,1,0
797,981,199,0,1,0
798,955,502,0,1,0
799,885,484,0,1,0
800,491,441,1,0,0
801,242,163,0,1,0
802,371,286,0,1,0
803,275,131,0,1,0
804,501,9,0,1,0
805,803,268,1,0,0
806,877,415,0,1,0
807,406,119,1,0,1
808,859,603,0,1,0
809,2,242,0,1,0
810,851,633,0,1,0
811,650,452,0,1,0
812,904,660,0,1,0
813,129,640,1,0,1
814,823,10,0,1,0
815,524,379,0,1,0
816,535,154,0,1,0
817,371,882,0,1,0
818,724,491,1,0,1
819,781,929,0,1,0
820,182,716,0,1,0
821,511,79,0,1,0
822,248,661,0,1,0
823,990,839,0,1,0
824,26,649,1,0,0
825,524,796,0,1,0
826,399,6,1,0,0
827,693,907,0,1,0
828,616,917,0,1,0
829,773,468,0,1,0
830,608,660,0,1,0
831,604,595,0,1,0
832,228,432,0,1,0
833,161,6,0,1,0
834,10,194,1,1,0
835,795,555,0,1,0
836,444,333,1,0,1
837,877,782,0,1,0
838,7,381,1,0,1
839,963,3,0,1,0
840,241,560,0,1,0
841,423,678,0,1,0
842,286,9,0,1,0
843,551,588,1,0,0
844,129,387,1,0,1
845,671,145,0,1,0
846,435,259,0,1,0
847,235,615,0,1,0
848,862,808,0,1,0
849,990,856,0,1,0
850,593,6,0,1,0
851,403,591,0,1,0
852,329,789,1,0,1
853,202,638,0,1,0
854,448,231,0,1,0
855,198,396,0,1,0
856,429,900,0,1,0
857,295,739,1,0,0
858,410,429,0,0,1
859,903,163,0,1,0
860,400,872,0,1,0
861,773,939,0,1,0
862,6,280,0,1,0
863,764,39,1,0,0
864,212,397,0,1,0
865,231,549,1,0,1
866,104,245,0,1,0
867,34,202,0,1,0
868,653,743,0,1,0
869,684,434,0,1,0
870,662,804,1,0,1
871,352,696,0,1,0
872,0,208,0,1,0
873,872,515,0,1,0
874,634,369,0,1,0
875,914,942,0,1,0
876,954,691,0,1,0
877,233,276,0,1,0
878,911,528,0,1,0
879,632,719,1,0,1
880,328,948,0,1,0
881,484,536,1,0,0
882,6,31,1,0,1
883,851,296,0,1,0
884,5,672,0,1,0
885,548,829,0,1,0
886,505,114,0,1,0
887,359,720,0,1,0
888,590,222,0,1,0
889,174,10,1,0,1
890,614,671,0,1,0
891,448,302,0,1,0
892,969,675,1,0,1
893,7,851,1,0,0
894,516,990,0,1,0
895,93,3,1,0,0
896,887,263,0,1,0
897,780,225,1,0,0
898,314,222,0,1,0
899,76,962,1,0,0
900,429,405,1,0,1
901,587,1,0,1,0
902,275,745,1,0,1
903,646,709,0,1,0
904,971,712,0,1,0
905,620,534,0,1,0
906,2,112,1,0,0
907,260,758,1,0,1
908,231,560,0,1,0
909,72,990,1,0,0
910,990,389,1,0,1
911,202,266,0,1,0
912,602,693,0,1,0
913,583,747,0,1,0
914,567,240,0,1,0
915,608,345,0,1,0
916,759,8,0,1,0
917,364,885,1,0,1
918,1,403,1,0,0
919,561,426,0,1,0
920,588,714,0,1,0
921,311,814,1,0,1
922,623,765,0,1,0
923,647,477,1,0,1
924,506,146,0,1,0
925,436,856,0,1,0
926,3,660,0,1,0
927,217,10,0,1,0
928,726,517,0,1,0
929,833,510,1,0,1
930,418,10,1,0,0
931,906,616,0,1,0
932,173,56,0,1,0
933,516,584,1,1,0
934,941,928,0,1,0
935,186,128,1,0,1
936,778,0,0,1,0
937,642,265,0,1,0
938,432,470,1,0,0
939,363,526,0,1,0
940,363,974,0,1,0
941,133,293,0,1,0
942,717,172,1,0,1
943,750,203,0,1,0
944,983,38,0,1,0
945,213,409,1,0,1
946,525,889,0,1,0
947,654,843,0,1,0
948,8,908,1,0,0
949,4,458,0,1,0
950,380,595,1,0,1
951,217,649,0,1,0
952,428,4,0,1,0
953,514,701,1,0,1
954,587,543,0,1,0
955,180,0,0,1,0
956,334,170,0,1,0
957,372,236,1,0,1
958,423,233,0,1,0
959,792,675,0,1,0
960,605,928,0,1,0
961,189,614,0,1,0
962,731,990,1,0,1
963,250,349,0,1,0
964,61,4,1,1,0
965,382,126,0,1,0
966,505,266,1,0,1
967,8,793,0,1,0
968,298,292,0,0,1
969,63,10,0,1,0
970,4,673,0,1,0
971,510,645,1,0,0
972,545,168,0,1,0
973,801,779,0,1,0
974,8,719,1,0,0
975,372,427,0,1,0
976,839,718,1,0,1
977,317,607,0,1,0
978,451,185,0,1,0
979,258,788,0,1,0
980,706,398,0,1,0
981,595,886,0,1,0
982,467,247,0,1,0
983,431,481,1,0,0
984,193,450,0,1,0
985,417,327,0,1,0
986,590,3,0,1,0
987,721,8,1,0,1
988,526,271,0,1,0
989,89,644,0,1,0
990,98,590,1,0,1
991,722,136,0,1,0
992,257,54,0,1,0
993,1,24,0,1,0
994,133,154,0,1,0
995,716,877,0,1,0
996,680,634,0,1,0
997,28,76,1,0,1
998,689,642,0,1,0
999,701,543,0,1,0
