Index,x,y,alive,infected,immune
0,778,324,0,1,0
1,6,697,1,0,1
2,957,154,0,0,1
3,566,905,1,0,1
4,990,815,0,1,0
5,379,130,0,1,0
6,499,84,0,1,0
7,6,559,0,1,0
8,355,786,1,0,1
9,842,602,0,1,0
10,418,122,0,1,0
11,606,116,0,1,0
12,515,6,0,1,0
13,50,357,0,1,0
14,851,224,0,1,0
15,84,788,0,1,0
16,490,360,1,0,1
17,799,683,0,1,0
18,957,148,0,1,0
19,681,800,0,1,0
20,954,560,0,1,0
21,308,312,0,1,0
22,392,809,0,1,0
23,253,164,1,0,1
24,202,420,0,1,0
25,1,153,0,1,0
26,795,0,0,1,0
27,676,392,0,1,0
28,97,115,0,1,0
29,512,901,0,1,0
30,705,644,0,1,0
31,561,5,0,1,0
32,720,865,1,0,1
33,5,275,1,0,1
34,250,849,0,1,0
35,281,1,0,1,0
36,629,3,1,0,1
37,940,674,0,1,0
38,6,585,0,1,0
39,369,758,0,1,0
40,217,3,0,1,0
41,610,545,1,0,1
42,523,213,1,0,1
43,145,433,0,1,0
44,504,260,0,1,0
45,206,130,0,1,0
46,536,933,1,0,1
47,780,528,0,1,0
48,707,315,0,1,0
49,494,156,0,1,0
50,517,913,0,1,0
51,854,687,0,1,0
52,128,383,0,1,0
53,199,329,0,1,0
54,271,757,0,1,0
55,565,285,0,0,1
56,693,174,0,1,0
57,526,300,0,1,0
58,182,341,0,1,0
59,990,407,0,1,0
60,182,663,0,1,0
61,594,4,0,1,0
62,456,932,0,1,0
63,149,420,0,1,0
64,5,962,0,1,0
65,5,349,1,0,1
66,15,833,0,1,0
67,793,808,0,1,0
68,628,791,0,1,0
69,678,911,0,1,0
70,580,832,0,1,0
71,747,10,0,1,0
72,527,772,0,1,0
73,568,766,0,1,0
74,335,3,0,1,0
75,990,163,1,0,1
76,85,310,0,1,0
77,408,248,1,0,1
78,321,759,1,0,1
79,954,49,0,1,0
80,118,541,0,1,0
81,741,821,0,1,0
82,104,98,0,1,0
83,267,931,0,1,0
84,348,551,0,1,0
85,206,282,0,1,0
86,363,643,1,0,1
87,894,553,0,1,0
88,624,88,0,1,0
89,613,4,0,1,0
90,239,150,0,1,0
91,182,500,0,1,0
92,268,554,0,1,0
93,487,950,0,1,0
94,618,330,0,1,0
95,218,885,0,1,0
96,770,861,0,1,0
97,505,547,0,1,0
98,122,69,0,1,0
99,719,192,0,1,0
100,261,258,0,1,0
101,765,449,1,0,1
102,659,932,1,0,1
103,5,33,0,0,1
104,635,428,1,0,1
105,589,570,1,0,1
106,870,240,0,1,0
107,616,211,0,1,0
108,864,325,0,1,0
109,822,578,0,0,1
110,373,868,1,0,1
111,3,776,0,1,0
112,818,406,0,1,0
113,848,289,0,1,0
114,576,259,0,1,0
115,887,554,0,1,0
116,51,905,1,0,0
117,704,830,0,1,0
118,413,8,1,0,0
119,208,718,0,1,0
120,713,476,1,0,1
121,881,534,0,1,0
122,4,481,1,0,0
123,622,29,1,0,0
124,270,433,0,1,0
125,858,560,1,0,1
126,808,9,0,1,0
127,683,754,0,1,0
128,250,770,1,0,1
129,531,5,0,1,0
130,468,890,0,1,0
131,4,180,1,0,0
132,895,257,0,1,0
133,1,274,0,1,0
134,638,581,0,1,0
135,330,440,0,1,0
136,201,163,0,1,0
137,549,561,0,1,0
138,628,741,1,0,1
139,640,157,1,0,1
140,9,421,0,1,0
141,624,631,1,0,1
142,504,382,0,1,0
143,827,186,0,1,0
144,412,619,0,1,0
145,164,95,0,1,0
146,481,581,1,0,0
147,485,682,0,1,0
148,741,365,0,1,0
149,274,205,0,1,0
150,157,224,1,0,1
151,710,336,0,1,0
152,420,463,1,0,1
153,335,367,0,1,0
154,1,901,1,0,0
155,58,152,0,1,0
156,585,603,1,1,0
157,199,287,0,1,0
158,437,735,0,1,0
159,884,618,0,1,0
160,773,725,0,1,0
161,120,564,0,1,0
162,800,771,0,1,0
163,660,189,0,1,0
164,78,564,0,1,0
165,531,901,0,1,0
166,839,277,0,1,0
167,269,158,0,1,0
168,238,7,0,1,0
169,883,2,1,0,0
170,572,668,1,0,1
171,977,505,0,1,0
172,149,385,0,1,0
173,3,926,1,0,0
174,184,862,0,1,0
175,71,75,1,0,0
176,576,431,0,1,0
177,389,387,0,1,0
178,389,637,0,1,0
179,709,2,0,1,0
180,488,142,0,1,0
181,990,639,0,1,0
182,487,871,0,1,0
183,703,282,1,0,0
184,339,325,1,0,1
185,520,74,1,1,0
186,856,265,1,0,1
187,768,477,0,1,0
188,394,990,0,1,0
189,857,59,1,0,0
190,910,515,0,1,0
191,950,6,0,1,0
192,896,246,0,1,0
193,488,249,0,1,0
194,0,537,0,1,0
195,563,258,0,1,0
196,3,676,1,0,1
197,966,990,0,1,0
198,717,927,0,1,0
199,786,566,0,1,0
200,517,650,1,0,0
201,165,888,0,1,0
202,210,820,0,1,0
203,947,5,0,1,0
204,5,719,1,1,0
205,745,874,0,1,0
206,194,274,1,0,1
207,730,377,0,1,0
208,255,611,0,1,0
209,779,52,1,0,1
210,233,990,1,0,0
211,714,786,0,1,0
212,22,600,0,1,0
213,611,879,0,1,0
214,990,506,0,1,0
215,519,668,1,1,0
216,364,77,0,1,0
217,487,291,0,1,0
218,674,393,0,1,0
219,309,10,1,0,1
220,4,785,0,0,1
221,742,206,0,1,0
222,3,550,0,1,0
223,431,85,0,1,0
224,272,477,0,1,0
225,653,691,0,1,0
226,289,531,1,0,1
227,504,679,1,1,0
228,953,716,0,1,0
229,475,301,1,0,1
230,317,144,0,1,0
231,2,120,1,0,1
232,802,126,0,1,0
233,221,741,0,1,0
234,444,659,0,1,0
235,685,489,0,1,0
236,408,844,0,1,0
237,308,6,0,1,0
238,498,368,1,1,0
239,246,930,0,1,0
240,174,148,0,0,1
241,257,926,0,1,0
242,253,236,0,1,0
243,185,315,1,0,1
244,235,810,0,1,0
245,838,618,1,0,1
246,765,192,1,0,1
247,568,834,0,1,0
248,321,7,0,1,0
249,670,797,0,1,0
250,902,611,0,1,0
251,901,692,1,0,1
252,670,604,0,1,0
253,660,126,1,0,0
254,110,224,1,0,0
255,112,431,0,1,0
256,618,407,0,0,1
257,775,594,0,1,0
258,591,586,0,1,0
259,804,827,1,0,1
260,781,425,0,1,0
261,591,511,0,1,0
262,2,515,0,1,0
263,881,675,0,1,0
264,40,627,0,1,0
265,203,381,0,1,0
266,43,898,1,0,0
267,272,42,0,0,1
268,767,108,0,1,0
269,892,3,1,0,0
270,782,723,1,0,1
271,737,340,1,1,0
272,825,967,1,0,1
273,465,678,0,1,0
274,103,367,1,0,1
275,112,1,0,1,0
276,506,157,0,0,1
277,713,695,1,0,1
278,540,538,1,1,0
279,384,3,1,0,0
280,245,204,0,1,0
281,202,727,0,1,0
282,479,665,1,0,1
283,990,904,1,0,0
284,858,786,0,1,0
285,821,7,0,1,0
286,836,944,1,0,1
287,4,39,0,1,0
288,2,695,0,1,0
289,143,690,0,1,0
290,551,396,0,1,0
291,856,128,1,0,1
292,38,847,1,0,0
293,9,244,0,1,0
294,7,907,1,0,1
295,215,633,0,1,0
296,240,688,0,1,0
297,344,95,0,1,0
298,650,780,0,1,0
299,70,298,1,0,1
300,497,716,1,0,1
301,684,584,1,0,1
302,201,145,0,0,1
303,2,498,0,1,0
304,563,214,0,1,0
305,942,5,0,1,0
306,766,84,0,1,0
307,563,240,1,0,1
308,838,10,1,0,0
309,429,218,1,0,1
310,858,321,0,1,0
311,793,539,0,1,0
312,223,794,0,1,0
313,352,3,1,1,0
314,7,244,0,1,0
315,895,753,0,1,0
316,1,790,0,1,0
317,794,760,0,0,1
318,533,783,0,1,0
319,61,990,1,0,0
320,729,865,0,1,0
321,747,588,1,0,1
322,776,815,0,1,0
323,834,631,1,0,1
324,7,503,0,1,0
325,580,845,0,1,0
326,264,60,0,1,0
327,809,484,0,1,0
328,150,449,0,1,0
329,91,393,0,1,0
330,612,793,0,1,0
331,9,150,0,1,0
332,688,969,0,1,0
333,236,862,0,1,0
334,181,397,0,1,0
335,752,719,0,1,0
336,872,330,0,1,0
337,429,128,0,1,0
338,758,0,0,1,0
339,4,707,1,1,0
340,865,689,0,1,0
341,861,615,0,1,0
342,561,671,0,1,0
343,557,7,0,1,0
344,985,935,1,0,0
345,506,586,1,0,0
346,163,215,1,0,1
347,273,497,0,1,0
348,255,463,0,1,0
349,752,106,0,1,0
350,125,845,1,0,1
351,494,240,1,0,1
352,361,967,0,1,0
353,865,766,0,1,0
354,817,909,0,1,0
355,2,791,1,0,1
356,127,663,0,1,0
357,98,417,0,1,0
358,575,581,0,1,0
359,627,911,0,1,0
360,392,313,0,1,0
361,4,816,0,1,0
362,713,5,0,1,0
363,603,374,1,0,1
364,872,844,0,1,0
365,833,851,0,1,0
366,310,183,0,1,0
367,438,592,0,1,0
368,262,390,0,1,0
369,157,465,1,0,1
370,626,853,0,1,0
371,7,886,1,1,0
372,769,632,1,0,1
373,367,9,0,1,0
374,884,926,0,1,0
375,512,152,0,1,0
376,185,838,0,1,0
377,492,898,0,1,0
378,506,636,1,1,0
379,96,880,0,1,0
380,822,441,0,1,0
381,862,650,1,0,1
382,706,482,0,1,0
383,462,10,1,0,0
384,844,173,1,0,0
385,438,9,1,0,1
386,901,766,0,1,0
387,279,150,0,1,0
388,751,2,0,1,0
389,396,127,1,0,1
390,2,21,0,1,0
391,20,903,1,0,0
392,185,63,0,1,0
393,232,804,0,1,0
394,759,568,0,1,0
395,257,2,1,0,0
396,48,482,0,1,0
397,9,827,0,1,0
398,234,234,0,1,0
399,713,105,1,1,0
400,544,442,1,0,0
401,738,470,0,0,1
402,351,541,0,1,0
403,355,82,0,1,0
404,113,577,0,1,0
405,912,92,0,0,1
406,718,434,0,1,0
407,277,480,0,1,0
408,5,755,1,0,0
409,599,88,0,1,0
410,312,659,1,0,1
411,447,10,1,0,1
412,527,275,0,1,0
413,796,783,0,1,0
414,229,861,0,1,0
415,483,185,1,0,1
416,170,479,0,1,0
417,591,902,0,1,0
418,286,891,0,1,0
419,412,281,0,1,0
420,738,494,0,1,0
421,884,766,0,1,0
422,15,686,1,0,1
423,270,41,1,0,1
424,197,388,0,1,0
425,125,374,0,1,0
426,90,790,0,1,0
427,298,557,1,0,1
428,980,7,1,0,0
429,585,990,0,1,0
430,365,169,0,1,0
431,612,667,0,1,0
432,884,259,0,1,0
433,793,437,1,0,1
434,435,843,0,1,0
435,848,411,0,1,0
436,488,10,1,0,0
437,787,631,0,1,0
438,522,668,0,1,0
439,858,150,0,1,0
440,281,7,0,1,0
441,703,578,1,0,1
442,420,436,1,0,0
443,284,293,0,1,0
444,147,206,0,0,1
445,287,469,0,1,0
446,779,621,0,1,0
447,399,922,0,1,0
448,666,79,1,0,0
449,64,284,1,0,0
450,887,286,0,1,0
451,301,3,0,1,0
452,947,148,1,0,1
453,266,693,1,0,1
454,625,628,0,1,0
455,599,174,0,1,0
456,990,900,1,0,0
457,653,361,0,1,0
458,313,802,0,1,0
459,10,840,1,1,0
460,978,0,1,0,0
461,476,374,1,0,1
462,650,600,1,0,1
463,844,570,1,0,1
464,584,862,0,1,0
465,867,514,0,1,0
466,215,241,1,0,1
467,476,436,1,0,0
468,27,7,1,0,1
469,725,373,0,1,0
470,689,5,0,1,0
471,1,530,0,1,0
472,854,5,1,0,0
473,7,564,1,0,1
474,323,87,0,0,1
475,336,0,1,0,1
476,330,372,0,1,0
477,549,528,0,1,0
478,448,821,1,0,1
479,721,249,1,0,0
480,842,430,0,1,0
481,240,248,1,0,1
482,245,838,1,0,1
483,515,2,0,1,0
484,882,726,0,1,0
485,600,582,0,1,0
486,328,518,0,1,0
487,108,518,0,0,1
488,362,816,0,1,0
489,605,405,1,0,1
490,869,780,1,0,1
491,417,326,0,1,0
492,990,15,1,0,0
493,751,95,0,1,0
494,590,188,0,1,0
495,77,573,0,1,0
496,136,176,0,1,0
497,632,511,0,1,0
498,193,809,1,0,1
499,926,194,1,0,1
500,323,251,1,0,1
501,112,951,1,0,0
502,567,7,0,1,0
503,754,2,0,1,0
504,218,302,0,1,0
505,613,463,1,0,1
506,701,674,1,0,1
507,610,387,0,1,0
508,336,128,0,1,0
509,156,648,0,1,0
510,553,4,1,0,1
511,990,529,0,1,0
512,877,180,1,0,0
513,8,676,1,0,1
514,671,175,0,1,0
515,140,130,0,1,0
516,872,401,0,1,0
517,597,181,0,1,0
518,692,238,0,1,0
519,369,112,0,1,0
520,720,680,0,1,0
521,945,102,0,1,0
522,261,513,1,0,1
523,447,732,0,1,0
524,803,847,0,1,0
525,581,407,1,0,1
526,8,37,0,1,0
527,471,412,1,0,1
528,754,4,0,1,0
529,287,559,1,0,1
530,938,490,1,0,1
531,437,726,0,1,0
532,145,925,0,1,0
533,46,205,0,1,0
534,845,361,0,1,0
535,291,823,0,1,0
536,837,696,0,1,0
537,393,582,0,1,0
538,435,123,0,1,0
539,610,417,1,0,1
540,471,654,0,1,0
541,436,688,0,1,0
542,680,513,0,1,0
543,3,46,0,1,0
544,309,276,1,0,0
545,52,7,0,1,0
546,121,386,0,1,0
547,452,393,0,1,0
548,68,830,0,0,1
549,629,583,0,1,0
550,796,359,0,1,0
551,217,934,0,1,0
552,958,283,1,0,1
553,370,805,1,0,1
554,487,769,0,1,0
555,224,858,0,1,0
556,326,617,0,1,0
557,299,6,0,1,0
558,837,545,1,0,1
559,730,517,0,1,0
560,798,646,0,1,0
561,682,759,0,1,0
562,820,600,0,1,0
563,435,990,0,1,0
564,8,142,1,0,1
565,182,702,0,1,0
566,165,101,0,1,0
567,281,353,0,1,0
568,758,155,0,1,0
569,210,3,0,1,0
570,741,663,1,0,1
571,262,628,0,1,0
572,645,337,0,1,0
573,181,518,1,0,1
574,877,544,0,1,0
575,529,191,0,1,0
576,30,867,1,0,0
577,350,834,1,0,1
578,181,161,0,1,0
579,740,121,0,1,0
580,193,761,0,1,0
581,9,370,1,0,0
582,339,326,0,1,0
583,481,987,0,1,0
584,298,208,1,0,1
585,179,508,0,1,0
586,820,303,0,1,0
587,801,8,0,1,0
588,276,574,0,1,0
589,551,770,0,1,0
590,392,364,0,1,0
591,811,403,1,0,1
592,795,847,0,1,0
593,249,673,0,1,0
594,808,573,0,1,0
595,597,899,1,0,1
596,338,823,0,1,0
597,793,616,0,1,0
598,175,317,0,1,0
599,86,323,0,1,0
600,913,264,0,1,0
601,739,787,0,1,0
602,711,440,0,1,0
603,7,429,0,1,0
604,511,65,0,1,0
605,381,379,0,1,0
606,811,9,1,0,1
607,159,266,0,1,0
608,496,631,1,1,0
609,384,437,0,1,0
610,746,936,0,1,0
611,415,255,0,1,0
612,345,827,0,1,0
613,28,516,0,1,0
614,608,773,1,0,1
615,507,5,0,1,0
616,915,827,1,0,0
617,710,598,0,1,0
618,439,291,0,1,0
619,699,228,0,1,0
620,3,76,0,1,0
621,512,298,0,1,0
622,539,4,0,1,0
623,129,370,0,1,0
624,658,377,1,0,1
625,241,467,0,1,0
626,6,20,0,1,0
627,110,331,0,1,0
628,833,5,1,0,0
629,631,642,0,1,0
630,743,476,0,1,0
631,910,866,0,1,0
632,990,792,1,0,0
633,152,219,0,1,0
634,863,258,0,1,0
635,553,866,0,1,0
636,762,783,0,1,0
637,172,485,0,1,0
638,367,530,1,1,0
639,693,336,1,0,1
640,172,739,0,1,0
641,3,586,0,1,0
642,0,967,0,1,0
643,923,617,0,1,0
644,525,265,0,1,0
645,96,193,0,1,0
646,620,194,0,1,0
647,3,644,0,1,0
648,100,237,0,1,0
649,751,398,0,1,0
650,954,990,0,1,0
651,758,327,0,1,0
652,269,461,0,1,0
653,219,1,0,1,0
654,0,824,0,1,0
655,508,7,0,1,0
656,380,404,0,1,0
657,667,217,0,1,0
658,326,749,0,1,0
659,244,49,1,0,1
660,284,109,1,0,1
661,343,633,1,0,1
662,350,161,1,0,1
663,692,400,0,1,0
664,128,583,0,1,0
665,243,555,0,1,0
666,145,432,0,1,0
667,565,102,0,1,0
668,941,626,0,1,0
669,921,3,1,0,0
670,213,332,0,1,0
671,793,692,0,1,0
672,919,683,0,1,0
673,744,269,1,0,1
674,732,329,0,1,0
675,659,554,0,1,0
676,827,881,0,1,0
677,909,874,0,1,0
678,525,382,1,1,0
679,0,147,0,1,0
680,562,451,0,1,0
681,489,2,1,0,0
682,141,730,0,1,0
683,0,604,0,1,0
684,203,58,0,1,0
685,379,260,1,0,1
686,829,131,0,1,0
687,801,524,1,0,1
688,572,795,0,1,0
689,814,751,1,0,1
690,613,578,0,1,0
691,219,735,0,1,0
692,791,754,0,1,0
693,423,831,0,1,0
694,659,319,1,0,0
695,700,425,0,1,0
696,839,474,1,0,1
697,566,362,0,1,0
698,171,455,1,0,1
699,112,716,0,1,0
700,754,252,1,0,1
701,91,952,1,0,0
702,551,403,0,1,0
703,397,7,1,0,0
704,283,877,0,1,0
705,8,645,0,1,0
706,550,2,1,0,1
707,484,701,0,1,0
708,870,316,0,1,0
709,536,10,0,1,0
710,655,150,0,1,0
711,363,588,0,1,0
712,6,579,0,1,0
713,884,789,0,1,0
714,879,429,0,1,0
715,582,4,0,1,0
716,102,860,0,1,0
717,778,733,1,0,1
718,421,382,1,0,1
719,647,896,0,1,0
720,443,385,0,1,0
721,884,75,0,1,0
722,957,132,0,1,0
723,926,864,0,1,0
724,113,884,0,1,0
725,592,181,0,1,0
726,286,512,0,1,0
727,3,951,1,0,0
728,516,905,0,0,1
729,6,523,0,1,0
730,186,257,0,1,0
731,118,712,0,1,0
732,498,752,1,0,1
733,423,126,1,0,1
734,6,268,0,1,0
735,170,550,0,1,0
736,584,474,0,1,0
737,199,1,1,0,0
738,83,863,0,1,0
739,158,711,0,1,0
740,91,93,0,1,0
741,937,3,0,1,0
742,696,789,0,1,0
743,311,620,0,1,0
744,814,638,0,1,0
745,437,868,1,0,1
746,147,264,1,0,1
747,2,520,1,0,1
748,512,684,0,1,0
749,933,92,0,1,0
750,990,874,1,0,0
751,922,83,0,1,0
752,300,516,1,0,1
753,3,945,1,0,0
754,497,214,0,1,0
755,547,577,0,1,0
756,823,522,0,1,0
757,824,836,0,1,0
758,529,780,0,1,0
759,5,160,1,0,1
760,545,199,0,1,0
761,579,8,0,1,0
762,595,529,0,1,0
763,805,471,0,1,0
764,334,6,0,1,0
765,376,706,1,0,1
766,735,465,0,1,0
767,217,767,1,0,1
768,946,6,0,1,0
769,351,10,1,1,0
770,421,176,1,0,1
771,282,438,0,1,0
772,830,667,0,1,0
773,901,644,0,1,0
774,864,581,0,1,0
775,575,684,0,1,0
776,781,406,1,0,1
777,108,110,0,1,0
778,891,648,0,1,0
779,118,5,0,1,0
780,271,816,0,1,0
781,681,571,0,1,0
782,350,147,0,1,0
783,164,277,1,0,1
784,228,9,1,0,1
785,712,162,1,0,1
786,825,154,1,0,1
787,679,860,0,1,0
788,10,911,1,0,0
789,84,895,1,0,0
790,509,104,0,1,0
791,196,643,0,1,0
792,6,983,1,0,0
793,3,688,0,1,0
794,228,587,0,1,0
795,915,742,1,0,1
796,393,744,0,1,0
797,977,186,0,1,0
798,933,490,0,1,0
799,911,446,0,1,0
800,487,481,1,0,0
801,241,166,0,1,0
802,373,249,0,1,0
803,258,120,0,1,0
804,501,7,0,1,0
805,801,259,1,0,0
806,886,380,0,1,0
807,417,115,1,0,1
808,847,569,0,1,0
809,9,242,0,1,0
810,875,603,0,1,0
811,687,465,0,1,0
812,894,648,0,1,0
813,132,601,1,0,1
814,823,10,0,1,0
815,551,336,0,1,0
816,570,119,0,1,0
817,360,884,0,1,0
818,792,477,1,0,1
819,817,900,0,1,0
820,192,717,0,1,0
821,517,57,0,1,0
822,285,670,0,1,0
823,990,839,0,1,0
824,2,640,0,1,0
825,546,775,0,1,0
826,399,4,1,0,0
827,668,894,0,1,0
828,592,908,0,1,0
829,748,461,0,1,0
830,637,652,0,1,0
831,589,579,0,1,0
832,195,436,0,1,0
833,161,4,0,1,0
834,10,194,0,1,0
835,804,582,0,1,0
836,410,297,1,0,1
837,903,789,0,1,0
838,4,381,1,0,1
839,963,6,0,1,0
840,221,539,0,1,0
841,399,676,0,1,0
842,286,9,0,1,0
843,595,568,1,1,0
844,132,367,1,0,1
845,671,151,0,1,0
846,406,266,0,1,0
847,227,635,0,1,0
848,844,861,0,1,0
849,990,856,0,1,0
850,593,1,0,1,0
851,395,572,0,1,0
852,326,792,1,0,1
853,182,648,0,1,0
854,415,199,0,1,0
855,232,407,0,1,0
856,445,865,0,1,0
857,265,745,0,1,0
858,418,433,0,0,1
859,877,163,0,1,0
860,388,839,0,1,0
861,744,959,0,1,0
862,9,280,0,1,0
863,793,6,0,1,0
864,238,405,0,1,0
865,182,556,1,0,1
866,97,252,0,1,0
867,3,186,0,1,0
868,691,710,0,1,0
869,663,446,0,1,0
870,706,805,1,0,1
871,336,708,0,1,0
872,2,208,0,1,0
873,859,521,0,1,0
874,618,420,0,1,0
875,912,1,0,1,0
876,927,668,0,1,0
877,251,291,0,1,0
878,921,496,0,1,0
879,649,720,1,0,1
880,354,982,0,1,0
881,459,533,1,0,0
882,9,31,1,0,1
883,856,264,0,1,0
884,5,672,0,1,0
885,521,824,0,1,0
886,501,119,0,1,0
887,325,710,0,1,0
888,642,239,0,1,0
889,174,10,1,0,1
890,599,677,0,1,0
891,465,297,0,1,0
892,984,671,1,0,1
893,9,851,1,0,0
894,516,990,0,1,0
895,93,8,1,0,0
896,898,263,0,1,0
897,790,118,0,1,0
898,314,200,0,1,0
899,93,0,1,0,0
900,442,420,1,0,1
901,587,4,0,1,0
902,277,769,1,0,1
903,640,700,0,1,0
904,7,710,0,1,0
905,651,530,0,1,0
906,0,112,1,0,0
907,274,794,1,0,1
908,255,584,0,1,0
909,72,990,1,0,0
910,990,389,1,0,1
911,247,274,0,1,0
912,572,682,0,1,0
913,615,719,0,1,0
914,578,228,0,1,0
915,607,331,0,1,0
916,759,9,0,1,0
917,409,869,1,0,1
918,7,403,1,0,0
919,600,437,0,1,0
920,612,701,0,1,0
921,316,847,1,0,1
922,623,736,0,1,0
923,678,497,1,0,1
924,537,155,0,1,0
925,395,874,0,1,0
926,6,660,0,1,0
927,217,10,0,1,0
928,727,568,0,1,0
929,825,512,1,0,1
930,418,10,1,0,0
931,932,621,0,1,0
932,213,49,0,1,0
933,558,512,1,0,1
934,5,890,0,1,0
935,200,159,1,0,1
936,778,7,0,1,0
937,639,255,0,1,0
938,407,489,1,0,0
939,365,551,0,1,0
940,352,4,0,1,0
941,155,324,0,1,0
942,746,170,1,0,1
943,739,196,0,1,0
944,942,49,0,1,0
945,237,407,1,0,1
946,521,883,0,1,0
947,679,850,0,1,0
948,8,908,1,0,0
949,0,458,0,1,0
950,404,580,1,0,1
951,209,642,0,1,0
952,428,6,0,1,0
953,493,701,1,0,1
954,591,531,0,1,0
955,180,7,0,1,0
956,349,183,0,1,0
957,357,226,1,0,1
958,430,224,0,1,0
959,797,680,0,1,0
960,628,913,0,1,0
961,166,617,0,1,0
962,731,990,1,0,1
963,271,332,0,1,0
964,61,5,1,0,1
965,345,107,0,1,0
966,548,301,1,0,1
967,5,793,0,1,0
968,274,312,0,0,1
969,63,10,0,1,0
970,8,673,0,1,0
971,477,611,1,0,0
972,558,142,0,1,0
973,808,754,0,1,0
974,2,719,1,1,0
975,360,402,0,1,0
976,859,716,1,0,1
977,301,620,0,1,0
978,403,166,0,1,0
979,257,819,0,1,0
980,687,386,0,1,0
981,632,889,0,1,0
982,443,290,0,1,0
983,420,491,1,0,0
984,187,448,0,1,0
985,426,347,0,1,0
986,590,2,0,1,0
987,721,7,1,0,1
988,511,272,0,1,0
989,94,662,0,1,0
990,121,572,1,0,1
991,718,109,0,1,0
992,288,39,0,1,0
993,8,24,0,1,0
994,135,148,0,1,0
995,712,887,0,1,0
996,721,644,0,1,0
997,5,81,1,0,1
998,707,632,0,1,0
999,671,553,0,1,0
