Index,x,y,alive,infected,immune
0,802,304,0,1,0
1,58,653,1,1,0
2,936,245,1,1,0
3,556,871,1,1,0
4,920,716,0,1,0
5,457,152,0,1,0
6,457,56,1,1,0
7,952,529,0,1,0
8,285,756,1,1,0
9,862,583,0,1,0
10,347,141,0,1,0
11,673,155,0,1,0
12,566,933,0,1,0
13,76,285,0,1,0
14,815,298,0,1,0
15,78,795,0,1,0
16,550,329,1,1,0
17,776,623,0,1,0
18,942,181,0,1,0
19,567,840,0,1,0
20,965,652,0,1,0
21,382,338,0,1,0
22,522,772,0,1,0
23,255,100,1,1,0
24,197,382,0,1,0
25,9,153,0,1,0
26,755,966,0,1,0
27,667,517,0,1,0
28,123,180,0,1,0
29,515,918,0,1,0
30,687,705,0,1,0
31,561,9,0,1,0
32,770,857,1,1,0
33,951,393,1,1,0
34,215,885,0,1,0
35,281,2,0,1,0
36,629,5,1,1,0
37,859,759,0,1,0
38,52,611,0,1,0
39,396,709,0,1,0
40,150,78,1,1,0
41,643,481,1,1,0
42,494,170,1,1,0
43,119,408,0,1,0
44,448,265,0,1,0
45,185,130,0,1,0
46,510,897,1,1,0
47,760,560,0,1,0
48,737,345,0,1,0
49,432,122,0,1,0
50,478,884,0,1,0
51,884,814,0,1,0
52,132,368,0,1,0
53,171,386,0,1,0
54,295,892,0,1,0
55,597,261,1,1,0
56,763,155,0,1,0
57,616,283,0,1,0
58,146,387,0,1,0
59,990,407,0,1,0
60,232,563,0,1,0
61,594,1,0,1,0
62,358,963,0,1,0
63,157,480,1,1,0
64,9,962,0,1,0
65,956,413,1,1,0
66,75,806,0,1,0
67,770,821,0,1,0
68,641,753,0,1,0
69,691,938,0,1,0
70,581,820,0,1,0
71,758,49,0,1,0
72,607,793,0,1,0
73,643,710,0,1,0
74,335,1,0,1,0
75,954,142,1,1,0
76,101,318,0,1,0
77,464,239,1,1,0
78,315,731,1,1,0
79,906,112,0,1,0
80,112,501,0,1,0
81,785,833,1,1,0
82,202,122,0,1,0
83,194,867,0,1,0
84,321,547,0,1,0
85,222,400,0,1,0
86,396,752,1,1,0
87,859,594,0,1,0
88,575,183,0,1,0
89,639,962,0,1,0
90,339,201,0,1,0
91,248,516,0,1,0
92,303,429,0,1,0
93,483,876,0,1,0
94,651,452,0,1,0
95,163,947,0,1,0
96,716,908,0,1,0
97,643,496,0,1,0
98,40,40,0,1,0
99,653,164,0,1,0
100,247,275,1,0,0
101,775,433,1,0,0
102,717,831,1,0,0
103,4,33,1,1,0
104,643,428,1,0,0
105,560,566,1,0,0
106,861,222,1,0,0
107,651,191,1,1,0
108,836,335,1,0,0
109,749,644,1,0,0
110,319,879,1,0,0
111,3,776,1,0,0
112,785,419,1,0,0
113,878,328,1,0,0
114,574,320,1,1,0
115,866,578,0,1,0
116,91,977,1,0,0
117,760,812,1,1,0
118,413,6,1,0,0
119,164,750,1,0,0
120,686,491,1,0,0
121,871,490,1,0,0
122,958,500,1,0,0
123,691,100,1,0,0
124,282,314,1,0,0
125,806,619,1,1,0
126,808,9,1,0,0
127,633,804,1,0,0
128,214,730,1,0,0
129,531,9,1,0,0
130,403,767,1,0,0
131,4,180,1,0,0
132,938,219,1,0,0
133,74,235,0,1,0
134,710,565,1,0,0
135,304,516,1,0,0
136,192,191,1,0,0
137,565,615,1,0,0
138,655,682,1,0,0
139,566,138,1,1,0
140,9,421,0,1,0
141,569,746,1,0,0
142,489,351,1,0,0
143,757,110,0,1,0
144,361,721,1,0,0
145,182,84,1,1,0
146,542,493,1,0,0
147,455,629,1,0,0
148,717,360,0,1,0
149,304,174,1,0,0
150,107,210,1,1,0
151,640,386,1,0,0
152,385,408,1,0,0
153,359,335,1,0,0
154,2,901,1,0,0
155,110,150,1,0,0
156,559,541,1,0,0
157,181,296,1,0,0
158,369,696,1,0,0
159,878,603,1,1,0
160,830,746,1,0,0
161,132,585,1,0,0
162,708,765,1,0,0
163,634,177,1,0,0
164,44,550,0,1,0
165,560,875,0,1,0
166,878,270,1,0,0
167,336,212,0,1,0
168,238,8,1,0,0
169,893,952,1,0,0
170,490,728,1,0,0
171,969,528,1,1,0
172,151,259,1,0,0
173,9,926,1,0,0
174,39,870,1,0,0
175,101,90,1,0,0
176,586,361,1,0,0
177,380,431,1,0,0
178,368,598,1,0,0
179,709,3,1,0,0
180,539,97,1,0,0
181,900,620,1,0,0
182,441,961,1,0,0
183,753,284,1,0,0
184,378,301,1,0,0
185,494,89,1,0,0
186,761,371,1,1,0
187,653,466,1,1,0
188,414,902,1,0,0
189,839,120,1,0,0
190,948,570,1,0,0
191,904,942,1,0,0
192,933,219,1,1,0
193,489,230,0,1,0
194,945,554,1,1,0
195,524,246,1,0,0
196,1,676,1,1,0
197,947,945,1,0,0
198,752,881,1,0,0
199,837,573,0,1,0
200,543,567,1,0,0
201,208,764,1,0,0
202,311,868,1,1,0
203,949,987,1,0,0
204,48,737,1,0,0
205,635,908,1,1,0
206,217,343,1,0,0
207,742,306,1,0,0
208,267,591,1,0,0
209,761,123,1,0,0
210,226,957,1,0,0
211,699,802,1,0,0
212,67,582,0,1,0
213,645,764,0,1,0
214,980,501,1,0,0
215,541,791,1,0,0
216,269,80,1,1,0
217,381,275,1,0,0
218,635,407,1,0,0
219,309,10,1,0,0
220,5,785,1,0,0
221,775,109,1,1,0
222,0,550,1,0,0
223,322,186,0,1,0
224,267,515,1,1,0
225,657,663,1,0,0
226,365,561,1,0,0
227,522,602,1,0,0
228,951,734,1,0,0
229,406,333,1,0,0
230,297,139,1,0,0
231,907,183,1,0,0
232,803,129,1,0,0
233,187,747,1,0,0
234,385,668,1,0,0
235,619,502,0,1,0
236,334,804,1,0,0
237,313,973,1,0,0
238,433,387,1,0,0
239,238,916,0,1,0
240,260,69,1,1,0
241,277,879,1,1,0
242,305,209,1,0,0
243,188,357,1,1,0
244,298,888,1,1,0
245,905,591,1,1,0
246,700,105,1,0,0
247,557,837,1,1,0
248,348,943,1,1,0
249,698,912,0,1,0
250,835,583,0,1,0
251,899,649,1,0,0
252,713,699,0,1,0
253,671,44,1,0,0
254,139,268,1,0,0
255,144,475,1,0,0
256,617,383,1,0,0
257,723,584,1,0,0
258,588,562,1,0,0
259,690,818,1,0,0
260,785,508,1,0,0
261,449,561,1,0,0
262,6,515,1,0,0
263,940,605,1,0,0
264,79,653,1,0,0
265,145,326,1,0,0
266,111,937,1,0,0
267,290,28,1,0,0
268,710,164,1,0,0
269,901,959,1,0,0
270,787,752,1,0,0
271,785,209,1,0,0
272,875,893,1,1,0
273,526,713,1,0,0
274,130,405,1,1,0
275,162,933,1,1,0
276,522,52,1,1,0
277,584,624,1,0,0
278,491,482,1,0,0
279,384,4,1,0,0
280,197,247,1,0,0
281,194,738,1,0,0
282,538,734,1,0,0
283,939,846,1,0,0
284,796,697,1,0,0
285,821,8,1,0,0
286,865,923,1,0,0
287,3,39,1,1,0
288,0,695,1,0,0
289,261,762,1,0,0
290,536,357,1,0,0
291,925,93,1,0,0
292,70,866,1,0,0
293,8,244,1,0,0
294,44,860,1,0,0
295,220,656,1,0,0
296,239,685,1,0,0
297,388,178,1,0,0
298,721,726,1,1,0
299,55,283,1,0,0
300,412,714,1,0,0
301,691,555,1,0,0
302,92,136,1,1,0
303,1,498,0,1,0
304,566,278,0,1,0
305,941,29,1,0,0
306,782,103,1,0,0
307,681,211,1,1,0
308,830,19,1,0,0
309,543,313,1,0,0
310,967,331,1,0,0
311,700,488,1,0,0
312,242,758,1,0,0
313,352,0,1,0,0
314,3,244,1,0,0
315,905,645,0,1,0
316,8,790,1,0,0
317,735,706,1,1,0
318,495,634,1,0,0
319,61,990,1,0,0
320,666,824,1,0,0
321,822,651,1,1,0
322,859,699,0,1,0
323,816,624,1,1,0
324,7,503,1,1,0
325,656,810,1,1,0
326,378,110,1,0,0
327,889,373,1,0,0
328,96,470,1,0,0
329,120,447,1,0,0
330,705,813,1,0,0
331,9,150,0,1,0
332,673,950,0,1,0
333,210,915,0,1,0
334,267,423,1,0,0
335,784,671,1,0,0
336,864,356,1,0,0
337,460,41,1,1,0
338,758,4,0,1,0
339,11,710,1,0,0
340,885,641,1,0,0
341,797,720,1,0,0
342,482,640,1,0,0
343,557,9,1,1,0
344,944,957,1,0,0
345,507,585,1,0,0
346,186,278,1,0,0
347,322,432,1,0,0
348,267,430,1,0,0
349,765,189,1,0,0
350,120,821,1,0,0
351,536,307,1,1,0
352,432,906,1,0,0
353,777,769,1,0,0
354,839,910,1,0,0
355,45,770,1,0,0
356,94,710,1,0,0
357,136,415,0,1,0
358,568,675,1,0,0
359,597,937,0,1,0
360,317,431,1,1,0
361,4,816,1,0,0
362,722,973,1,1,0
363,658,346,1,0,0
364,839,898,1,0,0
365,858,821,0,1,0
366,336,164,0,1,0
367,385,672,1,0,0
368,199,459,1,0,0
369,115,436,1,1,0
370,705,910,1,1,0
371,2,886,1,0,0
372,735,501,1,1,0
373,354,927,1,1,0
374,933,828,0,1,0
375,461,152,0,1,0
376,158,778,1,0,0
377,556,831,0,1,0
378,559,613,1,0,0
379,155,782,1,0,0
380,770,327,0,1,0
381,859,754,1,0,0
382,827,392,1,0,0
383,462,10,1,0,0
384,824,128,1,0,0
385,391,945,1,0,0
386,872,729,1,0,0
387,299,131,1,0,0
388,751,4,1,1,0
389,326,190,1,1,0
390,2,21,0,1,0
391,70,901,1,0,0
392,147,141,0,1,0
393,271,866,1,1,0
394,703,494,1,0,0
395,257,4,1,0,0
396,78,483,1,0,0
397,940,809,1,0,0
398,183,138,1,1,0
399,688,96,1,0,0
400,523,419,1,0,0
401,705,557,1,1,0
402,310,470,1,0,0
403,281,35,1,0,0
404,279,655,1,0,0
405,899,229,1,0,0
406,737,435,1,0,0
407,358,520,1,0,0
408,0,755,1,0,0
409,631,88,1,0,0
410,309,732,1,1,0
411,432,64,1,0,0
412,445,351,1,0,0
413,743,824,1,1,0
414,236,782,1,0,0
415,531,238,1,0,0
416,128,590,1,0,0
417,445,875,0,1,0
418,257,861,1,0,0
419,336,317,1,0,0
420,739,488,1,0,0
421,828,765,0,1,0
422,78,663,1,0,0
423,393,84,1,0,0
424,139,335,1,0,0
425,123,380,0,1,0
426,59,823,1,1,0
427,397,589,1,0,0
428,980,9,1,0,0
429,606,973,0,1,0
430,404,91,1,0,0
431,550,692,1,0,0
432,898,261,1,0,0
433,851,423,1,0,0
434,366,776,1,0,0
435,851,421,1,0,0
436,488,10,1,0,0
437,831,669,1,1,0
438,513,607,1,0,0
439,853,207,1,0,0
440,286,73,1,0,0
441,741,534,1,1,0
442,427,506,1,0,0
443,275,333,1,0,0
444,166,233,1,0,0
445,255,461,1,0,0
446,769,674,1,0,0
447,457,894,0,1,0
448,687,102,1,0,0
449,144,252,1,0,0
450,919,323,1,0,0
451,316,908,1,1,0
452,963,100,1,0,0
453,132,726,1,0,0
454,588,714,1,0,0
455,565,345,1,0,0
456,983,906,1,0,0
457,655,297,0,1,0
458,333,760,1,0,0
459,10,840,1,0,0
460,978,9,1,0,0
461,374,473,1,0,0
462,630,530,1,1,0
463,787,437,1,0,0
464,533,776,1,1,0
465,809,580,1,1,0
466,261,119,1,0,0
467,489,441,1,0,0
468,27,0,1,1,0
469,672,383,1,0,0
470,675,938,1,1,0
471,40,576,1,1,0
472,854,3,1,0,0
473,7,564,1,0,0
474,314,162,1,0,0
475,336,0,1,1,0
476,382,380,1,0,0
477,474,473,1,0,0
478,352,911,1,1,0
479,804,205,1,0,0
480,870,441,1,0,0
481,279,257,1,0,0
482,246,928,1,1,0
483,515,840,0,1,0
484,951,700,0,1,0
485,653,558,0,1,0
486,268,452,1,0,0
487,98,613,1,0,0
488,348,802,1,0,0
489,580,292,1,1,0
490,938,830,1,1,0
491,427,246,1,0,0
492,990,15,1,0,0
493,815,87,1,0,0
494,609,277,1,0,0
495,62,672,1,0,0
496,89,97,1,0,0
497,620,483,1,1,0
498,131,751,1,0,0
499,950,223,1,0,0
500,311,219,1,0,0
501,131,927,1,0,0
502,567,6,1,1,0
503,754,7,1,1,0
504,221,332,1,0,0
505,643,523,1,1,0
506,782,764,1,0,0
507,590,317,0,1,0
508,410,71,1,0,0
509,153,624,1,0,0
510,562,947,1,1,0
511,870,569,1,1,0
512,908,186,1,0,0
513,90,737,1,0,0
514,602,153,1,0,0
515,146,168,1,0,0
516,865,439,1,0,0
517,589,105,1,0,0
518,621,252,0,1,0
519,434,140,1,1,0
520,817,674,0,1,0
521,823,155,1,0,0
522,394,590,1,0,0
523,520,651,1,0,0
524,880,937,1,0,0
525,565,404,1,0,0
526,28,28,1,1,0
527,423,395,1,0,0
528,754,8,0,1,0
529,291,534,1,1,0
530,903,591,1,1,0
531,448,722,1,0,0
532,188,938,1,0,0
533,134,188,1,0,0
534,835,424,1,0,0
535,214,849,1,0,0
536,856,644,1,1,0
537,380,619,1,0,0
538,372,74,1,0,0
539,547,353,1,0,0
540,525,670,1,0,0
541,569,650,1,0,0
542,723,419,1,0,0
543,956,52,1,0,0
544,308,263,1,0,0
545,77,950,1,0,0
546,105,373,0,1,0
547,427,456,1,0,0
548,26,752,1,0,0
549,654,515,0,1,0
550,784,384,0,1,0
551,199,963,1,0,0
552,819,338,1,0,0
553,346,794,1,0,0
554,476,692,1,0,0
555,107,899,1,0,0
556,324,644,1,0,0
557,394,944,1,0,0
558,858,631,1,1,0
559,784,494,1,0,0
560,730,633,1,0,0
561,636,673,1,0,0
562,852,553,1,1,0
563,415,883,1,0,0
564,9,142,1,1,0
565,245,720,1,0,0
566,265,117,1,0,0
567,247,319,1,0,0
568,706,118,1,0,0
569,136,934,1,0,0
570,822,586,1,1,0
571,297,667,1,0,0
572,559,288,1,1,0
573,246,656,1,0,0
574,879,477,1,0,0
575,485,193,1,1,0
576,129,869,1,0,0
577,320,819,1,0,0
578,223,160,1,0,0
579,702,140,1,0,0
580,189,779,1,0,0
581,3,370,1,0,0
582,387,311,1,0,0
583,540,915,0,1,0
584,305,136,1,0,0
585,188,573,1,0,0
586,791,270,1,0,0
587,801,1,1,0,0
588,195,531,1,0,0
589,542,753,1,0,0
590,572,354,1,0,0
591,827,465,1,0,0
592,838,816,0,1,0
593,246,736,1,0,0
594,792,614,0,1,0
595,560,965,1,1,0
596,296,846,0,1,0
597,797,465,1,0,0
598,191,219,1,0,0
599,149,474,1,0,0
600,886,269,1,0,0
601,764,820,0,1,0
602,784,533,1,1,0
603,5,429,0,1,0
604,628,159,1,0,0
605,348,427,1,0,0
606,818,968,1,0,0
607,162,362,1,1,0
608,595,617,1,0,0
609,233,315,1,0,0
610,772,894,1,0,0
611,337,244,1,0,0
612,276,931,1,1,0
613,51,532,1,1,0
614,672,858,1,0,0
615,507,3,1,0,0
616,922,768,1,0,0
617,689,521,1,1,0
618,492,238,0,1,0
619,660,215,1,0,0
620,943,111,0,1,0
621,459,381,1,0,0
622,496,982,1,0,0
623,170,326,1,0,0
624,795,385,1,0,0
625,332,563,1,0,0
626,974,30,1,0,0
627,162,296,1,0,0
628,833,7,1,0,0
629,640,721,1,1,0
630,817,482,1,0,0
631,915,944,1,0,0
632,940,811,1,0,0
633,185,229,1,0,0
634,853,284,1,0,0
635,497,933,0,1,0
636,816,887,1,0,0
637,174,398,0,1,0
638,335,518,1,0,0
639,678,415,1,0,0
640,130,747,1,0,0
641,958,622,1,1,0
642,6,967,1,1,0
643,904,635,1,1,0
644,471,226,0,1,0
645,61,247,0,1,0
646,524,253,1,0,0
647,952,649,0,1,0
648,109,321,1,0,0
649,658,443,1,0,0
650,954,990,1,0,0
651,850,279,1,0,0
652,259,476,1,0,0
653,219,9,1,0,0
654,1,824,1,0,0
655,500,30,1,1,0
656,478,481,1,0,0
657,600,228,0,1,0
658,291,751,1,1,0
659,224,24,1,0,0
660,282,48,1,0,0
661,344,671,1,0,0
662,363,43,1,0,0
663,766,505,1,1,0
664,123,703,1,0,0
665,189,533,1,0,0
666,144,371,0,1,0
667,665,100,1,0,0
668,883,619,0,1,0
669,921,7,1,0,0
670,180,320,1,0,0
671,785,694,1,0,0
672,913,672,1,1,0
673,826,345,1,1,0
674,678,252,1,0,0
675,595,591,1,0,0
676,809,784,1,0,0
677,945,938,1,0,0
678,410,405,1,0,0
679,76,146,1,0,0
680,559,465,1,0,0
681,489,9,1,0,0
682,188,679,1,0,0
683,103,546,1,1,0
684,176,145,0,1,0
685,400,182,1,1,0
686,950,159,0,1,0
687,780,505,1,0,0
688,594,742,1,0,0
689,815,705,1,0,0
690,599,623,1,0,0
691,316,702,1,0,0
692,744,798,1,0,0
693,534,887,1,1,0
694,715,271,1,0,0
695,647,420,1,0,0
696,827,364,1,1,0
697,606,355,1,0,0
698,269,470,1,0,0
699,156,737,1,0,0
700,696,328,1,0,0
701,32,951,1,0,0
702,511,421,1,0,0
703,397,2,1,0,0
704,340,887,0,1,0
705,2,645,1,0,0
706,535,930,1,1,0
707,492,742,1,0,0
708,833,290,0,1,0
709,536,10,1,0,0
710,662,198,1,1,0
711,459,596,1,0,0
712,3,579,1,0,0
713,871,838,0,1,0
714,871,414,1,0,0
715,579,968,1,1,0
716,78,741,1,0,0
717,776,749,1,0,0
718,405,412,1,0,0
719,619,915,1,0,0
720,382,407,1,0,0
721,838,169,1,0,0
722,906,157,1,0,0
723,876,904,1,1,0
724,80,793,1,1,0
725,512,211,1,0,0
726,388,426,1,0,0
727,17,929,1,0,0
728,436,718,1,0,0
729,979,553,1,1,0
730,168,195,1,0,0
731,98,654,1,0,0
732,527,873,1,1,0
733,348,159,1,1,0
734,12,258,1,0,0
735,225,533,1,0,0
736,538,441,1,0,0
737,199,2,1,0,0
738,43,854,1,0,0
739,105,728,1,0,0
740,97,130,1,1,0
741,937,6,1,0,0
742,690,884,1,0,0
743,372,606,1,0,0
744,905,609,1,1,0
745,450,828,1,1,0
746,118,286,1,0,0
747,4,520,1,0,0
748,470,572,1,0,0
749,923,167,1,0,0
750,990,874,1,0,0
751,876,34,1,0,0
752,317,422,1,0,0
753,2,945,1,0,0
754,576,236,0,1,0
755,503,459,1,0,0
756,819,526,1,0,0
757,866,813,0,1,0
758,462,803,1,0,0
759,4,160,1,1,0
760,617,198,1,1,0
761,553,975,1,1,0
762,620,541,0,1,0
763,880,479,1,0,0
764,334,4,1,1,0
765,450,781,1,0,0
766,739,484,1,0,0
767,150,720,1,0,0
768,967,62,1,0,0
769,358,34,1,0,0
770,335,194,1,1,0
771,323,513,1,0,0
772,859,713,1,0,0
773,859,595,0,1,0
774,883,556,1,0,0
775,630,761,0,1,0
776,894,386,1,0,0
777,154,97,0,1,0
778,945,634,1,0,0
779,118,9,1,0,0
780,192,768,1,0,0
781,645,527,0,1,0
782,348,64,1,0,0
783,200,277,1,0,0
784,301,942,1,0,0
785,758,90,1,0,0
786,886,73,1,0,0
787,582,833,1,1,0
788,10,911,1,0,0
789,44,944,1,0,0
790,528,85,0,1,0
791,229,565,0,1,0
792,1,983,1,0,0
793,63,662,1,0,0
794,230,557,1,0,0
795,970,690,1,1,0
796,491,642,1,0,0
797,934,272,1,0,0
798,902,599,0,1,0
799,866,451,1,0,0
800,486,493,1,0,0
801,298,246,1,0,0
802,396,265,1,0,0
803,336,139,1,1,0
804,501,1,1,0,0
805,750,248,1,0,0
806,955,376,0,1,0
807,451,123,1,1,0
808,789,545,1,0,0
809,911,241,1,0,0
810,847,636,1,1,0
811,688,434,1,0,0
812,842,596,1,1,0
813,216,616,1,0,0
814,823,10,1,0,0
815,495,429,1,0,0
816,549,208,1,0,0
817,403,828,1,0,0
818,701,526,1,1,0
819,814,857,0,1,0
820,133,722,1,0,0
821,534,66,1,1,0
822,388,699,1,1,0
823,923,856,1,0,0
824,104,694,1,0,0
825,593,754,1,0,0
826,416,26,1,0,0
827,607,900,0,1,0
828,551,953,0,1,0
829,723,528,0,1,0
830,538,666,1,0,0
831,573,601,1,0,0
832,185,385,1,1,0
833,186,38,1,0,0
834,10,194,1,0,0
835,744,451,1,0,0
836,428,303,1,0,0
837,937,804,1,0,0
838,93,400,1,1,0
839,920,931,1,0,0
840,250,545,0,1,0
841,359,700,1,0,0
842,285,950,1,0,0
843,457,618,1,0,0
844,171,382,1,1,0
845,646,173,1,1,0
846,436,287,0,1,0
847,258,735,1,0,0
848,844,813,1,1,0
849,908,887,1,0,0
850,627,36,1,0,0
851,364,600,1,0,0
852,238,797,1,1,0
853,116,667,1,0,0
854,484,196,0,1,0
855,266,441,1,0,0
856,364,955,1,1,0
857,283,807,1,0,0
858,407,445,1,0,0
859,958,128,1,1,0
860,392,912,1,0,0
861,768,905,1,0,0
862,9,280,1,0,0
863,797,93,1,0,0
864,234,326,1,0,0
865,276,574,1,1,0
866,87,208,1,0,0
867,51,208,0,1,0
868,711,661,1,0,0
869,645,398,1,0,0
870,677,820,1,0,0
871,309,756,1,1,0
872,125,251,1,0,0
873,892,429,1,0,0
874,687,386,1,0,0
875,972,939,1,0,0
876,834,730,1,0,0
877,204,335,1,0,0
878,922,571,1,0,0
879,603,717,1,0,0
880,322,913,0,1,0
881,463,477,1,0,0
882,21,31,1,1,0
883,824,388,1,0,0
884,5,672,0,1,0
885,547,853,0,1,0
886,546,198,1,0,0
887,397,714,1,1,0
888,558,217,1,0,0
889,152,52,1,0,0
890,641,706,1,1,0
891,445,282,1,1,0
892,881,724,1,0,0
893,30,809,1,0,0
894,486,963,1,0,0
895,97,973,1,0,0
896,860,215,1,0,0
897,737,179,1,0,0
898,297,259,1,0,0
899,112,912,1,0,0
900,454,358,1,0,0
901,587,6,0,1,0
902,332,675,1,0,0
903,676,666,1,0,0
904,907,737,1,0,0
905,674,548,1,1,0
906,2,112,1,0,0
907,275,749,1,0,0
908,88,606,1,0,0
909,97,985,1,0,0
910,990,389,1,1,0
911,207,171,1,0,0
912,624,729,1,0,0
913,630,734,1,0,0
914,511,191,0,1,0
915,606,400,1,0,0
916,860,966,1,0,0
917,340,930,1,0,0
918,6,403,1,0,0
919,516,414,1,0,0
920,593,605,1,0,0
921,366,926,1,1,0
922,564,868,0,1,0
923,680,459,1,0,0
924,648,135,1,0,0
925,444,852,0,1,0
926,887,650,1,1,0
927,217,10,1,0,0
928,666,509,0,1,0
929,889,478,1,0,0
930,401,44,1,0,0
931,964,580,1,0,0
932,179,117,1,1,0
933,581,577,1,0,0
934,964,874,1,0,0
935,159,97,1,0,0
936,776,65,1,0,0
937,708,325,1,0,0
938,489,455,1,0,0
939,431,512,1,0,0
940,435,854,1,1,0
941,111,354,1,0,0
942,641,202,1,1,0
943,619,137,1,0,0
944,830,56,1,0,0
945,185,417,1,0,0
946,521,857,0,1,0
947,608,852,1,0,0
948,6,908,1,0,0
949,918,524,1,0,0
950,350,660,1,0,0
951,206,629,1,0,0
952,461,981,1,0,0
953,505,632,1,0,0
954,589,485,1,0,0
955,201,47,1,0,0
956,289,258,1,0,0
957,404,218,1,0,0
958,472,333,1,0,0
959,730,649,1,0,0
960,634,951,1,1,0
961,260,715,1,0,0
962,731,990,1,1,0
963,289,415,1,1,0
964,61,1,1,0,0
965,392,135,1,0,0
966,538,228,1,0,0
967,32,787,1,0,0
968,177,286,1,0,0
969,142,82,1,0,0
970,995,673,0,1,0
971,451,593,1,0,0
972,473,230,0,1,0
973,749,805,1,1,0
974,6,719,1,0,0
975,414,390,1,0,0
976,824,606,1,1,0
977,348,645,1,0,0
978,520,174,1,1,0
979,237,826,0,1,0
980,827,360,1,1,0
981,588,895,1,0,0
982,456,220,0,1,0
983,436,421,1,0,0
984,252,412,1,0,0
985,440,256,1,1,0
986,618,928,1,1,0
987,709,29,1,0,0
988,499,319,0,1,0
989,120,665,1,0,0
990,91,534,1,1,0
991,665,173,0,1,0
992,202,75,0,1,0
993,8,24,1,1,0
994,202,176,1,0,0
995,734,921,1,1,0
996,636,619,1,0,0
997,148,99,1,1,0
998,732,612,1,0,0
999,731,566,0,1,0
