Index,x,y,alive,infected,immune
0,789,298,0,1,0
1,26,701,1,0,1
2,958,212,0,0,1
3,520,895,1,0,1
4,939,760,0,1,0
5,387,102,0,1,0
6,492,89,0,1,0
7,3,559,0,1,0
8,316,795,1,0,1
9,862,591,0,1,0
10,457,152,0,1,0
11,628,110,0,1,0
12,515,8,0,1,0
13,51,332,0,1,0
14,876,246,0,1,0
15,99,734,0,1,0
16,493,333,1,0,1
17,752,729,0,1,0
18,954,137,0,1,0
19,653,826,0,1,0
20,935,563,0,1,0
21,328,332,0,1,0
22,422,813,0,1,0
23,239,143,1,0,1
24,190,395,0,1,0
25,2,153,0,1,0
26,795,2,0,1,0
27,714,391,0,1,0
28,111,139,0,1,0
29,496,891,0,1,0
30,684,680,0,1,0
31,561,4,0,1,0
32,775,865,1,0,1
33,957,301,1,0,1
34,270,839,0,1,0
35,281,3,0,1,0
36,629,6,1,0,1
37,947,657,0,1,0
38,7,585,0,1,0
39,364,773,0,1,0
40,203,32,0,1,0
41,629,558,1,0,1
42,492,159,1,0,1
43,133,419,0,1,0
44,482,274,0,1,0
45,233,102,0,1,0
46,548,912,1,0,1
47,746,561,0,1,0
48,750,345,0,1,0
49,492,173,0,1,0
50,529,923,0,1,0
51,832,718,0,1,0
52,125,392,0,1,0
53,157,340,0,1,0
54,332,807,0,1,0
55,557,277,0,0,1
56,704,190,0,1,0
57,544,258,0,1,0
58,166,380,0,1,0
59,990,407,0,1,0
60,185,625,0,1,0
61,594,8,0,1,0
62,419,931,0,1,0
63,133,443,0,1,0
64,9,962,0,1,0
65,7,349,1,0,1
66,27,816,0,1,0
67,791,822,0,1,0
68,652,798,0,1,0
69,708,923,0,1,0
70,608,782,0,1,0
71,747,10,0,1,0
72,535,747,0,1,0
73,589,768,0,1,0
74,335,8,0,1,0
75,990,163,1,0,1
76,132,351,0,1,0
77,435,265,1,0,1
78,335,762,1,0,1
79,954,76,0,1,0
80,120,511,0,1,0
81,763,866,0,1,0
82,134,117,0,1,0
83,290,947,0,1,0
84,375,546,0,1,0
85,197,321,0,1,0
86,382,650,1,0,1
87,874,593,0,1,0
88,609,101,0,1,0
89,632,959,0,1,0
90,235,188,0,1,0
91,186,499,0,1,0
92,259,509,0,1,0
93,545,931,0,1,0
94,636,368,0,1,0
95,227,915,0,1,0
96,781,884,0,1,0
97,526,544,0,1,0
98,111,58,0,1,0
99,712,195,0,1,0
100,223,260,0,1,0
101,739,425,1,0,1
102,687,903,1,0,1
103,0,33,0,0,1
104,656,433,1,0,1
105,589,571,1,1,0
106,860,267,0,1,0
107,631,198,0,1,0
108,903,381,0,1,0
109,817,569,0,0,1
110,351,868,1,0,1
111,2,776,0,1,0
112,791,436,0,1,0
113,863,352,0,1,0
114,552,277,0,1,0
115,885,563,0,1,0
116,60,909,1,0,0
117,693,831,0,1,0
118,413,9,1,0,0
119,188,732,0,1,0
120,675,507,1,0,1
121,867,521,0,1,0
122,8,481,1,0,0
123,644,39,1,0,0
124,245,416,0,1,0
125,857,572,1,0,1
126,808,6,0,1,0
127,675,761,0,1,0
128,229,762,1,0,1
129,531,7,0,1,0
130,461,891,0,1,0
131,4,180,1,0,0
132,902,282,0,1,0
133,7,274,0,1,0
134,674,603,0,1,0
135,310,473,0,1,0
136,189,181,0,1,0
137,542,532,1,0,0
138,599,722,1,0,1
139,606,161,1,0,1
140,6,421,0,1,0
141,613,627,1,0,1
142,553,390,0,1,0
143,778,184,0,1,0
144,412,607,0,1,0
145,159,59,0,1,0
146,511,604,1,0,0
147,461,696,1,1,0
148,768,330,0,1,0
149,275,179,0,1,0
150,146,207,1,0,1
151,657,385,0,1,0
152,381,448,1,0,1
153,307,336,0,1,0
154,6,901,1,0,0
155,49,123,0,1,0
156,561,576,1,0,0
157,194,276,0,1,0
158,406,735,1,1,0
159,847,658,0,1,0
160,783,718,0,1,0
161,156,581,0,1,0
162,835,811,0,1,0
163,685,226,0,1,0
164,82,564,0,1,0
165,546,887,0,1,0
166,836,327,0,1,0
167,244,200,0,1,0
168,238,3,0,1,0
169,883,1,1,0,0
170,549,661,1,0,1
171,981,523,0,1,0
172,137,326,1,1,0
173,8,926,1,0,0
174,191,863,0,1,0
175,80,37,1,0,0
176,586,408,0,1,0
177,392,421,0,1,0
178,395,644,0,1,0
179,709,5,0,1,0
180,534,116,0,1,0
181,947,633,0,1,0
182,460,889,0,1,0
183,726,282,1,0,0
184,366,317,1,1,0
185,544,52,1,0,0
186,860,292,1,0,1
187,714,426,0,1,0
188,394,990,0,1,0
189,847,36,1,0,0
190,957,521,0,1,0
191,950,7,0,1,0
192,924,215,0,1,0
193,456,214,0,1,0
194,9,537,0,1,0
195,550,282,0,1,0
196,7,676,1,0,1
197,966,990,0,1,0
198,738,962,0,1,0
199,817,545,0,1,0
200,532,605,1,0,0
201,212,824,1,1,0
202,192,852,0,1,0
203,947,1,0,1,0
204,27,733,1,0,0
205,657,889,0,1,0
206,176,296,1,0,1
207,788,364,0,1,0
208,289,599,0,1,0
209,778,58,1,0,1
210,233,990,1,0,0
211,728,774,0,1,0
212,34,590,0,1,0
213,569,830,0,1,0
214,990,506,1,0,0
215,519,739,1,0,0
216,336,78,0,1,0
217,449,277,0,1,0
218,649,413,0,1,0
219,309,10,1,0,1
220,8,785,0,0,1
221,740,183,0,1,0
222,4,550,0,1,0
223,407,117,0,1,0
224,314,442,0,1,0
225,654,693,0,1,0
226,334,565,1,0,1
227,496,616,1,0,0
228,939,730,0,1,0
229,473,292,1,0,1
230,293,116,0,1,0
231,983,147,1,1,0
232,811,159,0,1,0
233,215,758,0,1,0
234,443,625,0,1,0
235,662,484,0,1,0
236,358,852,0,1,0
237,308,0,0,1,0
238,519,437,1,0,0
239,267,891,0,1,0
240,217,115,0,0,1
241,273,934,0,1,0
242,267,240,0,1,0
243,168,338,1,0,1
244,254,841,0,1,0
245,812,607,1,0,1
246,770,201,1,0,1
247,524,856,0,1,0
248,321,8,0,1,0
249,683,774,0,1,0
250,859,612,0,1,0
251,908,671,1,0,1
252,718,621,0,1,0
253,650,75,1,0,0
254,136,227,1,0,0
255,113,467,0,1,0
256,653,406,0,0,1
257,725,621,0,1,0
258,585,624,1,1,0
259,802,852,1,0,1
260,829,431,0,1,0
261,569,493,0,1,0
262,5,515,0,1,0
263,875,619,0,1,0
264,68,615,0,1,0
265,187,369,0,1,0
266,43,914,1,0,0
267,259,41,0,0,1
268,759,110,0,1,0
269,892,1,1,0,0
270,835,690,1,0,1
271,748,298,1,0,0
272,889,947,1,0,1
273,482,685,0,1,0
274,125,368,1,0,1
275,112,1,0,1,0
276,528,155,0,0,1
277,703,636,1,0,1
278,509,522,1,0,0
279,384,3,1,0,0
280,233,229,0,1,0
281,213,703,0,1,0
282,494,642,1,0,1
283,990,904,1,0,0
284,883,784,0,1,0
285,821,0,0,1,0
286,863,970,1,0,1
287,4,39,0,1,0
288,0,695,0,1,0
289,141,692,0,1,0
290,593,365,0,1,0
291,836,107,1,0,1
292,37,870,1,0,0
293,2,244,0,1,0
294,45,877,1,0,1
295,231,644,0,1,0
296,239,708,0,1,0
297,326,133,0,1,0
298,662,750,0,1,0
299,73,272,1,0,1
300,423,716,1,0,1
301,718,586,1,0,1
302,152,133,0,0,1
303,5,498,0,1,0
304,552,262,0,1,0
305,942,8,0,1,0
306,735,104,0,1,0
307,565,287,1,0,1
308,838,10,1,0,0
309,475,263,1,0,1
310,849,327,0,1,0
311,759,500,0,1,0
312,200,781,0,1,0
313,352,2,1,0,0
314,4,244,0,1,0
315,886,770,0,1,0
316,1,790,0,1,0
317,785,745,0,0,1
318,606,801,0,1,0
319,61,990,1,0,0
320,728,851,0,1,0
321,770,572,1,0,1
322,791,796,0,1,0
323,829,651,1,0,1
324,0,503,0,1,0
325,585,846,0,1,0
326,279,55,0,1,0
327,807,478,0,1,0
328,122,495,0,1,0
329,97,451,0,1,0
330,613,799,0,1,0
331,1,150,0,1,0
332,710,932,0,1,0
333,204,890,0,1,0
334,210,392,0,1,0
335,791,639,0,1,0
336,865,339,0,1,0
337,397,110,0,1,0
338,758,3,0,1,0
339,7,707,1,0,0
340,913,669,0,1,0
341,824,629,0,1,0
342,509,658,0,1,0
343,557,2,0,1,0
344,962,942,1,0,0
345,474,579,1,0,0
346,186,240,1,0,1
347,285,483,0,1,0
348,264,504,0,1,0
349,782,93,0,1,0
350,93,824,1,0,1
351,500,273,1,0,1
352,361,880,0,1,0
353,861,788,0,1,0
354,886,923,0,1,0
355,3,791,1,0,1
356,146,687,0,1,0
357,111,405,0,1,0
358,562,602,1,0,0
359,663,900,0,1,0
360,358,333,0,1,0
361,4,816,0,1,0
362,713,4,0,1,0
363,613,353,1,0,1
364,841,879,0,1,0
365,816,845,0,1,0
366,384,182,0,1,0
367,454,637,0,1,0
368,246,381,0,1,0
369,181,469,1,0,1
370,684,887,0,1,0
371,6,886,1,0,0
372,774,625,1,0,1
373,371,985,0,1,0
374,884,906,0,1,0
375,536,132,0,1,0
376,223,805,0,1,0
377,504,868,0,1,0
378,530,631,1,0,0
379,110,821,1,0,0
380,824,429,0,1,0
381,833,647,1,0,1
382,699,452,0,1,0
383,462,10,1,0,0
384,832,151,1,0,0
385,438,3,1,0,1
386,880,794,0,1,0
387,320,114,1,0,0
388,751,8,0,1,0
389,408,108,1,0,1
390,3,21,0,1,0
391,85,888,1,0,0
392,177,39,0,1,0
393,273,819,0,1,0
394,734,567,0,1,0
395,257,4,1,0,0
396,75,485,0,1,0
397,8,827,0,1,0
398,230,209,0,1,0
399,685,135,1,0,0
400,561,431,1,0,0
401,752,481,0,0,1
402,344,484,0,1,0
403,323,58,0,1,0
404,136,547,0,1,0
405,907,148,1,1,0
406,732,444,0,1,0
407,314,510,0,1,0
408,7,755,1,0,0
409,585,72,0,1,0
410,319,627,1,0,1
411,447,10,1,0,1
412,547,305,0,1,0
413,759,776,0,1,0
414,215,826,0,1,0
415,486,209,1,0,1
416,185,535,0,1,0
417,578,926,0,1,0
418,313,859,0,1,0
419,401,238,0,1,0
420,734,515,0,1,0
421,871,749,0,1,0
422,38,720,1,0,1
423,295,72,1,0,1
424,176,382,0,1,0
425,153,399,0,1,0
426,54,755,0,1,0
427,303,535,1,0,1
428,980,5,1,0,0
429,585,990,0,1,0
430,352,181,0,1,0
431,559,703,0,1,0
432,878,276,0,1,0
433,818,482,1,0,1
434,417,812,1,1,0
435,862,384,0,1,0
436,488,10,1,0,0
437,791,626,0,1,0
438,531,639,1,0,0
439,877,191,1,0,0
440,297,30,0,1,0
441,737,591,1,0,1
442,444,478,1,0,0
443,227,268,0,1,0
444,130,232,0,0,1
445,306,456,0,1,0
446,809,648,0,1,0
447,401,911,0,1,0
448,658,96,1,0,0
449,88,297,1,0,0
450,925,289,0,1,0
451,301,4,0,1,0
452,957,143,1,0,1
453,239,659,1,0,1
454,624,602,0,1,0
455,614,213,0,1,0
456,990,900,1,0,0
457,639,392,0,1,0
458,330,827,0,1,0
459,10,840,1,0,0
460,978,9,1,0,0
461,434,385,1,0,1
462,620,565,1,0,1
463,832,581,1,0,1
464,570,810,0,1,0
465,834,496,0,1,0
466,221,220,1,0,1
467,465,472,1,0,0
468,27,4,1,0,1
469,726,365,0,1,0
470,689,8,0,1,0
471,7,530,0,1,0
472,854,6,1,0,0
473,8,564,1,0,1
474,306,96,0,0,1
475,336,4,1,0,1
476,317,342,0,1,0
477,550,505,1,0,0
478,414,865,1,0,1
479,781,247,1,0,0
480,807,445,0,1,0
481,234,241,1,0,1
482,221,809,1,0,1
483,540,961,0,1,0
484,878,750,0,1,0
485,629,597,0,1,0
486,320,461,0,1,0
487,105,528,0,0,1
488,328,823,1,1,0
489,593,407,1,0,1
490,855,793,1,0,1
491,417,324,0,1,0
492,990,15,1,0,0
493,733,107,0,1,0
494,536,215,0,1,0
495,86,598,0,1,0
496,129,167,0,1,0
497,648,456,0,1,0
498,176,801,1,0,1
499,948,198,1,0,1
500,328,205,1,0,1
501,97,919,1,0,0
502,567,7,0,1,0
503,754,3,0,1,0
504,228,326,0,1,0
505,607,468,1,0,1
506,691,677,1,0,1
507,610,394,0,1,0
508,345,127,0,1,0
509,116,649,0,1,0
510,553,2,1,0,1
511,919,508,0,1,0
512,893,210,1,0,0
513,62,662,1,0,1
514,639,212,0,1,0
515,163,108,0,1,0
516,843,382,0,1,0
517,608,170,0,1,0
518,684,229,0,1,0
519,375,128,0,1,0
520,762,685,0,1,0
521,911,70,0,1,0
522,286,559,1,0,1
523,488,735,1,1,0
524,822,878,0,1,0
525,605,422,1,0,1
526,6,37,0,1,0
527,457,394,1,0,1
528,754,3,0,1,0
529,305,545,1,0,1
530,921,507,1,0,1
531,456,738,1,0,0
532,143,907,0,1,0
533,40,233,0,1,0
534,853,389,0,1,0
535,253,885,0,1,0
536,882,678,0,1,0
537,375,553,0,1,0
538,437,139,0,1,0
539,593,379,1,0,1
540,462,703,0,1,0
541,492,708,0,1,0
542,644,471,0,1,0
543,1,46,0,1,0
544,303,297,1,0,0
545,52,3,1,1,0
546,111,402,0,1,0
547,430,422,0,1,0
548,105,788,1,1,0
549,642,583,0,1,0
550,780,351,0,1,0
551,246,934,0,1,0
552,910,276,1,0,1
553,390,807,1,0,1
554,538,752,1,1,0
555,170,851,0,1,0
556,339,599,0,1,0
557,299,0,0,1,0
558,858,583,1,0,1
559,698,522,0,1,0
560,768,648,0,1,0
561,691,745,0,1,0
562,854,609,0,1,0
563,435,990,0,1,0
564,3,142,1,0,1
565,200,720,0,1,0
566,171,102,0,1,0
567,229,359,0,1,0
568,741,129,0,1,0
569,210,1,0,1,0
570,793,656,1,0,1
571,250,614,0,1,0
572,596,323,0,1,0
573,193,504,1,0,1
574,900,510,0,1,0
575,533,203,0,1,0
576,50,886,1,0,0
577,328,816,1,0,1
578,203,146,0,1,0
579,739,122,0,1,0
580,204,740,0,1,0
581,2,370,1,0,0
582,354,311,0,1,0
583,507,962,0,1,0
584,332,254,1,0,1
585,125,515,0,1,0
586,779,337,0,1,0
587,801,2,0,1,0
588,266,591,0,1,0
589,545,793,0,1,0
590,437,321,0,1,0
591,805,395,1,0,1
592,821,832,0,1,0
593,271,708,0,1,0
594,797,583,0,1,0
595,580,875,1,0,1
596,322,858,0,1,0
597,763,586,0,1,0
598,164,341,0,1,0
599,80,375,0,1,0
600,923,230,0,1,0
601,718,814,0,1,0
602,722,449,0,1,0
603,1,429,0,1,0
604,498,84,0,1,0
605,362,391,0,1,0
606,811,2,1,0,1
607,134,300,0,1,0
608,526,642,1,0,0
609,365,390,0,1,0
610,762,921,0,1,0
611,461,259,0,1,0
612,335,859,0,1,0
613,37,510,0,1,0
614,583,766,1,0,1
615,507,7,0,1,0
616,906,790,1,0,0
617,720,599,0,1,0
618,429,255,0,1,0
619,668,204,0,1,0
620,2,76,0,1,0
621,541,322,0,1,0
622,539,3,0,1,0
623,166,366,0,1,0
624,677,345,1,0,1
625,246,482,0,1,0
626,6,20,0,1,0
627,147,345,0,1,0
628,833,9,1,0,0
629,650,646,0,1,0
630,744,500,0,1,0
631,889,926,0,1,0
632,990,792,1,0,0
633,189,260,0,1,0
634,843,268,0,1,0
635,551,872,0,1,0
636,768,818,0,1,0
637,198,430,0,1,0
638,356,574,1,0,0
639,639,333,1,0,1
640,179,757,0,1,0
641,2,586,0,1,0
642,9,967,0,1,0
643,924,584,0,1,0
644,502,255,0,1,0
645,33,201,0,1,0
646,621,189,0,1,0
647,4,644,0,1,0
648,98,248,0,1,0
649,704,389,0,1,0
650,954,990,0,1,0
651,785,337,0,1,0
652,258,407,0,1,0
653,219,8,0,1,0
654,9,824,0,1,0
655,508,6,0,1,0
656,398,378,0,1,0
657,673,249,0,1,0
658,305,719,0,1,0
659,267,39,1,0,1
660,309,103,1,0,1
661,321,603,1,0,1
662,358,149,1,0,1
663,705,381,0,1,0
664,142,604,0,1,0
665,235,542,0,1,0
666,137,392,0,1,0
667,578,95,0,1,0
668,925,641,0,1,0
669,921,7,1,0,0
670,256,358,0,1,0
671,798,692,0,1,0
672,910,676,0,1,0
673,743,289,1,0,1
674,727,316,0,1,0
675,681,594,0,1,0
676,814,881,0,1,0
677,882,907,0,1,0
678,490,377,1,0,0
679,0,147,0,1,0
680,572,515,0,1,0
681,489,3,1,0,0
682,150,742,0,1,0
683,9,604,0,1,0
684,219,25,0,1,0
685,413,216,1,0,1
686,859,104,0,1,0
687,816,561,1,0,1
688,542,780,0,1,0
689,805,738,1,0,1
690,587,567,0,1,0
691,206,714,0,1,0
692,776,741,0,1,0
693,424,874,0,1,0
694,661,286,1,0,0
695,684,414,0,1,0
696,844,414,1,0,1
697,555,331,0,1,0
698,212,453,1,0,1
699,134,663,0,1,0
700,754,306,1,0,1
701,87,942,1,0,0
702,521,414,0,1,0
703,397,9,1,0,0
704,289,858,0,1,0
705,9,645,0,1,0
706,550,5,1,0,1
707,484,713,0,1,0
708,868,279,0,1,0
709,536,10,0,1,0
710,683,157,0,1,0
711,400,592,0,1,0
712,6,579,0,1,0
713,892,817,0,1,0
714,892,432,0,1,0
715,582,1,0,1,0
716,113,864,0,1,0
717,792,731,1,0,1
718,414,367,1,0,1
719,647,909,0,1,0
720,425,421,0,1,0
721,845,81,0,1,0
722,961,152,0,1,0
723,928,891,0,1,0
724,108,842,0,1,0
725,575,174,0,1,0
726,298,499,0,1,0
727,8,951,1,0,0
728,485,849,0,0,1
729,1,523,0,1,0
730,227,223,0,1,0
731,147,713,0,1,0
732,531,782,1,0,1
733,443,148,1,0,1
734,3,268,0,1,0
735,164,591,0,1,0
736,557,496,1,0,0
737,199,5,1,0,0
738,38,842,0,1,0
739,146,699,0,1,0
740,85,102,0,1,0
741,937,7,0,1,0
742,702,825,0,1,0
743,371,628,0,1,0
744,822,602,0,1,0
745,465,849,1,0,1
746,164,283,1,0,1
747,7,520,1,0,1
748,493,681,0,1,0
749,940,120,0,1,0
750,990,874,1,0,0
751,925,129,0,1,0
752,298,509,1,0,1
753,7,945,1,0,0
754,512,242,0,1,0
755,545,555,0,1,0
756,836,507,0,1,0
757,862,831,0,1,0
758,493,795,0,1,0
759,8,160,1,0,1
760,573,201,0,1,0
761,582,968,0,1,0
762,617,514,0,1,0
763,797,518,0,1,0
764,334,0,0,1,0
765,404,729,1,0,1
766,717,435,0,1,0
767,266,739,1,0,1
768,946,9,0,1,0
769,351,10,1,0,0
770,432,178,1,0,1
771,317,464,0,1,0
772,858,664,0,1,0
773,896,597,0,1,0
774,848,560,0,1,0
775,582,685,0,1,0
776,834,383,1,0,1
777,137,60,0,1,0
778,869,668,0,1,0
779,118,9,0,1,0
780,231,782,0,1,0
781,661,562,0,1,0
782,376,189,0,1,0
783,166,233,1,0,1
784,228,1,1,0,1
785,734,136,1,0,1
786,828,168,1,0,1
787,647,863,0,1,0
788,10,911,1,0,0
789,113,910,1,0,0
790,539,122,0,1,0
791,168,638,0,1,0
792,2,983,1,0,0
793,1,688,0,1,0
794,208,583,0,1,0
795,925,702,1,0,1
796,421,717,1,0,0
797,970,210,0,1,0
798,943,510,0,1,0
799,859,471,0,1,0
800,474,445,1,0,0
801,243,166,0,1,0
802,354,292,0,1,0
803,253,135,0,1,0
804,501,9,0,1,0
805,803,260,1,0,0
806,878,400,0,1,0
807,407,139,1,0,1
808,831,583,0,1,0
809,2,242,0,1,0
810,870,636,0,1,0
811,665,417,0,1,0
812,903,654,0,1,0
813,126,633,1,0,1
814,823,10,0,1,0
815,518,382,0,1,0
816,546,152,0,1,0
817,378,863,0,1,0
818,705,499,1,0,1
819,797,930,0,1,0
820,177,731,0,1,0
821,541,83,0,1,0
822,249,651,0,1,0
823,990,839,0,1,0
824,26,676,1,0,0
825,526,807,0,1,0
826,399,3,1,0,0
827,675,902,0,1,0
828,606,922,0,1,0
829,757,493,0,1,0
830,622,665,0,1,0
831,583,610,0,1,0
832,231,437,0,1,0
833,161,0,0,1,0
834,10,194,1,1,0
835,796,533,0,1,0
836,440,324,1,0,1
837,889,781,0,1,0
838,23,387,1,0,1
839,963,6,0,1,0
840,243,537,0,1,0
841,419,678,0,1,0
842,301,984,0,1,0
843,544,600,1,0,0
844,138,376,1,0,1
845,671,178,0,1,0
846,443,254,0,1,0
847,232,636,0,1,0
848,881,804,0,1,0
849,990,856,0,1,0
850,593,1,0,1,0
851,413,580,0,1,0
852,317,764,1,0,1
853,191,652,0,1,0
854,440,200,0,1,0
855,180,378,0,1,0
856,411,902,0,1,0
857,307,743,1,0,0
858,406,428,0,0,1
859,920,134,0,1,0
860,383,860,0,1,0
861,765,943,0,1,0
862,4,280,0,1,0
863,773,53,1,0,0
864,214,367,0,1,0
865,232,574,1,0,1
866,96,246,0,1,0
867,52,208,0,1,0
868,642,707,0,1,0
869,697,430,0,1,0
870,670,809,1,0,1
871,366,700,0,1,0
872,5,208,0,1,0
873,897,514,0,1,0
874,635,352,0,1,0
875,923,959,0,1,0
876,971,713,0,1,0
877,227,270,0,1,0
878,924,532,0,1,0
879,614,743,1,0,1
880,351,953,0,1,0
881,490,538,1,0,0
882,2,31,1,0,1
883,875,296,0,1,0
884,7,672,0,1,0
885,564,849,0,1,0
886,507,118,0,1,0
887,388,725,0,1,0
888,570,212,0,1,0
889,174,10,1,0,1
890,589,656,0,1,0
891,473,298,0,1,0
892,949,678,1,0,1
893,9,851,1,0,0
894,516,990,0,1,0
895,93,6,1,0,0
896,898,267,0,1,0
897,789,223,1,0,0
898,313,209,0,1,0
899,69,963,1,0,0
900,420,397,1,0,1
901,587,9,0,1,0
902,266,772,1,0,1
903,649,702,0,1,0
904,968,719,0,1,0
905,631,521,0,1,0
906,6,112,1,0,0
907,251,773,1,0,1
908,218,557,0,1,0
909,72,990,1,0,0
910,990,389,1,0,1
911,221,272,0,1,0
912,594,677,0,1,0
913,595,747,0,1,0
914,545,236,0,1,0
915,595,352,0,1,0
916,759,1,0,1,0
917,373,879,1,0,1
918,0,403,1,0,0
919,581,430,0,1,0
920,573,718,0,1,0
921,314,828,1,0,1
922,636,757,0,1,0
923,623,483,1,0,1
924,517,144,0,1,0
925,431,832,0,1,0
926,988,666,0,1,0
927,217,10,0,1,0
928,702,537,0,1,0
929,830,471,1,0,1
930,418,10,1,0,0
931,942,636,0,1,0
932,161,44,0,1,0
933,520,551,1,0,0
934,936,943,0,1,0
935,177,124,1,0,1
936,778,5,0,1,0
937,643,274,0,1,0
938,451,459,1,0,0
939,361,533,1,1,0
940,371,957,0,1,0
941,122,309,0,1,0
942,718,172,1,0,1
943,734,198,0,1,0
944,961,47,0,1,0
945,214,401,1,0,1
946,537,875,0,1,0
947,652,849,0,1,0
948,1,908,1,0,0
949,5,458,0,1,0
950,395,587,1,0,1
951,219,621,0,1,0
952,428,3,0,1,0
953,477,683,1,1,0
954,593,520,0,1,0
955,180,8,0,1,0
956,331,157,0,1,0
957,383,209,1,1,0
958,413,238,0,1,0
959,791,668,0,1,0
960,608,950,0,1,0
961,208,599,0,1,0
962,731,990,1,0,1
963,243,366,0,1,0
964,61,3,1,1,0
965,370,117,0,1,0
966,505,283,1,0,1
967,1,793,0,1,0
968,281,307,0,0,1
969,63,10,0,1,0
970,0,673,0,1,0
971,504,635,1,0,0
972,542,172,0,1,0
973,795,762,0,1,0
974,7,719,1,0,0
975,367,423,0,1,0
976,844,685,1,0,1
977,311,617,0,1,0
978,479,181,0,1,0
979,249,797,0,1,0
980,718,400,0,1,0
981,609,873,0,1,0
982,450,243,0,1,0
983,414,481,1,0,0
984,199,445,0,1,0
985,437,318,0,1,0
986,590,9,0,1,0
987,721,7,1,0,1
988,530,266,0,1,0
989,106,622,0,1,0
990,88,596,1,0,1
991,707,137,0,1,0
992,255,59,0,1,0
993,7,24,0,1,0
994,144,157,0,1,0
995,733,901,0,1,0
996,660,640,0,1,0
997,23,97,1,0,1
998,687,643,0,1,0
999,699,525,0,1,0
