Index,x,y,alive,infected,immune
0,791,290,0,1,0
1,42,657,1,1,0
2,945,235,1,1,0
3,534,869,1,1,0
4,910,728,0,1,0
5,449,152,0,1,0
6,466,51,1,1,0
7,964,540,0,1,0
8,285,766,1,1,0
9,857,585,0,1,0
10,355,140,0,1,0
11,690,164,0,1,0
12,567,944,0,1,0
13,82,285,0,1,0
14,802,305,0,1,0
15,77,790,0,1,0
16,529,340,1,1,0
17,793,623,0,1,0
18,961,185,0,1,0
19,572,840,0,1,0
20,974,653,0,1,0
21,375,341,0,1,0
22,515,779,0,1,0
23,279,88,1,1,0
24,197,383,0,1,0
25,8,153,0,1,0
26,773,972,0,1,0
27,672,507,0,1,0
28,123,182,0,1,0
29,517,928,0,1,0
30,701,720,0,1,0
31,561,4,0,1,0
32,769,874,1,1,0
33,968,391,1,1,0
34,216,887,0,1,0
35,281,0,0,1,0
36,629,7,1,1,0
37,854,750,0,1,0
38,56,603,0,1,0
39,388,715,0,1,0
40,142,41,0,1,0
41,633,499,1,1,0
42,485,175,1,1,0
43,117,414,0,1,0
44,458,267,0,1,0
45,198,121,0,1,0
46,519,890,1,1,0
47,772,570,0,1,0
48,743,357,0,1,0
49,442,130,0,1,0
50,477,889,0,1,0
51,878,811,0,1,0
52,135,379,0,1,0
53,187,384,0,1,0
54,281,875,0,1,0
55,581,285,1,1,0
56,760,159,0,1,0
57,609,280,0,1,0
58,145,381,0,1,0
59,990,407,0,1,0
60,229,568,0,1,0
61,594,5,0,1,0
62,376,960,0,1,0
63,157,475,0,1,0
64,8,962,0,1,0
65,943,390,1,1,0
66,75,810,0,1,0
67,762,827,0,1,0
68,645,747,0,1,0
69,684,945,0,1,0
70,568,826,0,1,0
71,759,32,0,1,0
72,604,807,0,1,0
73,647,719,0,1,0
74,335,6,0,1,0
75,957,133,1,1,0
76,103,336,0,1,0
77,450,219,1,1,0
78,321,711,1,1,0
79,907,112,0,1,0
80,114,502,0,1,0
81,778,807,0,1,0
82,186,117,0,1,0
83,193,851,0,1,0
84,319,555,0,1,0
85,215,403,0,1,0
86,410,741,1,1,0
87,861,595,0,1,0
88,558,177,0,1,0
89,649,952,0,1,0
90,333,193,0,1,0
91,241,510,0,1,0
92,295,424,0,1,0
93,487,887,0,1,0
94,646,441,0,1,0
95,179,938,0,1,0
96,714,902,0,1,0
97,645,508,0,1,0
98,56,41,0,1,0
99,639,165,0,1,0
100,233,288,1,0,0
101,778,421,1,0,0
102,730,828,1,0,0
103,9,33,1,1,0
104,651,424,1,1,0
105,556,563,1,0,0
106,868,216,1,0,0
107,643,202,1,1,0
108,836,335,1,0,0
109,746,643,1,0,0
110,331,865,1,0,0
111,2,776,1,0,0
112,792,424,1,0,0
113,879,332,1,0,0
114,583,332,1,1,0
115,846,566,0,1,0
116,96,965,1,0,0
117,735,822,0,1,0
118,413,0,1,0,0
119,167,753,1,0,0
120,699,490,1,0,0
121,871,491,1,0,0
122,962,495,1,0,0
123,680,84,1,0,0
124,281,333,1,0,0
125,817,600,1,1,0
126,808,2,1,0,0
127,635,812,1,0,0
128,226,729,1,0,0
129,531,5,1,0,0
130,389,765,1,0,0
131,5,180,1,0,0
132,952,226,1,1,0
133,71,246,0,1,0
134,705,571,1,1,0
135,320,519,1,0,0
136,204,188,1,0,0
137,569,610,1,0,0
138,648,697,1,0,0
139,561,136,1,1,0
140,6,421,0,1,0
141,569,752,1,0,0
142,475,357,1,0,0
143,758,122,0,1,0
144,356,716,1,0,0
145,203,90,1,1,0
146,544,501,1,0,0
147,455,628,1,0,0
148,709,367,0,1,0
149,299,169,1,0,0
150,102,198,1,1,0
151,647,380,1,0,0
152,369,399,1,0,0
153,342,343,1,0,0
154,3,901,1,0,0
155,113,153,1,0,0
156,559,528,1,0,0
157,167,302,1,0,0
158,368,679,1,0,0
159,866,608,1,1,0
160,834,754,1,0,0
161,134,568,1,0,0
162,719,759,1,0,0
163,617,176,1,0,0
164,45,539,0,1,0
165,563,891,0,1,0
166,877,266,1,0,0
167,320,212,0,1,0
168,238,6,1,0,0
169,876,939,1,0,0
170,486,715,1,0,0
171,957,523,0,1,0
172,144,248,1,0,0
173,8,926,1,0,0
174,43,877,1,0,0
175,102,84,1,0,0
176,591,367,1,0,0
177,372,412,1,0,0
178,370,606,1,0,0
179,709,1,1,0,0
180,539,90,1,0,0
181,917,617,1,0,0
182,436,962,1,0,0
183,747,284,1,0,0
184,374,298,1,0,0
185,497,90,1,0,0
186,768,365,1,1,0
187,651,455,0,1,0
188,405,911,1,0,0
189,827,105,1,0,0
190,937,580,1,0,0
191,905,952,1,0,0
192,932,222,0,1,0
193,486,233,0,1,0
194,945,551,1,1,0
195,518,252,1,0,0
196,5,676,1,1,0
197,940,936,1,0,0
198,748,889,1,0,0
199,830,581,0,1,0
200,543,575,1,0,0
201,192,770,1,0,0
202,320,891,1,1,0
203,947,6,1,0,0
204,55,749,1,0,0
205,657,897,1,1,0
206,226,337,1,0,0
207,746,319,1,0,0
208,282,604,1,0,0
209,760,125,1,0,0
210,220,959,1,0,0
211,693,790,1,0,0
212,67,583,0,1,0
213,642,763,0,1,0
214,990,506,1,0,0
215,536,789,1,0,0
216,284,81,1,1,0
217,366,274,1,0,0
218,627,415,1,0,0
219,309,10,1,0,0
220,2,785,1,0,0
221,770,131,1,1,0
222,6,550,1,0,0
223,321,179,0,1,0
224,275,530,1,1,0
225,652,676,1,0,0
226,359,568,1,0,0
227,523,598,1,0,0
228,949,720,1,0,0
229,398,350,1,0,0
230,292,146,1,0,0
231,921,188,1,0,0
232,808,141,1,0,0
233,201,751,1,0,0
234,390,661,1,0,0
235,621,492,0,1,0
236,346,809,1,0,0
237,309,975,1,0,0
238,446,389,1,0,0
239,234,919,0,1,0
240,267,80,1,1,0
241,294,876,0,1,0
242,305,208,1,1,0
243,183,352,1,1,0
244,304,900,1,1,0
245,880,580,1,1,0
246,700,92,1,0,0
247,549,824,1,1,0
248,341,953,1,1,0
249,693,897,0,1,0
250,819,598,0,1,0
251,889,644,1,1,0
252,720,701,0,1,0
253,661,43,1,0,0
254,144,257,1,0,0
255,148,476,1,1,0
256,608,381,1,0,0
257,707,587,1,0,0
258,579,548,1,0,0
259,692,820,1,0,0
260,790,508,1,0,0
261,455,553,1,0,0
262,0,515,1,0,0
263,944,602,1,0,0
264,77,646,1,0,0
265,137,335,1,0,0
266,112,949,1,0,0
267,282,26,1,0,0
268,701,159,1,0,0
269,899,974,1,0,0
270,783,736,1,0,0
271,772,203,1,0,0
272,865,909,1,1,0
273,516,721,1,0,0
274,131,381,1,1,0
275,158,944,1,1,0
276,508,68,1,1,0
277,585,618,1,0,0
278,482,481,1,0,0
279,384,3,1,0,0
280,192,245,1,0,0
281,204,735,1,0,0
282,519,725,1,0,0
283,938,854,1,0,0
284,787,711,1,0,0
285,821,0,1,0,0
286,881,913,1,1,0
287,3,39,1,1,0
288,1,695,1,0,0
289,269,759,1,0,0
290,544,373,1,0,0
291,926,88,1,0,0
292,76,852,1,0,0
293,8,244,1,0,0
294,37,867,1,0,0
295,220,649,1,0,0
296,240,693,1,0,0
297,385,171,1,0,0
298,711,712,1,1,0
299,40,289,1,0,0
300,404,716,1,0,0
301,689,557,1,0,0
302,75,138,1,1,0
303,4,498,0,1,0
304,565,278,0,1,0
305,937,22,1,0,0
306,777,85,1,0,0
307,670,217,1,1,0
308,838,10,1,0,0
309,515,305,1,1,0
310,973,334,1,0,0
311,699,489,1,0,0
312,246,771,1,0,0
313,352,3,1,0,0
314,1,244,1,0,0
315,895,641,0,1,0
316,3,790,1,0,0
317,729,700,1,1,0
318,490,646,1,0,0
319,61,990,1,0,0
320,668,825,1,0,0
321,815,648,1,1,0
322,842,692,0,1,0
323,799,629,1,1,0
324,2,503,1,1,0
325,640,798,1,1,0
326,373,111,1,0,0
327,885,389,1,0,0
328,111,475,1,0,0
329,132,452,1,0,0
330,707,802,1,0,0
331,3,150,0,1,0
332,672,946,0,1,0
333,192,930,0,1,0
334,268,424,1,0,0
335,797,690,1,0,0
336,860,374,1,0,0
337,471,65,1,1,0
338,758,6,0,1,0
339,6,707,1,0,0
340,894,633,1,1,0
341,805,713,1,0,0
342,484,650,1,0,0
343,557,9,0,1,0
344,942,955,1,0,0
345,512,588,1,0,0
346,197,259,1,0,0
347,318,449,1,1,0
348,268,442,1,0,0
349,766,192,1,0,0
350,113,816,1,0,0
351,537,320,1,1,0
352,427,900,1,0,0
353,780,765,1,0,0
354,833,899,1,0,0
355,46,765,1,0,0
356,91,712,1,0,0
357,134,417,0,1,0
358,554,655,1,0,0
359,597,953,0,1,0
360,317,405,1,1,0
361,6,816,1,0,0
362,708,973,0,1,0
363,656,351,1,0,0
364,825,899,1,0,0
365,854,804,0,1,0
366,340,171,0,1,0
367,387,672,1,0,0
368,212,466,1,0,0
369,118,446,1,1,0
370,705,906,1,1,0
371,8,886,1,0,0
372,738,505,1,1,0
373,359,937,1,1,0
374,924,834,0,1,0
375,455,160,0,1,0
376,152,782,1,0,0
377,538,818,0,1,0
378,554,616,1,0,0
379,161,786,1,0,0
380,777,328,0,1,0
381,856,735,1,1,0
382,822,384,1,0,0
383,462,10,1,0,0
384,832,132,1,0,0
385,401,939,1,0,0
386,870,724,1,0,0
387,293,141,1,0,0
388,751,8,1,1,0
389,320,186,1,1,0
390,5,21,0,1,0
391,56,910,1,0,0
392,151,146,0,1,0
393,277,850,1,1,0
394,700,504,1,0,0
395,257,3,1,0,0
396,78,478,1,0,0
397,938,801,1,0,0
398,187,161,0,1,0
399,689,87,1,0,0
400,526,425,1,0,0
401,715,550,1,1,0
402,307,480,1,0,0
403,290,27,1,0,0
404,273,644,1,0,0
405,898,222,1,0,0
406,737,434,1,0,0
407,362,515,1,0,0
408,5,755,1,0,0
409,613,91,1,0,0
410,312,718,1,1,0
411,429,70,1,0,0
412,455,350,1,0,0
413,742,829,1,1,0
414,230,776,1,0,0
415,532,235,1,0,0
416,129,591,1,0,0
417,443,889,0,1,0
418,264,854,1,0,0
419,351,320,1,0,0
420,740,472,1,0,0
421,824,768,0,1,0
422,71,646,1,0,0
423,400,84,1,0,0
424,146,339,1,0,0
425,116,364,0,1,0
426,72,799,1,1,0
427,399,607,1,0,0
428,980,2,1,0,0
429,595,967,0,1,0
430,386,97,1,0,0
431,547,690,1,0,0
432,907,261,1,0,0
433,844,434,1,0,0
434,374,781,1,0,0
435,857,411,1,0,0
436,488,10,1,0,0
437,833,660,1,1,0
438,512,617,1,0,0
439,857,197,1,0,0
440,284,75,1,1,0
441,755,531,1,1,0
442,437,507,1,0,0
443,293,327,1,0,0
444,163,230,1,0,0
445,239,452,1,0,0
446,776,677,1,0,0
447,451,893,0,1,0
448,687,99,1,0,0
449,141,250,1,0,0
450,933,322,1,0,0
451,316,899,1,1,0
452,965,92,1,0,0
453,139,733,1,0,0
454,583,722,1,0,0
455,576,350,1,0,0
456,986,907,1,0,0
457,658,298,0,1,0
458,335,765,1,1,0
459,10,840,1,0,0
460,978,9,1,0,0
461,382,471,1,0,0
462,625,525,1,1,0
463,798,442,1,0,0
464,561,768,1,1,0
465,811,553,1,1,0
466,254,120,1,0,0
467,483,431,1,0,0
468,27,5,1,1,0
469,686,377,1,0,0
470,673,950,0,1,0
471,40,563,1,1,0
472,854,6,1,0,0
473,6,564,1,0,0
474,321,158,1,1,0
475,336,8,1,1,0
476,373,382,1,0,0
477,470,488,1,0,0
478,375,920,1,1,0
479,804,216,1,0,0
480,860,442,1,0,0
481,276,267,1,0,0
482,238,925,1,1,0
483,512,853,0,1,0
484,945,714,0,1,0
485,651,551,0,1,0
486,263,437,1,0,0
487,99,628,1,0,0
488,350,794,1,0,0
489,599,305,1,1,0
490,926,839,1,1,0
491,436,239,1,1,0
492,990,15,1,0,0
493,805,89,1,0,0
494,604,260,0,1,0
495,73,660,1,1,0
496,92,107,1,0,0
497,628,479,1,1,0
498,141,765,1,0,0
499,943,216,1,0,0
500,322,236,1,0,0
501,134,922,1,0,0
502,567,4,1,1,0
503,754,6,0,1,0
504,216,320,1,0,0
505,629,543,1,1,0
506,776,770,1,0,0
507,600,329,0,1,0
508,417,83,1,0,0
509,139,635,1,0,0
510,560,959,1,1,0
511,882,573,1,1,0
512,901,193,1,0,0
513,89,741,1,0,0
514,595,147,1,0,0
515,149,161,1,0,0
516,866,442,1,0,0
517,594,107,1,0,0
518,612,260,0,1,0
519,447,139,0,1,0
520,803,668,0,1,0
521,829,155,1,0,0
522,392,601,1,0,0
523,526,656,1,0,0
524,892,924,1,0,0
525,571,400,1,0,0
526,26,24,1,1,0
527,419,387,1,0,0
528,754,4,0,1,0
529,294,543,1,1,0
530,911,590,1,1,0
531,456,719,1,0,0
532,185,945,1,0,0
533,140,184,1,1,0
534,845,429,1,0,0
535,198,859,1,0,0
536,845,631,0,1,0
537,384,611,1,0,0
538,389,75,1,0,0
539,540,360,1,0,0
540,525,668,1,0,0
541,566,657,1,0,0
542,731,433,1,0,0
543,966,58,1,0,0
544,306,249,1,0,0
545,70,961,1,0,0
546,114,373,0,1,0
547,430,472,1,0,0
548,36,755,1,0,0
549,643,527,0,1,0
550,788,401,0,1,0
551,201,969,1,0,0
552,823,339,1,1,0
553,350,799,1,0,0
554,476,693,1,0,0
555,106,897,1,0,0
556,311,632,1,0,0
557,381,956,1,0,0
558,871,639,1,1,0
559,790,494,1,0,0
560,723,627,1,0,0
561,644,674,1,0,0
562,836,570,1,1,0
563,410,882,1,0,0
564,9,142,1,1,0
565,240,730,1,0,0
566,277,127,1,0,0
567,248,330,1,0,0
568,725,103,1,0,0
569,139,948,1,0,0
570,820,591,1,1,0
571,312,652,1,0,0
572,531,280,1,1,0
573,257,655,1,0,0
574,885,470,1,0,0
575,493,190,0,1,0
576,112,865,1,0,0
577,320,814,1,0,0
578,208,146,1,0,0
579,701,142,1,0,0
580,175,795,1,0,0
581,4,370,1,0,0
582,390,299,1,0,0
583,550,929,0,1,0
584,311,124,1,0,0
585,188,576,1,0,0
586,794,264,1,0,0
587,801,9,1,0,0
588,195,521,1,0,0
589,539,751,1,0,0
590,575,349,1,0,0
591,827,465,1,0,0
592,846,830,0,1,0
593,250,737,1,0,0
594,794,607,0,1,0
595,558,972,1,1,0
596,313,850,0,1,0
597,788,472,1,0,0
598,191,219,1,0,0
599,143,468,1,1,0
600,887,270,1,0,0
601,755,811,0,1,0
602,793,535,1,1,0
603,7,429,0,1,0
604,627,157,1,0,0
605,334,432,1,0,0
606,810,956,1,0,0
607,170,360,1,1,0
608,596,617,1,0,0
609,232,319,1,0,0
610,772,883,1,0,0
611,336,245,1,0,0
612,282,935,1,1,0
613,60,530,0,1,0
614,653,852,1,0,0
615,507,2,1,0,0
616,927,755,1,0,0
617,689,532,0,1,0
618,494,256,0,1,0
619,665,222,1,1,0
620,949,112,0,1,0
621,460,372,1,0,0
622,508,976,1,0,0
623,167,307,1,0,0
624,800,376,1,0,0
625,316,558,1,0,0
626,987,32,1,0,0
627,158,306,1,0,0
628,833,3,1,0,0
629,661,725,1,1,0
630,813,470,1,0,0
631,916,943,1,0,0
632,946,815,1,0,0
633,199,249,1,0,0
634,850,286,1,0,0
635,495,933,0,1,0
636,817,878,1,0,0
637,180,408,0,1,0
638,322,501,1,0,0
639,661,403,1,0,0
640,132,763,1,0,0
641,979,600,0,1,0
642,4,967,1,1,0
643,894,616,0,1,0
644,470,235,0,1,0
645,78,232,0,1,0
646,537,260,1,0,0
647,958,649,0,1,0
648,92,313,1,1,0
649,650,453,1,1,0
650,954,990,1,0,0
651,856,292,1,0,0
652,245,475,1,0,0
653,219,9,1,0,0
654,5,824,1,0,0
655,503,13,1,1,0
656,463,470,1,0,0
657,600,224,0,1,0
658,315,732,1,1,0
659,229,25,1,0,0
660,290,64,1,0,0
661,339,668,1,0,0
662,363,44,1,0,0
663,762,487,1,1,0
664,139,709,1,0,0
665,196,541,1,0,0
666,155,366,0,1,0
667,660,99,1,0,0
668,890,618,0,1,0
669,921,9,1,0,0
670,163,311,1,0,0
671,779,693,1,0,0
672,914,672,0,1,0
673,837,354,1,1,0
674,688,238,1,0,0
675,598,607,1,0,0
676,803,798,1,0,0
677,941,923,1,0,0
678,409,398,1,0,0
679,67,136,1,1,0
680,566,466,1,0,0
681,489,1,1,0,0
682,182,677,1,0,0
683,109,554,1,1,0
684,161,135,0,1,0
685,376,161,1,1,0
686,949,142,0,1,0
687,782,519,1,0,0
688,588,749,1,0,0
689,814,698,1,0,0
690,597,619,1,0,0
691,300,703,1,0,0
692,740,789,1,1,0
693,536,884,1,1,0
694,714,257,1,0,0
695,651,427,1,1,0
696,834,378,1,1,0
697,601,358,1,0,0
698,267,463,1,0,0
699,160,736,1,0,0
700,706,327,1,0,0
701,39,959,1,0,0
702,509,410,1,0,0
703,397,4,1,0,0
704,343,878,0,1,0
705,9,645,1,0,0
706,530,912,1,1,0
707,502,744,1,0,0
708,825,298,0,1,0
709,536,10,1,0,0
710,645,198,1,1,0
711,446,589,1,0,0
712,9,579,1,0,0
713,866,840,0,1,0
714,863,424,1,0,0
715,579,984,1,1,0
716,71,748,1,0,0
717,778,740,1,0,0
718,409,429,1,0,0
719,605,921,1,0,0
720,389,415,1,0,0
721,844,152,1,0,0
722,916,156,1,0,0
723,877,893,1,1,0
724,86,782,0,1,0
725,505,203,1,0,0
726,384,430,1,0,0
727,25,931,1,0,0
728,439,717,1,0,0
729,974,546,1,1,0
730,164,191,1,0,0
731,111,655,1,0,0
732,518,871,1,1,0
733,354,180,1,1,0
734,1,268,1,0,0
735,217,520,1,0,0
736,541,443,1,0,0
737,199,5,1,0,0
738,49,842,1,0,0
739,102,736,1,0,0
740,100,137,0,1,0
741,937,5,1,0,0
742,693,865,1,0,0
743,367,601,1,0,0
744,903,617,0,1,0
745,445,828,1,1,0
746,138,299,1,0,0
747,8,520,1,0,0
748,466,581,1,0,0
749,925,165,1,0,0
750,990,874,1,0,0
751,875,31,1,0,0
752,312,423,1,1,0
753,0,945,1,0,0
754,583,234,0,1,0
755,501,469,1,0,0
756,833,536,1,0,0
757,860,818,0,1,0
758,474,809,1,0,0
759,1,160,1,1,0
760,626,207,1,1,0
761,547,969,1,1,0
762,619,551,0,1,0
763,879,479,1,0,0
764,334,4,1,1,0
765,467,779,1,0,0
766,731,470,1,0,0
767,163,732,1,0,0
768,955,45,1,0,0
769,362,36,1,0,0
770,321,158,1,1,0
771,328,525,1,0,0
772,857,721,1,0,0
773,860,611,0,1,0
774,875,569,1,0,0
775,628,767,0,1,0
776,888,378,1,0,0
777,157,92,0,1,0
778,959,631,1,0,0
779,118,6,1,0,0
780,202,782,1,0,0
781,643,522,0,1,0
782,346,58,1,0,0
783,204,289,1,0,0
784,301,945,1,0,0
785,766,98,1,0,0
786,876,58,1,0,0
787,580,822,1,1,0
788,10,911,1,0,0
789,36,937,1,0,0
790,532,74,0,1,0
791,236,574,0,1,0
792,1,983,1,0,0
793,50,670,1,1,0
794,234,561,1,0,0
795,952,710,1,1,0
796,485,642,1,0,0
797,934,265,1,0,0
798,904,584,0,1,0
799,855,445,1,0,0
800,483,481,1,0,0
801,291,243,1,0,0
802,402,261,1,0,0
803,334,150,1,1,0
804,501,5,1,0,0
805,749,239,1,0,0
806,956,374,0,1,0
807,439,106,1,1,0
808,790,563,1,0,0
809,917,250,1,0,0
810,831,632,0,1,0
811,690,422,1,0,0
812,853,616,1,1,0
813,210,628,1,0,0
814,823,10,1,0,0
815,507,422,1,0,0
816,548,195,1,0,0
817,394,831,1,0,0
818,707,512,1,1,0
819,809,873,0,1,0
820,128,723,1,0,0
821,557,59,1,1,0
822,366,689,1,1,0
823,922,854,1,0,0
824,107,677,1,0,0
825,592,765,1,0,0
826,432,39,1,0,0
827,611,904,0,1,0
828,568,951,0,1,0
829,728,528,0,1,0
830,535,660,1,0,0
831,573,612,1,0,0
832,192,375,1,1,0
833,182,40,1,0,0
834,10,194,1,0,0
835,730,458,1,0,0
836,433,308,1,0,0
837,953,799,1,0,0
838,106,415,1,1,0
839,930,934,1,0,0
840,254,548,0,1,0
841,352,703,1,0,0
842,267,953,1,0,0
843,466,607,1,0,0
844,193,378,1,1,0
845,640,154,1,1,0
846,429,279,0,1,0
847,264,737,1,0,0
848,825,803,0,1,0
849,894,867,1,0,0
850,640,30,1,0,0
851,356,593,1,0,0
852,234,824,1,1,0
853,127,665,1,0,0
854,487,204,0,1,0
855,256,430,1,0,0
856,374,932,1,1,0
857,282,804,1,0,0
858,393,441,1,0,0
859,963,127,1,1,0
860,384,908,1,0,0
861,779,911,1,0,0
862,4,280,1,0,0
863,788,101,1,0,0
864,226,316,1,0,0
865,267,573,1,1,0
866,99,218,1,0,0
867,49,223,0,1,0
868,702,660,1,0,0
869,632,397,1,0,0
870,674,823,1,0,0
871,326,756,1,1,0
872,140,248,1,0,0
873,879,427,1,0,0
874,701,384,1,0,0
875,956,946,1,0,0
876,851,724,1,0,0
877,187,335,1,0,0
878,930,571,1,0,0
879,602,731,1,0,0
880,318,917,0,1,0
881,466,478,1,0,0
882,8,31,1,1,0
883,824,373,1,1,0
884,6,672,0,1,0
885,551,834,0,1,0
886,546,201,1,0,0
887,388,725,1,1,0
888,569,222,1,0,0
889,152,51,1,0,0
890,634,705,1,1,0
891,429,284,1,1,0
892,883,720,1,0,0
893,32,816,1,0,0
894,488,960,1,0,0
895,97,975,1,0,0
896,856,225,1,0,0
897,746,196,1,0,0
898,301,268,1,0,0
899,126,916,1,0,0
900,463,367,1,0,0
901,587,8,0,1,0
902,347,673,1,0,0
903,666,661,1,0,0
904,905,725,1,0,0
905,668,558,1,1,0
906,4,112,1,0,0
907,263,758,1,0,0
908,86,600,1,0,0
909,89,981,1,0,0
910,990,389,1,1,0
911,202,177,1,0,0
912,626,715,1,0,0
913,627,736,1,0,0
914,499,191,0,1,0
915,612,405,1,0,0
916,863,976,1,0,0
917,334,921,1,0,0
918,6,403,1,0,0
919,519,420,1,0,0
920,607,600,1,0,0
921,361,950,1,1,0
922,570,869,0,1,0
923,671,464,1,0,0
924,657,125,1,0,0
925,438,866,0,1,0
926,888,623,0,1,0
927,217,10,1,0,0
928,655,510,0,1,0
929,887,476,1,0,0
930,417,32,1,0,0
931,966,591,1,0,0
932,175,114,1,1,0
933,580,575,1,0,0
934,961,871,1,0,0
935,153,92,1,1,0
936,770,54,1,0,0
937,718,310,1,0,0
938,492,464,1,0,0
939,428,510,1,0,0
940,421,848,0,1,0
941,116,342,1,0,0
942,660,174,1,1,0
943,614,145,1,0,0
944,844,59,1,0,0
945,190,416,1,0,0
946,534,841,0,1,0
947,612,849,1,0,0
948,6,908,1,0,0
949,923,528,1,0,0
950,349,651,1,0,0
951,210,611,1,0,0
952,456,972,1,0,0
953,513,642,1,0,0
954,595,501,1,0,0
955,199,39,1,0,0
956,292,247,1,0,0
957,410,211,1,0,0
958,471,335,1,0,0
959,743,651,1,0,0
960,631,952,1,1,0
961,258,723,1,0,0
962,731,990,1,1,0
963,296,405,1,1,0
964,61,3,1,0,0
965,387,133,1,0,0
966,538,241,1,0,0
967,23,791,1,0,0
968,191,294,1,0,0
969,153,70,1,0,0
970,2,673,0,1,0
971,451,601,1,0,0
972,493,231,0,1,0
973,767,805,0,1,0
974,5,719,1,0,0
975,407,387,1,0,0
976,812,626,1,1,0
977,354,657,1,0,0
978,529,179,1,1,0
979,231,811,0,1,0
980,816,355,1,1,0
981,605,891,1,0,0
982,461,228,0,1,0
983,441,429,1,0,0
984,242,410,1,0,0
985,430,251,0,1,0
986,635,935,1,1,0
987,713,22,1,0,0
988,503,314,0,1,0
989,124,666,1,0,0
990,76,548,1,1,0
991,656,192,0,1,0
992,216,63,0,1,0
993,6,24,1,1,0
994,212,193,1,0,0
995,758,895,1,1,0
996,636,634,1,0,0
997,130,103,1,1,0
998,741,612,1,0,0
999,723,556,0,1,0
