Index,x,y,alive,infected,immune
0,793,294,0,1,0
1,18,699,1,0,1
2,967,204,0,0,1
3,527,899,1,0,1
4,944,761,0,1,0
5,394,99,0,1,0
6,501,95,0,1,0
7,0,559,0,1,0
8,326,801,1,0,1
9,860,595,0,1,0
10,448,160,0,1,0
11,618,107,0,1,0
12,515,0,0,1,0
13,52,333,0,1,0
14,880,250,0,1,0
15,92,740,0,1,0
16,498,330,1,0,1
17,753,739,0,1,0
18,954,136,0,1,0
19,652,832,0,1,0
20,936,558,0,1,0
21,330,330,0,1,0
22,421,810,0,1,0
23,234,150,1,0,1
24,200,388,0,1,0
25,3,153,0,1,0
26,795,0,0,1,0
27,723,396,0,1,0
28,118,135,0,1,0
29,492,881,0,1,0
30,675,671,0,1,0
31,561,2,0,1,0
32,776,865,1,0,1
33,952,292,1,0,1
34,274,838,0,1,0
35,281,7,0,1,0
36,629,9,1,0,1
37,937,661,0,1,0
38,3,585,0,1,0
39,364,763,0,1,0
40,204,39,0,1,0
41,625,550,1,0,1
42,502,155,1,0,1
43,132,425,0,1,0
44,480,278,0,1,0
45,226,110,0,1,0
46,539,906,1,0,1
47,742,567,0,1,0
48,758,343,0,1,0
49,487,175,0,1,0
50,537,915,0,1,0
51,840,721,0,1,0
52,133,400,0,1,0
53,155,337,0,1,0
54,328,804,0,1,0
55,550,280,0,0,1
56,706,186,0,1,0
57,545,268,0,1,0
58,175,375,0,1,0
59,990,407,0,1,0
60,188,632,0,1,0
61,594,7,0,1,0
62,429,939,0,1,0
63,143,449,0,1,0
64,1,962,0,1,0
65,7,349,1,0,1
66,17,812,0,1,0
67,786,818,0,1,0
68,658,799,0,1,0
69,703,922,0,1,0
70,616,777,0,1,0
71,747,10,0,1,0
72,545,757,0,1,0
73,598,765,0,1,0
74,335,5,0,1,0
75,990,163,1,0,1
76,139,350,0,1,0
77,439,275,1,0,1
78,341,756,1,0,1
79,957,72,0,1,0
80,121,509,0,1,0
81,753,875,0,1,0
82,126,124,0,1,0
83,285,943,0,1,0
84,377,554,0,1,0
85,193,325,0,1,0
86,389,644,1,0,1
87,873,595,0,1,0
88,601,103,0,1,0
89,622,969,0,1,0
90,227,188,0,1,0
91,185,499,0,1,0
92,257,515,0,1,0
93,549,923,0,1,0
94,635,366,0,1,0
95,231,918,0,1,0
96,772,874,0,1,0
97,522,552,0,1,0
98,107,63,0,1,0
99,714,197,0,1,0
100,221,270,0,1,0
101,744,432,1,0,1
102,683,904,1,0,1
103,4,33,0,0,1
104,656,443,1,0,1
105,589,584,1,1,0
106,857,272,0,1,0
107,625,189,0,1,0
108,894,379,0,1,0
109,821,569,0,0,1
110,354,875,1,0,1
111,9,776,0,1,0
112,797,445,0,1,0
113,859,351,0,1,0
114,547,273,0,1,0
115,882,554,0,1,0
116,67,907,1,0,0
117,694,822,0,1,0
118,413,5,1,0,0
119,197,722,0,1,0
120,681,512,1,0,1
121,872,527,0,1,0
122,1,481,1,0,0
123,643,45,1,0,0
124,244,421,0,1,0
125,850,578,1,0,1
126,808,5,0,1,0
127,685,766,0,1,0
128,221,754,1,0,1
129,531,2,0,1,0
130,453,886,0,1,0
131,8,180,1,0,0
132,899,277,0,1,0
133,2,274,0,1,0
134,671,612,0,1,0
135,300,479,0,1,0
136,198,175,0,1,0
137,542,532,1,0,0
138,604,712,1,0,1
139,600,161,1,0,1
140,8,421,0,1,0
141,609,618,1,0,1
142,553,383,0,1,0
143,775,177,0,1,0
144,418,614,0,1,0
145,166,69,0,1,0
146,501,594,1,0,0
147,471,691,1,1,0
148,760,337,0,1,0
149,278,186,0,1,0
150,155,203,1,0,1
151,663,376,0,1,0
152,386,448,1,0,1
153,315,335,0,1,0
154,7,901,1,0,0
155,46,133,0,1,0
156,564,578,1,0,0
157,188,283,0,1,0
158,415,735,1,1,0
159,854,658,0,1,0
160,785,715,0,1,0
161,147,591,0,1,0
162,833,818,0,1,0
163,692,217,0,1,0
164,83,556,0,1,0
165,551,889,0,1,0
166,837,320,0,1,0
167,249,197,0,1,0
168,238,7,0,1,0
169,883,8,1,0,0
170,548,660,1,0,1
171,978,518,0,1,0
172,144,326,1,1,0
173,4,926,1,0,0
174,192,854,0,1,0
175,90,38,1,0,0
176,593,407,0,1,0
177,395,414,0,1,0
178,386,650,0,1,0
179,709,9,0,1,0
180,536,107,0,1,0
181,944,638,0,1,0
182,467,890,0,1,0
183,723,278,1,0,0
184,369,317,1,1,0
185,553,59,1,0,0
186,856,295,1,0,1
187,704,431,0,1,0
188,394,990,0,1,0
189,838,41,1,0,0
190,958,530,0,1,0
191,950,2,0,1,0
192,934,213,0,1,0
193,449,218,0,1,0
194,1,537,0,1,0
195,540,273,0,1,0
196,0,676,1,0,1
197,966,990,0,1,0
198,731,960,0,1,0
199,817,551,0,1,0
200,528,607,1,0,0
201,204,831,1,1,0
202,196,843,0,1,0
203,947,1,0,1,0
204,35,723,1,0,0
205,666,881,0,1,0
206,185,296,1,0,1
207,785,360,0,1,0
208,295,591,0,1,0
209,783,63,1,0,1
210,233,990,1,0,0
211,734,780,0,1,0
212,33,588,0,1,0
213,573,828,0,1,0
214,990,506,1,0,0
215,513,741,1,0,0
216,341,87,0,1,0
217,444,268,0,1,0
218,656,419,0,1,0
219,309,10,1,0,1
220,9,785,0,0,1
221,739,176,0,1,0
222,3,550,0,1,0
223,417,110,0,1,0
224,308,450,0,1,0
225,659,693,0,1,0
226,342,559,1,0,1
227,486,621,1,0,0
228,942,724,0,1,0
229,472,299,1,0,1
230,296,113,0,1,0
231,981,139,1,1,0
232,812,165,0,1,0
233,206,759,0,1,0
234,434,632,0,1,0
235,657,491,0,1,0
236,359,850,0,1,0
237,308,4,0,1,0
238,527,429,1,0,0
239,261,887,0,1,0
240,210,114,0,0,1
241,271,929,0,1,0
242,276,240,0,1,0
243,178,343,1,0,1
244,251,833,0,1,0
245,812,615,1,0,1
246,772,196,1,0,1
247,533,855,0,1,0
248,321,0,0,1,0
249,689,777,0,1,0
250,855,603,0,1,0
251,917,673,1,0,1
252,716,617,0,1,0
253,660,75,1,0,0
254,146,224,1,0,0
255,116,457,0,1,0
256,643,406,0,0,1
257,721,626,0,1,0
258,578,620,1,1,0
259,798,843,1,0,1
260,831,425,0,1,0
261,575,496,0,1,0
262,5,515,0,1,0
263,873,625,0,1,0
264,69,625,0,1,0
265,189,370,0,1,0
266,50,911,1,0,0
267,262,34,0,0,1
268,763,116,0,1,0
269,892,7,1,0,0
270,826,696,1,0,1
271,758,297,1,0,0
272,886,950,1,0,1
273,489,680,0,1,0
274,116,361,1,0,1
275,112,9,0,1,0
276,519,165,0,0,1
277,701,641,1,0,1
278,512,518,1,0,0
279,384,6,1,0,0
280,230,221,0,1,0
281,210,709,0,1,0
282,502,635,1,0,1
283,990,904,1,0,0
284,884,779,0,1,0
285,821,0,0,1,0
286,857,970,1,0,1
287,4,39,0,1,0
288,8,695,0,1,0
289,145,701,0,1,0
290,586,362,0,1,0
291,844,114,1,0,1
292,31,875,1,0,0
293,7,244,0,1,0
294,44,868,1,0,1
295,230,639,0,1,0
296,249,705,0,1,0
297,332,124,0,1,0
298,669,747,0,1,0
299,70,268,1,0,1
300,432,723,1,0,1
301,715,582,1,0,1
302,151,138,0,0,1
303,1,498,0,1,0
304,548,257,0,1,0
305,942,4,0,1,0
306,727,104,0,1,0
307,573,287,1,0,1
308,838,10,1,0,0
309,467,268,1,0,1
310,844,329,0,1,0
311,761,507,0,1,0
312,209,783,0,1,0
313,352,8,1,0,0
314,9,244,0,1,0
315,891,760,0,1,0
316,9,790,0,1,0
317,790,744,0,0,1
318,597,791,0,1,0
319,61,990,1,0,0
320,737,852,0,1,0
321,764,564,1,0,1
322,796,804,0,1,0
323,824,660,1,0,1
324,8,503,0,1,0
325,589,837,0,1,0
326,281,54,0,1,0
327,800,478,0,1,0
328,118,487,0,1,0
329,97,447,0,1,0
330,609,790,0,1,0
331,1,150,0,1,0
332,719,936,0,1,0
333,205,881,0,1,0
334,202,392,0,1,0
335,781,649,0,1,0
336,859,343,0,1,0
337,401,116,0,1,0
338,758,2,0,1,0
339,0,707,1,0,0
340,903,660,0,1,0
341,826,630,0,1,0
342,519,659,0,1,0
343,557,3,0,1,0
344,960,938,1,0,0
345,478,579,1,0,0
346,176,233,1,0,1
347,286,486,0,1,0
348,264,503,0,1,0
349,789,96,0,1,0
350,90,833,1,0,1
351,492,272,1,0,1
352,355,888,0,1,0
353,854,784,0,1,0
354,879,916,0,1,0
355,7,791,1,0,1
356,153,688,0,1,0
357,112,413,0,1,0
358,562,607,1,0,0
359,661,899,0,1,0
360,357,326,0,1,0
361,6,816,0,1,0
362,713,9,0,1,0
363,613,363,1,0,1
364,845,875,0,1,0
365,818,844,0,1,0
366,380,183,0,1,0
367,461,640,0,1,0
368,254,383,0,1,0
369,176,469,1,0,1
370,688,892,0,1,0
371,3,886,1,0,0
372,772,633,1,0,1
373,367,992,0,1,0
374,880,899,0,1,0
375,529,139,0,1,0
376,214,808,0,1,0
377,498,869,0,1,0
378,527,621,1,0,0
379,119,827,1,0,0
380,820,426,0,1,0
381,837,640,1,0,1
382,703,461,0,1,0
383,462,10,1,0,0
384,826,141,1,0,0
385,438,6,1,0,1
386,874,803,0,1,0
387,320,124,1,0,0
388,751,3,0,1,0
389,404,103,1,0,1
390,3,21,0,1,0
391,76,879,1,0,0
392,177,40,0,1,0
393,279,828,0,1,0
394,740,565,0,1,0
395,257,7,1,0,0
396,70,491,0,1,0
397,5,827,0,1,0
398,224,215,0,1,0
399,687,140,1,0,0
400,563,439,1,0,0
401,742,475,0,0,1
402,351,475,0,1,0
403,314,56,0,1,0
404,139,555,0,1,0
405,916,143,1,1,0
406,723,445,0,1,0
407,309,501,0,1,0
408,3,755,1,0,0
409,576,82,0,1,0
410,329,633,1,0,1
411,447,10,1,0,1
412,545,311,0,1,0
413,754,784,0,1,0
414,215,828,0,1,0
415,481,215,1,0,1
416,180,529,0,1,0
417,578,930,0,1,0
418,304,853,0,1,0
419,400,242,0,1,0
420,741,505,0,1,0
421,873,750,0,1,0
422,36,712,1,0,1
423,287,77,1,0,1
424,178,389,0,1,0
425,161,399,0,1,0
426,56,752,0,1,0
427,309,527,1,0,1
428,980,4,1,0,0
429,585,990,0,1,0
430,358,188,0,1,0
431,565,709,0,1,0
432,868,276,0,1,0
433,808,488,1,0,1
434,418,810,1,1,0
435,860,384,0,1,0
436,488,10,1,0,0
437,793,631,0,1,0
438,526,637,1,0,0
439,879,195,1,0,0
440,296,22,0,1,0
441,739,581,1,0,1
442,435,478,1,0,0
443,229,268,0,1,0
444,133,222,0,0,1
445,296,463,0,1,0
446,799,640,0,1,0
447,398,913,0,1,0
448,660,100,1,0,0
449,78,304,1,0,0
450,917,294,0,1,0
451,301,5,0,1,0
452,966,142,1,0,1
453,239,658,1,0,1
454,631,595,0,1,0
455,608,211,0,1,0
456,990,900,1,0,0
457,639,386,0,1,0
458,337,828,0,1,0
459,10,840,1,0,0
460,978,6,1,0,0
461,439,383,1,0,1
462,619,571,1,0,1
463,830,572,1,0,1
464,574,820,0,1,0
465,829,494,0,1,0
466,228,218,1,0,1
467,471,463,1,0,0
468,27,0,1,0,1
469,735,368,0,1,0
470,689,5,0,1,0
471,1,530,0,1,0
472,854,9,1,0,0
473,8,564,1,0,1
474,309,92,0,0,1
475,336,8,1,0,1
476,317,346,0,1,0
477,556,512,1,0,0
478,414,869,1,0,1
479,771,237,1,0,0
480,812,444,0,1,0
481,238,240,1,0,1
482,229,812,1,0,1
483,534,960,0,1,0
484,880,740,0,1,0
485,637,604,0,1,0
486,321,453,0,1,0
487,98,528,0,0,1
488,326,833,1,1,0
489,598,404,1,0,1
490,858,797,1,0,1
491,418,334,0,1,0
492,990,15,1,0,0
493,723,100,0,1,0
494,543,212,0,1,0
495,87,594,0,1,0
496,135,173,0,1,0
497,646,449,0,1,0
498,171,806,1,0,1
499,958,198,1,0,1
500,333,211,1,0,1
501,89,923,1,0,0
502,567,8,0,1,0
503,754,5,0,1,0
504,238,320,0,1,0
505,603,464,1,0,1
506,686,679,1,0,1
507,608,403,0,1,0
508,344,134,0,1,0
509,109,656,0,1,0
510,553,2,1,0,1
511,917,513,0,1,0
512,894,214,1,0,0
513,59,652,1,0,1
514,643,206,0,1,0
515,154,101,0,1,0
516,844,385,0,1,0
517,604,180,0,1,0
518,683,233,0,1,0
519,374,118,0,1,0
520,761,686,0,1,0
521,903,68,0,1,0
522,279,555,1,0,1
523,479,740,1,1,0
524,816,868,0,1,0
525,602,414,1,0,1
526,3,37,0,1,0
527,463,388,1,0,1
528,754,0,0,1,0
529,310,538,1,0,1
530,931,501,1,0,1
531,464,730,1,0,0
532,143,903,0,1,0
533,45,242,0,1,0
534,858,384,0,1,0
535,256,879,0,1,0
536,885,673,0,1,0
537,370,556,0,1,0
538,432,145,0,1,0
539,601,371,1,0,1
540,459,697,0,1,0
541,492,704,0,1,0
542,654,469,0,1,0
543,4,46,0,1,0
544,296,293,1,0,0
545,52,8,1,1,0
546,119,406,0,1,0
547,426,430,0,1,0
548,92,789,0,0,1
549,644,587,0,1,0
550,773,351,0,1,0
551,248,936,0,1,0
552,919,271,1,0,1
553,382,802,1,0,1
554,529,758,1,1,0
555,180,861,0,1,0
556,336,597,0,1,0
557,299,8,0,1,0
558,866,578,1,0,1
559,697,531,0,1,0
560,778,647,0,1,0
561,691,737,0,1,0
562,848,610,0,1,0
563,435,990,0,1,0
564,9,142,1,0,1
565,196,719,0,1,0
566,163,104,0,1,0
567,224,350,0,1,0
568,749,122,0,1,0
569,210,8,0,1,0
570,786,655,1,0,1
571,246,608,0,1,0
572,599,333,0,1,0
573,202,509,1,0,1
574,892,515,0,1,0
575,541,200,0,1,0
576,59,879,1,0,0
577,332,816,1,0,1
578,197,150,0,1,0
579,734,131,0,1,0
580,213,749,0,1,0
581,8,370,1,0,0
582,363,321,0,1,0
583,506,970,0,1,0
584,322,246,1,0,1
585,124,520,0,1,0
586,787,335,0,1,0
587,801,0,0,1,0
588,264,585,0,1,0
589,549,786,0,1,0
590,439,330,0,1,0
591,800,400,1,0,1
592,817,827,0,1,0
593,265,698,0,1,0
594,791,590,0,1,0
595,575,877,1,0,1
596,325,848,0,1,0
597,756,588,0,1,0
598,157,339,0,1,0
599,88,373,0,1,0
600,927,236,0,1,0
601,713,809,0,1,0
602,716,454,0,1,0
603,0,429,0,1,0
604,495,91,0,1,0
605,372,386,0,1,0
606,811,5,1,0,1
607,136,300,0,1,0
608,535,644,1,0,0
609,374,395,0,1,0
610,752,917,0,1,0
611,458,250,0,1,0
612,336,849,0,1,0
613,28,506,0,1,0
614,578,756,1,0,1
615,507,2,0,1,0
616,907,800,1,0,0
617,724,599,0,1,0
618,429,247,0,1,0
619,669,212,0,1,0
620,7,76,0,1,0
621,535,312,0,1,0
622,539,1,0,1,0
623,166,365,0,1,0
624,683,354,1,0,1
625,254,486,0,1,0
626,5,20,0,1,0
627,140,335,0,1,0
628,833,4,1,0,0
629,660,651,0,1,0
630,744,491,0,1,0
631,888,919,0,1,0
632,990,792,1,0,0
633,182,252,0,1,0
634,843,269,0,1,0
635,560,881,0,1,0
636,769,808,0,1,0
637,205,427,0,1,0
638,349,565,1,0,0
639,634,342,1,0,1
640,185,764,0,1,0
641,8,586,0,1,0
642,5,967,0,1,0
643,934,587,0,1,0
644,508,256,0,1,0
645,39,201,0,1,0
646,629,194,0,1,0
647,1,644,0,1,0
648,96,238,0,1,0
649,697,381,0,1,0
650,954,990,0,1,0
651,791,340,0,1,0
652,265,417,0,1,0
653,219,8,0,1,0
654,3,824,0,1,0
655,508,2,0,1,0
656,406,387,0,1,0
657,672,239,0,1,0
658,301,724,0,1,0
659,276,41,1,0,1
660,299,101,1,0,1
661,330,606,1,0,1
662,355,152,1,0,1
663,710,380,0,1,0
664,137,609,0,1,0
665,236,550,0,1,0
666,141,400,0,1,0
667,587,102,0,1,0
668,935,637,0,1,0
669,921,5,1,0,0
670,260,365,0,1,0
671,797,685,0,1,0
672,912,668,0,1,0
673,738,294,1,0,1
674,731,306,0,1,0
675,682,591,0,1,0
676,815,885,0,1,0
677,885,912,0,1,0
678,494,383,1,0,0
679,6,147,0,1,0
680,568,511,0,1,0
681,489,8,1,0,0
682,142,741,0,1,0
683,2,604,0,1,0
684,211,33,0,1,0
685,406,218,1,0,1
686,858,112,0,1,0
687,813,561,1,0,1
688,550,784,0,1,0
689,797,744,1,0,1
690,589,570,0,1,0
691,216,705,0,1,0
692,769,751,0,1,0
693,416,869,0,1,0
694,666,292,1,0,0
695,674,416,0,1,0
696,835,419,1,0,1
697,563,329,0,1,0
698,212,457,1,0,1
699,131,672,0,1,0
700,751,305,1,0,1
701,97,943,1,0,0
702,526,419,0,1,0
703,397,6,1,0,0
704,298,868,0,1,0
705,0,645,0,1,0
706,550,8,1,0,1
707,487,719,0,1,0
708,870,289,0,1,0
709,536,10,0,1,0
710,689,165,0,1,0
711,392,593,0,1,0
712,6,579,0,1,0
713,887,816,0,1,0
714,889,424,0,1,0
715,582,9,0,1,0
716,110,868,0,1,0
717,791,735,1,0,1
718,424,367,1,0,1
719,655,903,0,1,0
720,424,416,0,1,0
721,853,88,0,1,0
722,967,146,0,1,0
723,918,891,0,1,0
724,102,840,0,1,0
725,579,183,0,1,0
726,305,506,0,1,0
727,4,951,1,0,0
728,481,859,0,0,1
729,6,523,0,1,0
730,232,229,0,1,0
731,141,723,0,1,0
732,529,773,1,0,1
733,436,156,1,0,1
734,0,268,0,1,0
735,165,583,0,1,0
736,555,501,1,0,0
737,199,2,1,0,0
738,44,835,0,1,0
739,151,695,0,1,0
740,82,108,0,1,0
741,937,4,0,1,0
742,700,823,0,1,0
743,366,637,0,1,0
744,821,595,0,1,0
745,471,843,1,0,1
746,164,284,1,0,1
747,3,520,1,0,1
748,491,683,0,1,0
749,933,122,0,1,0
750,990,874,1,0,0
751,926,121,0,1,0
752,299,519,1,0,1
753,7,945,1,0,0
754,503,251,0,1,0
755,552,559,0,1,0
756,828,515,0,1,0
757,852,831,0,1,0
758,499,787,0,1,0
759,3,160,1,0,1
760,572,203,0,1,0
761,574,968,0,1,0
762,614,505,0,1,0
763,803,509,0,1,0
764,334,3,0,1,0
765,398,739,1,0,1
766,726,434,0,1,0
767,263,747,1,0,1
768,946,6,0,1,0
769,351,10,1,0,0
770,441,187,1,0,1
771,315,462,0,1,0
772,862,657,0,1,0
773,897,602,0,1,0
774,841,563,0,1,0
775,576,680,0,1,0
776,830,378,1,0,1
777,130,68,0,1,0
778,871,665,0,1,0
779,118,0,0,1,0
780,237,785,0,1,0
781,656,553,0,1,0
782,368,181,0,1,0
783,159,232,1,0,1
784,228,8,1,0,1
785,728,140,1,0,1
786,827,164,1,0,1
787,640,871,0,1,0
788,10,911,1,0,0
789,109,914,1,0,0
790,545,119,0,1,0
791,176,642,0,1,0
792,7,983,1,0,0
793,5,688,0,1,0
794,210,581,0,1,0
795,925,695,1,0,1
796,419,722,1,0,0
797,972,206,0,1,0
798,946,509,0,1,0
799,864,469,0,1,0
800,477,451,1,0,0
801,239,164,0,1,0
802,364,289,0,1,0
803,262,127,0,1,0
804,501,4,0,1,0
805,803,261,1,0,0
806,872,408,0,1,0
807,406,129,1,0,1
808,838,582,0,1,0
809,4,242,0,1,0
810,864,630,0,1,0
811,664,427,0,1,0
812,910,653,0,1,0
813,127,625,1,0,1
814,823,10,0,1,0
815,528,381,0,1,0
816,538,150,0,1,0
817,375,870,0,1,0
818,709,492,1,0,1
819,790,927,0,1,0
820,176,736,0,1,0
821,535,76,0,1,0
822,252,652,0,1,0
823,990,839,0,1,0
824,34,670,1,0,0
825,516,804,0,1,0
826,399,6,1,0,0
827,683,908,0,1,0
828,602,913,0,1,0
829,766,486,0,1,0
830,616,665,0,1,0
831,589,604,0,1,0
832,224,442,0,1,0
833,161,5,0,1,0
834,10,194,1,1,0
835,791,531,0,1,0
836,450,321,1,0,1
837,880,785,0,1,0
838,14,386,1,0,1
839,963,5,0,1,0
840,247,544,0,1,0
841,414,682,0,1,0
842,292,982,0,1,0
843,547,605,1,0,0
844,132,376,1,0,1
845,673,171,0,1,0
846,447,261,0,1,0
847,222,634,0,1,0
848,883,805,0,1,0
849,990,856,0,1,0
850,593,4,0,1,0
851,403,588,0,1,0
852,324,765,1,0,1
853,199,648,0,1,0
854,437,210,0,1,0
855,176,373,0,1,0
856,409,912,0,1,0
857,299,745,1,0,0
858,408,419,0,0,1
859,920,141,0,1,0
860,375,856,0,1,0
861,770,946,0,1,0
862,0,280,0,1,0
863,770,59,1,0,0
864,223,377,0,1,0
865,232,567,1,0,1
866,100,244,0,1,0
867,54,218,0,1,0
868,637,716,0,1,0
869,695,431,0,1,0
870,671,812,1,0,1
871,361,696,0,1,0
872,9,208,0,1,0
873,888,518,0,1,0
874,639,353,0,1,0
875,932,957,0,1,0
876,966,718,0,1,0
877,237,273,0,1,0
878,930,538,0,1,0
879,615,733,1,0,1
880,351,950,0,1,0
881,489,531,1,0,0
882,3,31,1,0,1
883,867,301,0,1,0
884,1,672,0,1,0
885,560,843,0,1,0
886,503,113,0,1,0
887,378,726,0,1,0
888,575,215,0,1,0
889,174,10,1,0,1
890,588,663,0,1,0
891,464,301,0,1,0
892,954,676,1,0,1
893,0,851,1,0,0
894,516,990,0,1,0
895,93,7,1,0,0
896,907,266,0,1,0
897,786,231,1,0,0
898,320,214,0,1,0
899,65,956,1,0,0
900,425,401,1,0,1
901,587,4,0,1,0
902,268,774,1,0,1
903,640,697,0,1,0
904,972,726,0,1,0
905,626,531,0,1,0
906,8,112,1,0,0
907,241,776,1,0,1
908,219,558,0,1,0
909,72,990,1,0,0
910,990,389,1,0,1
911,218,263,0,1,0
912,592,683,0,1,0
913,586,738,0,1,0
914,551,244,0,1,0
915,601,361,0,1,0
916,759,9,0,1,0
917,366,878,1,0,1
918,5,403,1,0,0
919,575,427,0,1,0
920,578,726,0,1,0
921,319,830,1,0,1
922,627,759,0,1,0
923,626,477,1,0,1
924,507,145,0,1,0
925,436,839,0,1,0
926,985,658,0,1,0
927,217,10,0,1,0
928,711,531,0,1,0
929,837,475,1,0,1
930,418,10,1,0,0
931,935,630,0,1,0
932,162,41,0,1,0
933,521,557,1,1,0
934,940,940,0,1,0
935,184,121,1,0,1
936,778,8,0,1,0
937,644,271,0,1,0
938,456,469,1,0,0
939,354,537,1,1,0
940,377,965,0,1,0
941,132,301,0,1,0
942,726,168,1,0,1
943,742,198,0,1,0
944,966,52,0,1,0
945,215,395,1,0,1
946,541,883,0,1,0
947,655,851,0,1,0
948,4,908,1,0,0
949,3,458,0,1,0
950,389,581,1,0,1
951,228,631,0,1,0
952,428,7,0,1,0
953,494,682,1,1,0
954,588,526,0,1,0
955,180,1,0,1,0
956,341,159,0,1,0
957,384,220,1,1,0
958,417,229,0,1,0
959,792,674,0,1,0
960,604,945,0,1,0
961,201,597,0,1,0
962,731,990,1,0,1
963,249,363,0,1,0
964,61,1,1,1,0
965,376,124,0,1,0
966,495,273,1,0,1
967,2,793,0,1,0
968,277,300,0,0,1
969,63,10,0,1,0
970,7,673,0,1,0
971,514,640,1,0,0
972,533,171,0,1,0
973,793,769,0,1,0
974,1,719,1,0,0
975,371,423,0,1,0
976,841,689,1,0,1
977,303,607,0,1,0
978,479,188,0,1,0
979,239,798,0,1,0
980,711,401,0,1,0
981,599,882,0,1,0
982,460,252,0,1,0
983,422,487,1,0,0
984,203,453,0,1,0
985,427,319,0,1,0
986,590,8,0,1,0
987,721,6,1,0,1
988,522,262,0,1,0
989,97,630,0,1,0
990,82,586,1,0,1
991,705,142,0,1,0
992,261,49,0,1,0
993,0,24,0,1,0
994,144,158,0,1,0
995,741,900,0,1,0
996,668,643,0,1,0
997,17,92,1,0,1
998,691,647,0,1,0
999,705,535,0,1,0
