Index,x,y,alive,infected,immune
0,774,321,0,1,0
1,3,697,1,0,1
2,963,164,0,0,1
3,562,913,1,0,1
4,990,815,0,1,0
5,364,137,0,1,0
6,499,92,0,1,0
7,4,559,0,1,0
8,355,791,1,0,1
9,854,612,0,1,0
10,430,116,0,1,0
11,603,112,0,1,0
12,515,6,0,1,0
13,47,353,0,1,0
14,858,233,0,1,0
15,73,812,0,1,0
16,470,364,1,0,1
17,777,693,0,1,0
18,953,121,0,1,0
19,685,799,0,1,0
20,956,555,0,1,0
21,306,305,0,1,0
22,399,817,0,1,0
23,259,158,1,0,1
24,195,420,0,1,0
25,5,153,0,1,0
26,795,6,0,1,0
27,656,391,0,1,0
28,93,118,0,1,0
29,503,910,0,1,0
30,702,628,0,1,0
31,561,6,0,1,0
32,722,852,1,0,1
33,4,275,1,0,1
34,252,858,0,1,0
35,281,6,0,1,0
36,629,7,1,0,1
37,937,662,0,1,0
38,0,585,0,1,0
39,345,771,0,1,0
40,217,2,0,1,0
41,616,550,1,0,1
42,536,203,1,0,1
43,138,419,0,1,0
44,497,263,0,1,0
45,198,110,0,1,0
46,534,938,1,0,1
47,779,512,0,1,0
48,718,293,0,1,0
49,499,166,0,1,0
50,503,923,0,1,0
51,844,680,0,1,0
52,122,362,0,1,0
53,188,350,0,1,0
54,252,740,0,1,0
55,550,276,0,0,1
56,678,160,0,1,0
57,508,325,0,1,0
58,182,327,0,1,0
59,990,407,0,1,0
60,162,667,0,1,0
61,594,4,0,1,0
62,439,916,0,1,0
63,144,412,0,1,0
64,1,962,0,1,0
65,0,349,1,0,1
66,20,839,0,1,0
67,804,803,0,1,0
68,615,802,0,1,0
69,696,918,0,1,0
70,602,846,0,1,0
71,747,10,0,1,0
72,528,751,0,1,0
73,555,761,0,1,0
74,335,1,0,1,0
75,990,163,1,0,1
76,83,315,0,1,0
77,413,271,1,0,1
78,331,748,1,0,1
79,949,49,0,1,0
80,114,548,0,1,0
81,742,828,0,1,0
82,123,108,0,1,0
83,258,926,0,1,0
84,339,545,0,1,0
85,205,285,0,1,0
86,357,643,1,0,1
87,888,564,0,1,0
88,633,78,0,1,0
89,613,3,0,1,0
90,273,136,0,1,0
91,177,492,0,1,0
92,275,541,0,1,0
93,488,949,0,1,0
94,616,335,0,1,0
95,251,875,0,1,0
96,745,863,0,1,0
97,504,552,0,1,0
98,134,71,0,1,0
99,712,175,0,1,0
100,254,246,0,1,0
101,778,446,1,0,1
102,653,927,1,0,1
103,7,33,0,0,1
104,625,432,1,0,1
105,580,573,1,0,1
106,876,242,0,1,0
107,626,223,0,1,0
108,870,340,0,1,0
109,812,570,0,0,1
110,374,847,1,0,1
111,8,776,0,1,0
112,802,399,0,1,0
113,865,295,0,1,0
114,581,253,0,1,0
115,885,542,0,1,0
116,46,909,1,0,0
117,720,840,0,1,0
118,413,2,1,0,0
119,208,707,0,1,0
120,741,490,1,0,1
121,876,515,0,1,0
122,7,481,1,0,0
123,634,47,1,0,0
124,260,424,0,1,0
125,850,568,1,0,1
126,808,7,0,1,0
127,682,768,0,1,0
128,231,757,1,0,1
129,531,2,0,1,0
130,460,902,0,1,0
131,2,180,1,1,0
132,894,267,0,1,0
133,2,274,0,1,0
134,639,575,0,1,0
135,332,446,0,1,0
136,208,170,0,1,0
137,559,561,0,1,0
138,633,725,1,0,1
139,658,169,1,0,1
140,6,421,0,1,0
141,619,649,1,0,1
142,512,380,0,1,0
143,824,186,0,1,0
144,400,622,0,1,0
145,151,95,0,1,0
146,477,598,1,0,0
147,485,700,0,1,0
148,724,362,0,1,0
149,264,191,0,1,0
150,139,236,1,0,1
151,692,328,0,1,0
152,415,452,1,0,1
153,351,380,0,1,0
154,1,901,1,0,0
155,65,135,0,1,0
156,578,587,0,1,0
157,218,281,0,1,0
158,438,735,0,1,0
159,878,622,0,1,0
160,788,730,0,1,0
161,119,569,0,1,0
162,789,770,0,1,0
163,679,186,0,1,0
164,71,552,0,1,0
165,546,915,0,1,0
166,834,272,0,1,0
167,274,163,0,1,0
168,238,8,0,1,0
169,883,4,1,0,0
170,577,667,1,0,1
171,982,507,0,1,0
172,141,389,0,1,0
173,0,926,1,0,0
174,190,869,0,1,0
175,56,66,1,0,0
176,572,418,0,1,0
177,383,404,0,1,0
178,397,644,0,1,0
179,709,1,0,1,0
180,486,149,0,1,0
181,990,639,0,1,0
182,494,877,0,1,0
183,697,270,1,0,0
184,339,334,1,0,1
185,517,51,1,1,0
186,864,267,1,0,1
187,788,477,0,1,0
188,394,990,0,1,0
189,849,59,1,0,0
190,888,528,0,1,0
191,950,3,0,1,0
192,903,250,0,1,0
193,497,253,0,1,0
194,6,537,0,1,0
195,562,267,0,1,0
196,9,676,1,0,1
197,966,990,0,1,0
198,705,939,0,1,0
199,800,564,0,1,0
200,526,627,1,1,0
201,189,891,0,1,0
202,231,823,0,1,0
203,947,6,0,1,0
204,5,719,0,1,0
205,745,855,0,1,0
206,201,271,1,0,1
207,746,402,0,1,0
208,258,625,0,1,0
209,760,40,1,0,1
210,233,990,1,0,0
211,719,791,0,1,0
212,5,608,0,1,0
213,613,881,0,1,0
214,990,506,0,1,0
215,517,643,0,1,0
216,376,82,0,1,0
217,498,291,0,1,0
218,688,380,0,1,0
219,309,10,1,0,1
220,5,785,0,0,1
221,739,191,0,1,0
222,9,550,0,1,0
223,447,83,0,1,0
224,282,465,0,1,0
225,653,693,0,1,0
226,306,539,1,0,1
227,509,661,1,1,0
228,944,738,0,1,0
229,464,321,1,0,1
230,324,154,0,1,0
231,4,120,1,0,1
232,803,130,0,1,0
233,218,740,0,1,0
234,464,646,0,1,0
235,689,491,0,1,0
236,416,827,0,1,0
237,308,5,0,1,0
238,495,358,1,0,1
239,256,952,0,1,0
240,175,138,0,0,1
241,258,941,0,1,0
242,272,226,0,1,0
243,195,305,1,0,1
244,215,808,0,1,0
245,829,621,1,0,1
246,770,201,1,0,1
247,572,820,0,1,0
248,321,2,0,1,0
249,650,826,0,1,0
250,879,626,0,1,0
251,920,711,1,0,1
252,687,586,0,1,0
253,665,108,1,0,0
254,117,238,1,0,0
255,98,428,0,1,0
256,632,418,0,0,1
257,770,609,0,1,0
258,610,571,0,1,0
259,811,811,1,0,1
260,778,425,0,1,0
261,565,488,0,1,0
262,9,515,0,1,0
263,889,671,0,1,0
264,56,629,0,1,0
265,224,375,0,1,0
266,29,892,1,0,0
267,292,41,0,0,1
268,761,101,0,1,0
269,892,4,1,0,0
270,760,738,1,0,1
271,757,325,1,1,0
272,812,982,1,0,1
273,464,685,0,1,0
274,102,342,1,0,1
275,112,9,0,1,0
276,500,170,0,0,1
277,698,681,1,0,1
278,504,552,0,1,0
279,384,2,1,0,0
280,243,204,0,1,0
281,210,712,0,1,0
282,481,675,1,0,1
283,990,904,1,0,0
284,851,778,0,1,0
285,821,1,0,1,0
286,831,922,1,0,1
287,7,39,0,1,0
288,2,695,0,1,0
289,161,676,0,1,0
290,553,423,0,1,0
291,850,122,1,0,1
292,45,855,1,0,0
293,6,244,0,1,0
294,1,907,1,0,1
295,207,618,0,1,0
296,254,692,0,1,0
297,340,96,0,1,0
298,661,776,0,1,0
299,49,283,1,0,1
300,488,720,1,0,1
301,678,559,1,0,1
302,204,133,0,0,1
303,4,498,0,1,0
304,557,222,0,1,0
305,942,8,0,1,0
306,766,61,0,1,0
307,560,234,1,0,1
308,838,10,1,0,0
309,425,217,1,0,1
310,863,313,0,1,0
311,790,560,0,1,0
312,226,800,0,1,0
313,352,0,0,1,0
314,4,244,0,1,0
315,887,752,0,1,0
316,7,790,0,1,0
317,809,753,0,0,1
318,525,773,0,1,0
319,61,990,1,0,0
320,745,867,0,1,0
321,745,591,1,0,1
322,784,821,0,1,0
323,847,642,1,0,1
324,4,503,0,1,0
325,583,854,0,1,0
326,275,60,0,1,0
327,818,488,0,1,0
328,151,464,0,1,0
329,88,393,0,1,0
330,604,793,0,1,0
331,1,150,0,1,0
332,689,973,0,1,0
333,208,861,0,1,0
334,189,379,0,1,0
335,736,719,0,1,0
336,883,305,0,1,0
337,443,125,0,1,0
338,758,2,0,1,0
339,9,707,1,1,0
340,876,712,0,1,0
341,854,611,0,1,0
342,558,680,0,1,0
343,557,9,0,1,0
344,959,937,1,0,0
345,501,551,1,0,0
346,168,215,1,0,1
347,284,491,0,1,0
348,276,482,0,1,0
349,731,107,0,1,0
350,118,831,1,0,1
351,506,247,1,0,1
352,350,981,0,1,0
353,843,766,0,1,0
354,831,910,0,1,0
355,0,791,1,0,1
356,116,666,0,1,0
357,101,413,0,1,0
358,573,570,0,1,0
359,644,927,0,1,0
360,415,318,0,1,0
361,8,816,0,1,0
362,713,5,0,1,0
363,612,364,1,0,1
364,876,846,0,1,0
365,833,854,0,1,0
366,321,164,0,1,0
367,430,584,0,1,0
368,266,402,0,1,0
369,157,476,1,0,1
370,637,865,0,1,0
371,2,886,1,1,0
372,759,619,1,0,1
373,367,9,0,1,0
374,882,946,0,1,0
375,493,165,0,1,0
376,174,842,0,1,0
377,513,917,0,1,0
378,522,642,1,1,0
379,121,896,0,1,0
380,807,444,0,1,0
381,857,634,1,0,1
382,688,482,0,1,0
383,462,10,1,0,0
384,865,172,1,0,0
385,438,8,1,0,1
386,905,764,0,1,0
387,274,155,0,1,0
388,751,5,0,1,0
389,401,126,1,0,1
390,2,21,0,1,0
391,10,898,1,1,0
392,185,50,0,1,0
393,218,808,0,1,0
394,762,548,0,1,0
395,257,8,1,0,0
396,70,514,0,1,0
397,5,827,0,1,0
398,247,228,0,1,0
399,745,83,1,1,0
400,545,432,1,1,0
401,729,465,0,0,1
402,350,556,0,1,0
403,372,78,0,1,0
404,131,583,0,1,0
405,913,114,0,0,1
406,687,443,0,1,0
407,292,467,0,1,0
408,0,755,1,0,0
409,603,77,0,1,0
410,286,657,1,0,1
411,447,10,1,0,1
412,543,273,0,1,0
413,789,786,0,1,0
414,223,869,0,1,0
415,473,179,1,0,1
416,190,496,0,1,0
417,599,917,0,1,0
418,295,898,0,1,0
419,403,294,0,1,0
420,731,502,0,1,0
421,866,770,0,1,0
422,4,686,1,0,1
423,283,56,1,0,1
424,180,376,0,1,0
425,132,373,0,1,0
426,80,803,0,1,0
427,281,566,1,0,1
428,980,5,1,0,0
429,585,990,0,1,0
430,383,165,0,1,0
431,611,659,0,1,0
432,888,252,0,1,0
433,783,447,1,0,1
434,437,824,0,1,0
435,850,426,0,1,0
436,488,10,1,0,0
437,770,640,0,1,0
438,540,672,0,1,0
439,868,160,0,1,0
440,281,0,0,1,0
441,725,573,1,0,1
442,445,419,1,0,0
443,261,292,0,1,0
444,152,198,0,0,1
445,289,482,0,1,0
446,771,614,0,1,0
447,397,929,0,1,0
448,664,89,1,0,0
449,66,298,1,0,0
450,886,295,0,1,0
451,301,0,0,1,0
452,958,158,1,0,1
453,276,691,1,0,1
454,622,645,0,1,0
455,586,178,0,1,0
456,990,900,1,0,0
457,648,359,0,1,0
458,314,779,0,1,0
459,10,840,1,1,0
460,978,8,1,0,0
461,470,396,1,0,1
462,636,594,1,0,1
463,836,584,1,0,1
464,600,855,0,1,0
465,874,516,0,1,0
466,200,231,1,0,1
467,473,416,1,0,0
468,27,9,1,0,1
469,729,392,0,1,0
470,689,6,0,1,0
471,8,530,0,1,0
472,854,5,1,0,0
473,0,564,1,0,1
474,304,82,0,0,1
475,336,3,1,0,1
476,322,401,0,1,0
477,539,544,0,1,0
478,426,824,1,0,1
479,732,250,1,0,0
480,871,442,0,1,0
481,241,244,1,0,1
482,227,841,1,0,1
483,515,8,0,1,0
484,872,723,0,1,0
485,597,588,0,1,0
486,332,508,0,1,0
487,117,533,0,0,1
488,366,817,0,1,0
489,625,408,1,0,1
490,875,792,1,0,1
491,422,302,0,1,0
492,990,15,1,0,0
493,738,110,0,1,0
494,597,175,0,1,0
495,69,570,0,1,0
496,143,161,0,1,0
497,660,514,0,1,0
498,190,814,1,0,1
499,928,207,1,0,1
500,330,241,1,0,1
501,127,969,1,0,0
502,567,7,0,1,0
503,754,5,0,1,0
504,234,315,0,1,0
505,613,460,1,0,1
506,700,672,1,0,1
507,616,407,0,1,0
508,325,142,0,1,0
509,161,634,0,1,0
510,553,9,1,0,1
511,990,529,0,1,0
512,892,167,1,1,0
513,3,676,1,0,1
514,684,174,0,1,0
515,133,128,0,1,0
516,881,410,0,1,0
517,609,187,0,1,0
518,703,237,0,1,0
519,372,90,0,1,0
520,708,671,0,1,0
521,955,104,0,1,0
522,245,511,1,0,1
523,433,717,0,1,0
524,800,838,0,1,0
525,589,405,1,0,1
526,0,37,0,1,0
527,467,406,1,0,1
528,754,8,0,1,0
529,311,555,1,0,1
530,921,487,1,0,1
531,450,718,0,1,0
532,143,915,0,1,0
533,46,209,0,1,0
534,845,388,0,1,0
535,285,817,0,1,0
536,828,695,0,1,0
537,407,585,0,1,0
538,437,118,0,1,0
539,607,420,1,0,1
540,470,634,0,1,0
541,451,679,0,1,0
542,689,507,0,1,0
543,0,46,0,1,0
544,321,284,1,0,0
545,52,5,0,1,0
546,113,368,0,1,0
547,444,400,0,1,0
548,44,815,0,0,1
549,597,593,0,1,0
550,807,360,0,1,0
551,236,913,0,1,0
552,980,280,1,0,1
553,369,809,1,0,1
554,495,764,0,1,0
555,198,866,0,1,0
556,325,601,0,1,0
557,299,2,0,1,0
558,826,546,1,0,1
559,719,537,0,1,0
560,794,664,0,1,0
561,681,755,0,1,0
562,832,618,0,1,0
563,435,990,0,1,0
564,5,142,1,0,1
565,182,699,0,1,0
566,169,94,0,1,0
567,290,328,0,1,0
568,741,172,0,1,0
569,210,0,0,1,0
570,730,674,1,0,1
571,253,634,0,1,0
572,645,367,0,1,0
573,182,516,1,0,1
574,861,536,0,1,0
575,526,188,0,1,0
576,20,856,1,0,0
577,365,843,1,0,1
578,160,165,0,1,0
579,746,114,0,1,0
580,213,767,0,1,0
581,1,370,1,0,0
582,321,329,0,1,0
583,480,982,0,1,0
584,306,211,1,0,1
585,184,510,0,1,0
586,816,291,0,1,0
587,801,1,0,1,0
588,270,565,0,1,0
589,556,777,0,1,0
590,388,383,0,1,0
591,799,386,1,0,1
592,795,839,0,1,0
593,231,688,0,1,0
594,799,586,0,1,0
595,599,905,1,0,1
596,333,813,0,1,0
597,779,621,0,1,0
598,160,313,0,1,0
599,92,327,0,1,0
600,936,282,0,1,0
601,750,786,0,1,0
602,698,440,0,1,0
603,1,429,0,1,0
604,522,65,0,1,0
605,401,390,0,1,0
606,811,8,1,0,1
607,175,275,0,1,0
608,490,635,1,1,0
609,383,465,0,1,0
610,743,919,0,1,0
611,394,244,0,1,0
612,323,850,0,1,0
613,13,538,0,1,0
614,603,776,1,0,1
615,507,0,0,1,0
616,912,815,1,0,0
617,711,617,0,1,0
618,431,288,0,1,0
619,709,214,0,1,0
620,0,76,0,1,0
621,518,305,0,1,0
622,539,5,0,1,0
623,138,381,0,1,0
624,658,395,1,0,1
625,245,470,0,1,0
626,1,20,0,1,0
627,103,333,0,1,0
628,833,3,1,0,0
629,634,639,0,1,0
630,755,479,0,1,0
631,910,858,0,1,0
632,990,792,1,0,0
633,137,235,0,1,0
634,870,279,0,1,0
635,556,857,0,1,0
636,747,780,0,1,0
637,193,481,0,1,0
638,367,533,1,1,0
639,669,335,1,0,1
640,151,742,0,1,0
641,3,586,0,1,0
642,0,967,0,1,0
643,906,623,0,1,0
644,516,274,0,1,0
645,80,184,0,1,0
646,645,195,0,1,0
647,6,644,0,1,0
648,78,255,0,1,0
649,767,374,0,1,0
650,954,990,0,1,0
651,783,313,0,1,0
652,290,460,0,1,0
653,219,2,0,1,0
654,2,824,0,1,0
655,508,8,0,1,0
656,384,422,0,1,0
657,687,219,0,1,0
658,343,747,0,1,0
659,248,56,1,0,1
660,278,86,1,0,1
661,325,635,1,0,1
662,343,158,1,0,1
663,686,397,0,1,0
664,131,589,0,1,0
665,254,577,0,1,0
666,157,453,0,1,0
667,566,95,0,1,0
668,938,613,0,1,0
669,921,0,1,1,0
670,199,338,0,1,0
671,773,689,0,1,0
672,918,696,0,1,0
673,757,259,1,0,1
674,728,322,0,1,0
675,671,543,0,1,0
676,828,902,0,1,0
677,876,880,0,1,0
678,538,368,1,1,0
679,5,147,0,1,0
680,567,436,0,1,0
681,489,3,1,0,0
682,148,731,0,1,0
683,1,604,0,1,0
684,213,72,0,1,0
685,358,243,1,0,1
686,829,131,0,1,0
687,809,502,1,0,1
688,575,794,0,1,0
689,798,740,1,0,1
690,613,577,0,1,0
691,227,720,0,1,0
692,795,765,0,1,0
693,395,846,0,1,0
694,651,314,1,0,0
695,715,433,0,1,0
696,821,459,1,0,1
697,552,354,0,1,0
698,170,467,1,0,1
699,110,709,0,1,0
700,737,243,1,0,1
701,118,945,1,0,0
702,546,408,0,1,0
703,397,5,1,0,0
704,266,895,0,1,0
705,2,645,0,1,0
706,550,3,1,0,1
707,500,711,0,1,0
708,868,324,0,1,0
709,536,10,0,1,0
710,661,157,0,1,0
711,363,566,0,1,0
712,7,579,0,1,0
713,889,805,0,1,0
714,880,424,0,1,0
715,582,7,0,1,0
716,110,876,0,1,0
717,792,745,1,0,1
718,432,388,1,0,1
719,636,905,0,1,0
720,436,397,0,1,0
721,886,81,0,1,0
722,966,131,0,1,0
723,918,879,0,1,0
724,107,858,0,1,0
725,590,189,0,1,0
726,291,501,0,1,0
727,2,951,1,0,0
728,515,905,0,0,1
729,9,523,0,1,0
730,189,247,0,1,0
731,101,728,0,1,0
732,510,764,1,0,1
733,433,101,1,0,1
734,2,268,0,1,0
735,173,532,0,1,0
736,597,457,0,1,0
737,199,3,1,0,0
738,75,867,0,1,0
739,139,699,0,1,0
740,98,94,0,1,0
741,937,2,0,1,0
742,697,787,0,1,0
743,321,617,0,1,0
744,821,635,0,1,0
745,420,847,1,0,1
746,147,263,1,0,1
747,7,520,1,0,1
748,521,659,0,1,0
749,943,99,0,1,0
750,990,874,1,0,0
751,905,91,0,1,0
752,317,515,1,0,1
753,2,945,1,0,0
754,498,208,0,1,0
755,536,595,0,1,0
756,833,525,0,1,0
757,819,827,0,1,0
758,542,774,0,1,0
759,7,160,1,0,1
760,536,185,0,1,0
761,579,7,0,1,0
762,579,553,0,1,0
763,794,469,0,1,0
764,334,4,0,1,0
765,355,706,1,0,1
766,744,462,0,1,0
767,196,747,1,0,1
768,946,7,0,1,0
769,351,10,1,1,0
770,423,192,1,0,1
771,290,438,0,1,0
772,841,661,0,1,0
773,888,657,0,1,0
774,863,556,0,1,0
775,567,678,0,1,0
776,781,388,1,0,1
777,81,97,0,1,0
778,898,659,0,1,0
779,118,9,0,1,0
780,283,833,0,1,0
781,675,585,0,1,0
782,361,163,0,1,0
783,135,283,1,0,1
784,228,7,1,0,1
785,735,170,1,0,1
786,822,164,1,0,1
787,674,841,0,1,0
788,10,911,1,0,0
789,71,886,1,0,0
790,519,80,0,1,0
791,184,668,0,1,0
792,4,983,1,0,0
793,4,688,0,1,0
794,245,568,0,1,0
795,920,750,1,0,1
796,398,729,0,1,0
797,978,177,0,1,0
798,950,495,0,1,0
799,909,442,0,1,0
800,472,493,1,0,0
801,247,150,0,1,0
802,375,246,0,1,0
803,261,94,0,1,0
804,501,6,0,1,0
805,804,272,1,0,0
806,876,377,0,1,0
807,436,109,1,0,1
808,830,558,0,1,0
809,6,242,0,1,0
810,845,601,0,1,0
811,693,458,0,1,0
812,886,658,0,1,0
813,111,592,1,0,1
814,823,10,0,1,0
815,561,348,0,1,0
816,560,119,0,1,0
817,376,889,0,1,0
818,759,493,1,0,1
819,811,900,0,1,0
820,192,705,0,1,0
821,504,54,0,1,0
822,293,668,0,1,0
823,990,839,0,1,0
824,6,640,0,1,0
825,542,771,0,1,0
826,399,8,1,0,0
827,653,901,0,1,0
828,600,894,0,1,0
829,754,475,0,1,0
830,613,650,0,1,0
831,589,576,0,1,0
832,189,434,0,1,0
833,161,3,0,1,0
834,10,194,0,1,0
835,802,593,0,1,0
836,407,280,1,0,1
837,889,791,0,1,0
838,2,381,1,0,1
839,963,7,0,1,0
840,214,528,0,1,0
841,402,666,0,1,0
842,286,8,0,1,0
843,635,589,1,1,0
844,140,364,1,0,1
845,669,166,0,1,0
846,400,261,0,1,0
847,239,614,0,1,0
848,833,866,0,1,0
849,990,856,0,1,0
850,593,4,0,1,0
851,405,570,0,1,0
852,330,791,1,0,1
853,165,655,0,1,0
854,409,206,0,1,0
855,246,406,0,1,0
856,449,880,0,1,0
857,255,754,0,1,0
858,406,420,0,0,1
859,884,159,0,1,0
860,396,833,0,1,0
861,751,965,0,1,0
862,8,280,0,1,0
863,793,7,0,1,0
864,236,422,0,1,0
865,191,556,1,0,1
866,84,247,0,1,0
867,8,186,0,1,0
868,679,726,0,1,0
869,677,442,0,1,0
870,712,806,1,0,1
871,328,685,0,1,0
872,6,208,0,1,0
873,842,535,0,1,0
874,630,418,0,1,0
875,912,8,0,1,0
876,941,652,0,1,0
877,239,299,0,1,0
878,909,511,0,1,0
879,656,728,1,0,1
880,341,973,0,1,0
881,467,523,1,0,0
882,4,31,1,0,1
883,858,264,0,1,0
884,8,672,0,1,0
885,504,816,0,1,0
886,513,120,0,1,0
887,343,688,0,1,0
888,651,242,0,1,0
889,174,10,1,0,1
890,604,686,0,1,0
891,472,297,0,1,0
892,4,666,1,0,1
893,9,851,1,0,0
894,516,990,0,1,0
895,93,1,1,0,0
896,891,259,0,1,0
897,780,101,0,1,0
898,314,202,0,1,0
899,93,5,1,0,0
900,454,419,1,0,1
901,587,7,0,1,0
902,268,772,1,0,1
903,617,695,0,1,0
904,8,710,0,1,0
905,638,524,0,1,0
906,2,112,1,0,0
907,265,786,1,0,1
908,242,591,0,1,0
909,72,990,1,0,0
910,990,389,1,0,1
911,248,265,0,1,0
912,558,667,0,1,0
913,605,722,0,1,0
914,582,236,0,1,0
915,612,301,0,1,0
916,759,6,0,1,0
917,386,880,1,0,1
918,7,403,1,0,0
919,604,456,0,1,0
920,598,701,0,1,0
921,326,832,1,0,1
922,636,744,0,1,0
923,698,494,1,0,1
924,541,159,0,1,0
925,400,857,0,1,0
926,2,660,0,1,0
927,217,10,0,1,0
928,731,560,0,1,0
929,818,522,1,0,1
930,418,10,1,0,0
931,947,607,0,1,0
932,205,47,0,1,0
933,562,521,1,0,1
934,7,890,0,1,0
935,195,131,1,0,1
936,778,2,0,1,0
937,620,262,0,1,0
938,404,483,1,0,0
939,362,535,0,1,0
940,352,3,0,1,0
941,147,310,0,1,0
942,771,178,1,0,1
943,734,200,0,1,0
944,919,60,0,1,0
945,246,413,1,0,1
946,528,887,0,1,0
947,664,834,0,1,0
948,9,908,1,0,0
949,8,458,0,1,0
950,403,580,1,0,1
951,219,662,0,1,0
952,428,6,0,1,0
953,499,683,1,0,1
954,604,532,0,1,0
955,180,0,0,1,0
956,366,160,0,1,0
957,355,241,1,0,1
958,421,213,0,1,0
959,816,671,0,1,0
960,620,919,0,1,0
961,162,602,0,1,0
962,731,990,1,0,1
963,273,331,0,1,0
964,61,2,1,0,1
965,339,116,0,1,0
966,536,303,1,0,1
967,5,793,0,1,0
968,257,327,0,0,1
969,63,10,0,1,0
970,5,673,0,1,0
971,479,625,1,1,0
972,567,132,0,1,0
973,813,768,0,1,0
974,8,719,0,1,0
975,339,387,0,1,0
976,879,737,1,0,1
977,288,610,0,1,0
978,406,138,0,1,0
979,264,807,0,1,0
980,690,368,0,1,0
981,621,893,0,1,0
982,462,279,0,1,0
983,443,487,1,0,0
984,199,440,0,1,0
985,422,340,0,1,0
986,590,6,0,1,0
987,721,6,1,0,1
988,534,260,0,1,0
989,110,681,0,1,0
990,124,564,1,0,1
991,735,118,0,1,0
992,286,32,0,1,0
993,1,24,0,1,0
994,139,149,0,1,0
995,706,901,0,1,0
996,722,637,0,1,0
997,8,81,1,0,1
998,698,609,0,1,0
999,674,555,0,1,0
