Index,x,y,alive,infected,immune
0,798,301,0,1,0
1,31,691,1,0,1
2,950,217,0,0,1
3,529,905,1,0,1
4,943,759,0,1,0
5,388,100,0,1,0
6,496,79,0,1,0
7,0,559,0,1,0
8,312,802,1,0,1
9,858,595,0,1,0
10,463,156,0,1,0
11,620,108,0,1,0
12,515,7,0,1,0
13,60,325,0,1,0
14,884,254,0,1,0
15,100,726,0,1,0
16,488,337,1,0,1
17,760,732,0,1,0
18,954,130,0,1,0
19,661,826,0,1,0
20,927,554,0,1,0
21,319,334,0,1,0
22,415,811,0,1,0
23,245,135,1,0,1
24,199,398,0,1,0
25,8,153,0,1,0
26,795,6,0,1,0
27,714,399,0,1,0
28,120,145,0,1,0
29,506,892,0,1,0
30,688,685,0,1,0
31,561,7,0,1,0
32,784,864,1,0,1
33,954,305,1,0,1
34,262,847,0,1,0
35,281,3,0,1,0
36,629,1,1,0,1
37,946,655,0,1,0
38,4,585,0,1,0
39,372,769,0,1,0
40,193,37,0,1,0
41,636,560,1,0,1
42,493,162,1,0,1
43,126,420,0,1,0
44,475,283,0,1,0
45,235,105,0,1,0
46,556,910,1,0,1
47,748,569,0,1,0
48,759,339,0,1,0
49,489,172,0,1,0
50,535,921,0,1,0
51,829,712,0,1,0
52,115,391,0,1,0
53,153,349,0,1,0
54,322,807,0,1,0
55,553,286,0,0,1
56,699,189,0,1,0
57,540,250,0,1,0
58,170,390,0,1,0
59,990,407,0,1,0
60,176,635,0,1,0
61,594,3,0,1,0
62,424,938,0,1,0
63,126,443,0,1,0
64,5,962,0,1,0
65,7,349,1,0,1
66,18,819,0,1,0
67,790,825,0,1,0
68,644,792,0,1,0
69,710,932,0,1,0
70,609,787,0,1,0
71,747,10,0,1,0
72,545,757,0,1,0
73,599,778,0,1,0
74,335,9,0,1,0
75,990,163,1,0,1
76,136,356,0,1,0
77,425,263,1,0,1
78,345,753,1,0,1
79,954,84,0,1,0
80,117,516,0,1,0
81,768,875,0,1,0
82,132,121,0,1,0
83,290,950,0,1,0
84,384,541,0,1,0
85,202,323,0,1,0
86,379,649,1,0,1
87,869,602,0,1,0
88,603,102,0,1,0
89,628,954,0,1,0
90,226,185,0,1,0
91,187,509,0,1,0
92,265,506,0,1,0
93,546,921,0,1,0
94,640,377,0,1,0
95,236,918,0,1,0
96,782,892,0,1,0
97,516,544,0,1,0
98,118,48,0,1,0
99,703,189,0,1,0
100,218,265,0,1,0
101,747,423,1,0,1
102,680,894,1,0,1
103,7,33,0,0,1
104,661,442,1,0,1
105,579,574,1,1,0
106,867,267,0,1,0
107,624,191,0,1,0
108,906,390,0,1,0
109,814,562,0,0,1
110,349,871,1,0,1
111,0,776,0,1,0
112,782,429,0,1,0
113,873,357,0,1,0
114,562,283,0,1,0
115,877,558,0,1,0
116,55,915,1,0,0
117,687,837,0,1,0
118,413,5,1,0,0
119,185,741,0,1,0
120,672,503,1,0,1
121,864,514,0,1,0
122,0,481,1,0,0
123,649,47,1,0,0
124,254,415,0,1,0
125,862,577,1,0,1
126,808,4,0,1,0
127,671,763,0,1,0
128,222,764,1,0,1
129,531,2,0,1,0
130,468,883,0,1,0
131,8,180,1,0,0
132,910,281,0,1,0
133,6,274,0,1,0
134,670,596,0,1,0
135,319,471,0,1,0
136,192,175,0,1,0
137,537,534,1,0,0
138,606,714,1,0,1
139,613,161,1,0,1
140,1,421,0,1,0
141,613,628,1,0,1
142,559,386,0,1,0
143,785,179,0,1,0
144,404,613,0,1,0
145,169,68,0,1,0
146,519,609,1,0,0
147,463,691,1,1,0
148,761,331,0,1,0
149,268,176,0,1,0
150,149,201,1,0,1
151,648,394,0,1,0
152,391,454,1,0,1
153,303,332,0,1,0
154,0,901,1,0,0
155,45,123,0,1,0
156,551,572,1,0,0
157,196,277,0,1,0
158,411,740,1,1,0
159,842,650,0,1,0
160,782,723,0,1,0
161,146,579,0,1,0
162,829,811,0,1,0
163,682,221,0,1,0
164,73,568,0,1,0
165,546,886,0,1,0
166,836,331,0,1,0
167,236,204,0,1,0
168,238,8,0,1,0
169,883,0,1,0,0
170,543,668,1,0,1
171,978,532,0,1,0
172,127,316,1,1,0
173,0,926,1,0,0
174,182,872,0,1,0
175,71,36,1,0,0
176,591,407,0,1,0
177,396,413,0,1,0
178,389,641,0,1,0
179,709,9,0,1,0
180,529,112,0,1,0
181,952,623,0,1,0
182,454,881,0,1,0
183,720,291,1,0,0
184,357,311,1,0,0
185,536,53,1,0,0
186,866,302,1,0,1
187,712,422,0,1,0
188,394,990,0,1,0
189,855,34,1,0,0
190,954,528,0,1,0
191,950,0,0,1,0
192,928,208,0,1,0
193,463,218,0,1,0
194,3,537,0,1,0
195,540,287,0,1,0
196,9,676,1,0,1
197,966,990,0,1,0
198,732,959,0,1,0
199,815,537,0,1,0
200,527,605,1,0,0
201,200,837,1,1,0
202,189,860,0,1,0
203,947,1,0,1,0
204,37,740,1,0,0
205,650,887,0,1,0
206,185,287,1,0,1
207,778,356,0,1,0
208,287,608,0,1,0
209,775,53,1,0,1
210,233,990,1,0,0
211,732,771,0,1,0
212,36,590,0,1,0
213,579,828,0,1,0
214,990,506,1,0,0
215,515,747,1,0,0
216,326,75,0,1,0
217,445,269,0,1,0
218,639,418,0,1,0
219,309,10,1,0,1
220,3,785,0,0,1
221,739,184,0,1,0
222,7,550,0,1,0
223,416,127,0,1,0
224,323,432,0,1,0
225,653,695,0,1,0
226,335,555,1,0,1
227,499,615,1,0,0
228,936,726,0,1,0
229,470,294,1,1,0
230,286,120,0,1,0
231,979,154,1,1,0
232,820,150,0,1,0
233,219,756,0,1,0
234,439,622,0,1,0
235,659,478,0,1,0
236,359,855,0,1,0
237,308,9,0,1,0
238,527,429,1,0,0
239,264,900,0,1,0
240,226,119,0,0,1
241,264,931,0,1,0
242,273,248,0,1,0
243,166,342,1,0,1
244,251,843,0,1,0
245,822,603,1,0,1
246,765,201,1,0,1
247,533,854,0,1,0
248,321,9,0,1,0
249,687,776,0,1,0
250,858,603,0,1,0
251,908,664,1,0,1
252,708,623,0,1,0
253,655,76,1,0,0
254,141,228,1,0,0
255,117,459,0,1,0
256,651,400,0,0,1
257,733,611,0,1,0
258,587,609,1,1,0
259,793,843,1,0,1
260,823,432,0,1,0
261,564,496,0,1,0
262,3,515,0,1,0
263,885,629,0,1,0
264,74,613,0,1,0
265,195,367,0,1,0
266,53,923,1,0,0
267,259,35,0,0,1
268,763,118,0,1,0
269,892,7,1,0,0
270,838,688,1,0,1
271,746,290,1,0,0
272,888,953,1,0,1
273,480,687,0,1,0
274,129,366,1,0,1
275,112,8,0,1,0
276,536,155,0,0,1
277,701,640,1,0,1
278,513,516,1,0,0
279,384,8,1,0,0
280,242,232,0,1,0
281,211,693,0,1,0
282,486,642,1,1,0
283,990,904,1,0,0
284,875,778,0,1,0
285,821,1,0,1,0
286,872,964,1,0,1
287,6,39,0,1,0
288,7,695,0,1,0
289,143,693,0,1,0
290,584,364,0,1,0
291,841,114,1,0,1
292,39,868,1,0,0
293,3,244,0,1,0
294,36,871,1,0,1
295,225,636,0,1,0
296,249,713,0,1,0
297,336,129,0,1,0
298,654,742,0,1,0
299,80,275,1,0,1
300,431,722,1,0,1
301,722,580,1,0,1
302,147,140,0,0,1
303,0,498,0,1,0
304,549,272,0,1,0
305,942,0,0,1,0
306,739,105,0,1,0
307,568,290,1,0,1
308,838,10,1,0,0
309,468,260,1,0,1
310,853,320,0,1,0
311,750,509,0,1,0
312,204,772,0,1,0
313,352,5,1,0,0
314,4,244,0,1,0
315,879,765,0,1,0
316,4,790,0,1,0
317,777,747,0,0,1
318,599,796,0,1,0
319,61,990,1,0,0
320,735,859,0,1,0
321,776,572,1,0,1
322,786,804,0,1,0
323,821,645,1,0,1
324,8,503,0,1,0
325,582,855,0,1,0
326,288,52,0,1,0
327,813,475,0,1,0
328,119,497,0,1,0
329,103,441,0,1,0
330,610,801,0,1,0
331,9,150,0,1,0
332,711,930,0,1,0
333,212,891,0,1,0
334,204,391,0,1,0
335,801,634,0,1,0
336,873,333,0,1,0
337,405,115,0,1,0
338,758,8,0,1,0
339,3,707,1,0,0
340,914,664,0,1,0
341,825,625,0,1,0
342,501,649,1,1,0
343,557,8,0,1,0
344,955,949,1,0,0
345,481,576,1,0,0
346,189,242,1,0,1
347,278,482,0,1,0
348,264,504,0,1,0
349,781,100,0,1,0
350,93,826,1,0,1
351,490,270,1,0,1
352,368,886,0,1,0
353,855,786,0,1,0
354,886,929,0,1,0
355,6,791,1,0,1
356,148,684,0,1,0
357,118,409,0,1,0
358,559,594,1,0,0
359,656,904,0,1,0
360,356,336,0,1,0
361,0,816,0,1,0
362,713,0,0,1,0
363,622,359,1,0,1
364,848,880,0,1,0
365,808,847,0,1,0
366,385,177,0,1,0
367,450,646,0,1,0
368,242,378,0,1,0
369,172,461,1,0,1
370,677,882,0,1,0
371,2,886,1,0,0
372,769,621,1,0,1
373,374,979,0,1,0
374,885,911,0,1,0
375,527,137,0,1,0
376,233,814,0,1,0
377,499,871,0,1,0
378,528,628,1,0,0
379,100,819,1,0,0
380,823,427,0,1,0
381,840,647,1,0,1
382,703,443,0,1,0
383,462,10,1,0,0
384,838,143,1,0,0
385,438,3,1,0,1
386,873,784,0,1,0
387,315,113,1,0,0
388,751,5,0,1,0
389,413,114,1,0,1
390,8,21,0,1,0
391,75,880,1,0,0
392,187,37,0,1,0
393,277,822,0,1,0
394,742,562,0,1,0
395,257,9,1,0,0
396,70,489,0,1,0
397,8,827,0,1,0
398,227,203,0,1,0
399,693,138,1,0,0
400,568,432,1,0,0
401,743,485,0,0,1
402,344,489,0,1,0
403,313,63,0,1,0
404,144,551,0,1,0
405,910,152,1,1,0
406,731,443,0,1,0
407,317,514,0,1,0
408,4,755,1,0,0
409,594,79,0,1,0
410,322,620,1,0,1
411,447,10,1,0,1
412,551,309,0,1,0
413,767,778,0,1,0
414,218,833,0,1,0
415,488,205,1,0,1
416,177,540,0,1,0
417,582,916,0,1,0
418,308,864,0,1,0
419,408,232,0,1,0
420,730,525,0,1,0
421,874,741,0,1,0
422,35,711,1,0,1
423,288,79,1,0,1
424,167,382,0,1,0
425,144,397,0,1,0
426,56,750,0,1,0
427,310,543,1,0,1
428,980,3,1,0,0
429,585,990,0,1,0
430,343,171,0,1,0
431,561,706,0,1,0
432,873,283,0,1,0
433,822,481,1,0,1
434,415,806,1,0,0
435,865,391,0,1,0
436,488,10,1,0,0
437,782,616,0,1,0
438,534,637,1,0,0
439,883,201,1,0,0
440,305,20,0,1,0
441,742,585,1,0,1
442,438,473,1,0,0
443,229,264,0,1,0
444,134,223,0,0,1
445,315,448,0,1,0
446,803,658,0,1,0
447,407,917,0,1,0
448,662,105,1,0,0
449,96,300,1,0,0
450,920,292,0,1,0
451,301,9,0,1,0
452,950,139,1,0,1
453,257,653,1,1,0
454,629,606,0,1,0
455,620,210,0,1,0
456,990,900,1,0,0
457,649,382,0,1,0
458,340,828,0,1,0
459,10,840,1,0,0
460,978,6,1,0,0
461,443,388,1,0,1
462,614,558,1,0,1
463,829,586,1,0,1
464,562,811,0,1,0
465,824,487,0,1,0
466,231,216,1,0,1
467,473,467,1,0,0
468,27,9,1,0,1
469,718,370,0,1,0
470,689,7,0,1,0
471,0,530,0,1,0
472,854,7,1,0,0
473,7,564,1,0,1
474,296,86,0,0,1
475,336,3,1,0,1
476,322,338,0,1,0
477,540,507,1,0,0
478,405,859,1,0,1
479,781,245,1,0,0
480,811,443,0,1,0
481,242,250,1,0,1
482,230,813,1,0,1
483,541,958,0,1,0
484,887,746,0,1,0
485,639,600,0,1,0
486,313,467,0,1,0
487,115,521,0,0,1
488,331,828,1,1,0
489,595,406,1,0,1
490,851,795,1,0,1
491,407,328,0,1,0
492,990,15,1,0,0
493,735,106,0,1,0
494,527,216,0,1,0
495,87,591,0,1,0
496,138,164,0,1,0
497,657,446,0,1,0
498,173,791,1,0,1
499,940,197,1,0,1
500,330,205,1,0,1
501,98,924,1,0,0
502,567,4,0,1,0
503,754,5,0,1,0
504,223,326,0,1,0
505,615,458,1,0,1
506,700,670,1,0,1
507,615,396,0,1,0
508,350,121,0,1,0
509,110,651,0,1,0
510,553,7,1,0,1
511,915,506,0,1,0
512,886,200,1,0,0
513,70,654,1,0,1
514,643,212,0,1,0
515,154,103,0,1,0
516,834,388,0,1,0
517,609,180,0,1,0
518,677,222,0,1,0
519,365,126,0,1,0
520,755,686,0,1,0
521,911,77,0,1,0
522,296,562,1,0,1
523,501,738,1,1,0
524,827,871,0,1,0
525,610,429,1,0,1
526,4,37,0,1,0
527,452,387,1,0,1
528,754,6,0,1,0
529,295,544,1,0,1
530,915,506,1,0,1
531,464,739,1,0,0
532,134,904,0,1,0
533,38,232,0,1,0
534,853,387,0,1,0
535,246,882,0,1,0
536,876,686,0,1,0
537,375,545,0,1,0
538,445,144,0,1,0
539,585,373,1,0,1
540,468,700,0,1,0
541,499,709,0,1,0
542,654,461,0,1,0
543,9,46,0,1,0
544,303,290,1,0,0
545,52,7,1,1,0
546,104,393,0,1,0
547,426,426,0,1,0
548,92,778,1,1,0
549,635,573,0,1,0
550,772,355,0,1,0
551,255,933,0,1,0
552,919,280,1,0,1
553,385,797,1,0,1
554,529,744,1,0,0
555,170,846,0,1,0
556,346,595,0,1,0
557,299,0,0,1,0
558,855,576,1,0,1
559,696,522,0,1,0
560,778,646,0,1,0
561,688,748,0,1,0
562,852,616,0,1,0
563,435,990,0,1,0
564,4,142,1,0,1
565,190,716,0,1,0
566,163,97,0,1,0
567,231,362,0,1,0
568,740,127,0,1,0
569,210,6,0,1,0
570,785,655,1,0,1
571,258,605,0,1,0
572,586,325,0,1,0
573,202,511,1,0,1
574,892,510,0,1,0
575,525,209,0,1,0
576,51,877,1,0,0
577,329,826,1,0,1
578,195,145,0,1,0
579,733,117,0,1,0
580,200,738,0,1,0
581,2,370,1,0,0
582,363,314,0,1,0
583,500,952,0,1,0
584,326,261,1,0,1
585,132,521,0,1,0
586,785,333,0,1,0
587,801,4,0,1,0
588,261,597,0,1,0
589,555,798,0,1,0
590,445,331,0,1,0
591,797,404,1,0,1
592,823,836,0,1,0
593,281,718,0,1,0
594,801,579,0,1,0
595,577,871,1,0,1
596,320,854,0,1,0
597,762,591,0,1,0
598,163,339,0,1,0
599,85,375,0,1,0
600,928,236,0,1,0
601,722,817,0,1,0
602,717,457,0,1,0
603,0,429,0,1,0
604,494,77,0,1,0
605,362,389,0,1,0
606,811,0,1,0,1
607,134,306,0,1,0
608,530,638,1,0,0
609,357,400,0,1,0
610,753,925,0,1,0
611,459,250,0,1,0
612,328,853,0,1,0
613,43,517,0,1,0
614,588,769,1,0,1
615,507,5,0,1,0
616,907,794,1,0,0
617,717,589,0,1,0
618,439,251,0,1,0
619,673,207,0,1,0
620,2,76,0,1,0
621,537,329,0,1,0
622,539,6,0,1,0
623,160,364,0,1,0
624,685,346,1,0,1
625,243,483,0,1,0
626,7,20,0,1,0
627,151,350,0,1,0
628,833,5,1,0,0
629,647,654,0,1,0
630,752,498,0,1,0
631,889,925,0,1,0
632,990,792,1,0,0
633,185,269,0,1,0
634,850,268,0,1,0
635,541,866,0,1,0
636,772,810,0,1,0
637,202,440,0,1,0
638,357,566,1,0,0
639,641,335,1,0,1
640,175,751,0,1,0
641,6,586,0,1,0
642,3,967,0,1,0
643,919,588,0,1,0
644,495,247,0,1,0
645,40,202,0,1,0
646,613,186,0,1,0
647,9,644,0,1,0
648,90,247,0,1,0
649,697,385,0,1,0
650,954,990,0,1,0
651,794,336,0,1,0
652,248,412,0,1,0
653,219,9,0,1,0
654,0,824,0,1,0
655,508,1,0,1,0
656,400,377,0,1,0
657,670,242,0,1,0
658,310,727,0,1,0
659,257,48,1,0,1
660,305,102,1,0,1
661,317,604,1,0,1
662,356,146,1,0,1
663,695,379,0,1,0
664,143,595,0,1,0
665,238,537,0,1,0
666,132,386,0,1,0
667,572,101,0,1,0
668,917,633,0,1,0
669,921,7,1,0,0
670,260,362,0,1,0
671,806,689,0,1,0
672,904,680,0,1,0
673,751,296,1,0,1
674,717,313,0,1,0
675,679,593,0,1,0
676,818,874,0,1,0
677,888,915,0,1,0
678,498,381,1,0,0
679,8,147,0,1,0
680,576,515,0,1,0
681,489,1,1,0,0
682,159,732,0,1,0
683,2,604,0,1,0
684,213,35,0,1,0
685,404,222,1,0,1
686,862,102,0,1,0
687,809,567,1,0,1
688,545,776,0,1,0
689,806,747,1,0,1
690,582,573,0,1,0
691,216,716,0,1,0
692,772,737,0,1,0
693,432,875,0,1,0
694,655,281,1,0,0
695,679,406,0,1,0
696,834,411,1,0,1
697,558,322,0,1,0
698,217,462,1,0,1
699,125,668,0,1,0
700,751,300,1,0,1
701,78,949,1,0,0
702,517,406,0,1,0
703,397,9,1,0,0
704,289,849,0,1,0
705,1,645,0,1,0
706,550,5,1,0,1
707,488,713,0,1,0
708,866,280,0,1,0
709,536,10,0,1,0
710,679,159,0,1,0
711,398,590,0,1,0
712,6,579,0,1,0
713,897,823,0,1,0
714,901,436,0,1,0
715,582,3,0,1,0
716,115,857,0,1,0
717,787,737,1,0,1
718,416,358,1,0,1
719,645,917,0,1,0
720,430,411,0,1,0
721,851,85,0,1,0
722,969,148,0,1,0
723,937,893,0,1,0
724,107,847,0,1,0
725,565,183,0,1,0
726,301,489,0,1,0
727,6,951,1,0,0
728,495,842,0,0,1
729,8,523,0,1,0
730,231,228,0,1,0
731,148,706,0,1,0
732,528,792,1,0,1
733,442,149,1,0,1
734,9,268,0,1,0
735,167,582,0,1,0
736,556,491,1,0,0
737,199,1,1,0,0
738,44,832,0,1,0
739,136,704,0,1,0
740,92,108,0,1,0
741,937,2,0,1,0
742,699,817,0,1,0
743,362,625,0,1,0
744,828,611,0,1,0
745,463,859,1,0,1
746,157,280,1,0,1
747,7,520,1,0,1
748,490,676,0,1,0
749,934,125,0,1,0
750,990,874,1,0,0
751,930,124,0,1,0
752,296,517,1,0,1
753,0,945,1,0,0
754,519,249,0,1,0
755,548,551,0,1,0
756,843,517,0,1,0
757,865,825,0,1,0
758,490,792,0,1,0
759,9,160,1,0,1
760,579,203,0,1,0
761,581,968,0,1,0
762,627,514,0,1,0
763,800,524,0,1,0
764,334,0,0,1,0
765,396,737,1,0,1
766,725,437,0,1,0
767,270,730,1,0,1
768,946,5,0,1,0
769,351,10,1,0,0
770,427,182,1,0,1
771,317,467,0,1,0
772,868,662,0,1,0
773,893,607,0,1,0
774,853,568,0,1,0
775,583,688,0,1,0
776,839,381,1,0,1
777,131,65,0,1,0
778,867,659,0,1,0
779,118,5,0,1,0
780,228,787,0,1,0
781,654,568,0,1,0
782,369,180,0,1,0
783,170,228,1,0,1
784,228,4,1,0,1
785,725,131,1,0,1
786,830,164,1,0,1
787,637,867,0,1,0
788,10,911,1,0,0
789,105,918,1,0,0
790,538,120,0,1,0
791,177,639,0,1,0
792,7,983,1,0,0
793,3,688,0,1,0
794,217,578,0,1,0
795,915,706,1,0,1
796,423,726,1,0,0
797,960,219,0,1,0
798,939,516,0,1,0
799,864,468,0,1,0
800,472,453,1,0,0
801,245,175,0,1,0
802,346,287,0,1,0
803,255,140,0,1,0
804,501,7,0,1,0
805,798,253,1,0,0
806,882,396,0,1,0
807,408,132,1,0,1
808,829,581,0,1,0
809,2,242,0,1,0
810,869,634,0,1,0
811,669,418,0,1,0
812,907,661,0,1,0
813,135,629,1,0,1
814,823,10,0,1,0
815,513,372,0,1,0
816,552,150,0,1,0
817,370,861,0,1,0
818,712,496,1,0,1
819,791,925,0,1,0
820,167,721,0,1,0
821,545,81,0,1,0
822,243,646,0,1,0
823,990,839,0,1,0
824,22,681,1,0,0
825,523,814,0,1,0
826,399,3,1,0,0
827,675,895,0,1,0
828,604,928,0,1,0
829,763,494,0,1,0
830,622,672,0,1,0
831,586,606,0,1,0
832,223,431,0,1,0
833,161,2,0,1,0
834,10,194,1,0,0
835,792,529,0,1,0
836,448,324,1,0,1
837,883,785,0,1,0
838,27,383,1,0,1
839,963,7,0,1,0
840,239,546,0,1,0
841,415,671,0,1,0
842,293,977,0,1,0
843,542,595,1,0,0
844,138,386,1,0,1
845,666,168,0,1,0
846,449,254,0,1,0
847,224,635,0,1,0
848,880,808,0,1,0
849,990,856,0,1,0
850,593,9,0,1,0
851,419,579,0,1,0
852,325,769,1,0,1
853,193,661,0,1,0
854,447,204,0,1,0
855,179,379,0,1,0
856,419,907,0,1,0
857,313,752,1,0,0
858,408,428,0,0,1
859,915,144,0,1,0
860,375,850,0,1,0
861,756,953,0,1,0
862,5,280,0,1,0
863,774,46,1,0,0
864,207,361,0,1,0
865,240,583,1,0,1
866,101,244,0,1,0
867,51,210,0,1,0
868,637,698,0,1,0
869,705,421,0,1,0
870,668,819,1,0,1
871,371,700,0,1,0
872,13,200,0,1,0
873,897,507,0,1,0
874,641,349,0,1,0
875,915,956,0,1,0
876,961,718,0,1,0
877,217,274,0,1,0
878,930,525,0,1,0
879,616,740,1,0,1
880,358,960,0,1,0
881,484,531,1,0,0
882,2,31,1,0,1
883,874,286,0,1,0
884,2,672,0,1,0
885,557,856,0,1,0
886,506,116,0,1,0
887,397,732,0,1,0
888,566,218,0,1,0
889,174,10,1,0,1
890,591,658,0,1,0
891,464,299,0,1,0
892,954,678,1,0,1
893,2,851,1,0,0
894,516,990,0,1,0
895,93,8,1,0,0
896,903,257,0,1,0
897,781,233,1,0,0
898,315,208,0,1,0
899,62,958,1,0,0
900,413,395,1,0,1
901,587,4,0,1,0
902,258,766,1,0,1
903,642,698,0,1,0
904,960,719,0,1,0
905,625,519,0,1,0
906,0,112,1,0,0
907,245,763,1,0,1
908,224,560,0,1,0
909,72,990,1,0,0
910,990,389,1,0,1
911,217,263,0,1,0
912,589,679,0,1,0
913,600,740,0,1,0
914,542,233,0,1,0
915,599,354,0,1,0
916,759,4,0,1,0
917,370,889,1,0,1
918,0,403,1,0,0
919,579,425,0,1,0
920,581,719,0,1,0
921,308,822,1,0,1
922,638,766,0,1,0
923,620,479,1,0,1
924,519,137,0,1,0
925,431,837,0,1,0
926,980,662,0,1,0
927,217,10,0,1,0
928,696,544,0,1,0
929,825,461,1,0,1
930,418,10,1,0,0
931,936,638,0,1,0
932,159,48,0,1,0
933,515,555,1,0,0
934,930,951,0,1,0
935,176,114,1,0,1
936,778,5,0,1,0
937,637,280,0,1,0
938,450,453,1,0,0
939,350,516,1,1,0
940,363,947,0,1,0
941,118,302,0,1,0
942,710,177,1,0,1
943,725,195,0,1,0
944,957,38,0,1,0
945,208,406,1,0,1
946,534,867,0,1,0
947,651,851,0,1,0
948,8,908,1,0,0
949,1,458,0,1,0
950,401,592,1,0,1
951,212,611,0,1,0
952,428,0,0,1,0
953,486,686,1,1,0
954,602,514,0,1,0
955,180,4,0,1,0
956,324,154,0,1,0
957,395,226,1,1,0
958,414,247,0,1,0
959,789,662,0,1,0
960,600,944,0,1,0
961,199,600,0,1,0
962,731,990,1,0,1
963,237,362,0,1,0
964,61,5,1,1,0
965,366,121,0,1,0
966,507,274,1,0,1
967,6,793,0,1,0
968,289,304,0,0,1
969,63,10,0,1,0
970,3,673,0,1,0
971,494,637,1,0,0
972,546,169,0,1,0
973,791,768,0,1,0
974,0,719,1,0,0
975,359,424,0,1,0
976,837,695,1,0,1
977,308,622,0,1,0
978,480,177,0,1,0
979,258,789,0,1,0
980,716,408,0,1,0
981,609,876,0,1,0
982,458,246,0,1,0
983,410,473,1,0,0
984,190,448,0,1,0
985,438,327,0,1,0
986,590,8,0,1,0
987,721,2,1,0,1
988,525,267,0,1,0
989,109,629,0,1,0
990,96,596,1,0,1
991,703,141,0,1,0
992,259,60,0,1,0
993,6,24,0,1,0
994,141,154,0,1,0
995,725,892,0,1,0
996,660,642,0,1,0
997,26,98,1,0,1
998,681,637,0,1,0
999,703,535,0,1,0
