Index,x,y,alive,infected,immune
0,791,292,0,1,0
1,34,651,1,0,1
2,965,219,0,0,1
3,550,833,1,0,1
4,857,760,0,1,0
5,446,123,0,1,0
6,455,41,0,1,0
7,4,559,0,1,0
8,294,807,1,0,1
9,884,589,0,1,0
10,426,124,0,1,0
11,647,157,0,1,0
12,544,963,0,1,0
13,93,320,0,1,0
14,842,312,0,1,0
15,74,790,0,1,0
16,510,296,1,0,1
17,774,642,0,1,0
18,971,199,0,1,0
19,605,841,0,1,0
20,955,586,0,1,0
21,320,378,0,1,0
22,427,808,0,1,0
23,257,63,1,0,1
24,227,409,0,1,0
25,6,153,0,1,0
26,795,8,0,1,0
27,692,474,0,1,0
28,104,139,0,1,0
29,489,890,0,1,0
30,700,729,0,1,0
31,561,1,0,1,0
32,777,890,1,0,1
33,976,355,1,0,1
34,244,869,0,1,0
35,281,2,0,1,0
36,629,4,1,0,1
37,894,698,0,1,0
38,12,592,0,1,0
39,429,719,0,1,0
40,174,28,0,1,0
41,665,504,1,0,1
42,491,166,1,0,1
43,115,413,0,1,0
44,446,253,0,1,0
45,207,146,0,1,0
46,546,885,1,0,1
47,766,605,0,1,0
48,718,320,0,1,0
49,416,125,0,1,0
50,520,892,0,1,0
51,903,683,0,1,0
52,108,405,0,1,0
53,125,386,0,1,0
54,284,845,0,1,0
55,568,303,0,0,1
56,697,171,0,1,0
57,507,263,0,1,0
58,168,371,0,1,0
59,990,407,0,1,0
60,212,579,0,1,0
61,594,1,0,1,0
62,358,946,0,1,0
63,188,430,0,1,0
64,9,962,0,1,0
65,2,349,1,0,1
66,31,797,0,1,0
67,825,803,0,1,0
68,604,730,0,1,0
69,703,933,0,1,0
70,564,803,0,1,0
71,717,45,0,1,0
72,556,807,0,1,0
73,616,737,0,1,0
74,335,3,0,1,0
75,990,163,1,0,1
76,142,367,0,1,0
77,434,236,1,0,1
78,367,744,1,0,1
79,919,89,0,1,0
80,108,509,0,1,0
81,790,836,0,1,0
82,169,168,0,1,0
83,244,910,0,1,0
84,381,557,0,1,0
85,225,349,0,1,0
86,361,675,1,0,1
87,851,616,0,1,0
88,573,157,0,1,0
89,622,931,0,1,0
90,286,207,0,1,0
91,217,502,0,1,0
92,272,477,0,1,0
93,513,891,0,1,0
94,670,448,0,1,0
95,228,937,0,1,0
96,744,934,0,1,0
97,573,509,0,1,0
98,121,77,0,1,0
99,647,157,0,1,0
100,217,286,0,1,0
101,805,424,1,1,0
102,694,864,1,0,1
103,0,33,0,0,1
104,677,475,1,0,1
105,583,605,1,0,0
106,875,238,1,0,0
107,611,210,0,1,0
108,891,404,0,1,0
109,817,606,0,0,1
110,337,837,1,1,0
111,5,776,0,1,0
112,773,462,0,1,0
113,867,360,0,1,0
114,572,372,0,1,0
115,915,539,0,1,0
116,120,966,1,0,0
117,701,831,0,1,0
118,413,7,1,0,0
119,173,744,1,0,0
120,681,528,1,0,1
121,878,506,0,1,0
122,4,481,1,0,0
123,673,99,1,0,0
124,316,352,1,1,0
125,822,633,1,0,1
126,808,0,0,1,0
127,633,793,1,1,0
128,203,767,1,1,0
129,531,7,0,1,0
130,419,820,0,1,0
131,8,180,1,0,0
132,915,255,0,1,0
133,18,267,0,1,0
134,643,591,0,1,0
135,336,419,0,1,0
136,229,239,0,1,0
137,573,606,1,0,0
138,631,713,1,0,1
139,618,169,1,0,1
140,9,421,0,1,0
141,597,674,1,1,0
142,510,393,1,0,0
143,797,113,0,1,0
144,402,671,1,0,0
145,183,68,0,1,0
146,543,537,1,0,0
147,428,672,1,0,0
148,726,331,0,1,0
149,287,173,0,1,0
150,80,201,1,0,1
151,660,426,0,1,0
152,381,439,1,1,0
153,323,346,0,1,0
154,4,901,1,0,0
155,74,145,0,1,0
156,588,565,1,0,0
157,179,280,0,1,0
158,385,708,1,0,0
159,850,606,0,1,0
160,797,725,0,1,0
161,158,570,0,1,0
162,744,778,1,1,0
163,614,186,0,1,0
164,43,544,0,1,0
165,541,826,0,1,0
166,883,281,1,1,0
167,250,240,0,1,0
168,238,9,1,0,0
169,857,953,1,0,0
170,530,701,1,0,0
171,925,523,0,1,0
172,134,230,1,0,0
173,9,926,1,0,0
174,90,897,1,0,0
175,49,63,1,0,0
176,594,401,0,1,0
177,401,429,0,1,0
178,413,640,0,1,0
179,709,4,0,1,0
180,512,79,0,1,0
181,973,578,0,1,0
182,427,928,0,1,0
183,770,260,1,0,0
184,269,318,1,0,0
185,536,29,1,0,0
186,839,349,1,0,1
187,705,463,0,1,0
188,426,972,1,0,0
189,839,75,1,0,0
190,946,545,0,1,0
191,937,956,1,0,0
192,947,224,0,1,0
193,461,257,0,1,0
194,9,537,0,1,0
195,530,321,0,1,0
196,6,676,1,0,1
197,967,943,1,0,0
198,805,932,0,1,0
199,828,563,0,1,0
200,531,584,1,0,0
201,191,801,1,0,0
202,266,867,0,1,0
203,947,4,1,0,0
204,31,760,1,0,0
205,682,940,0,1,0
206,227,309,1,1,0
207,792,316,0,1,0
208,251,583,0,1,0
209,785,68,1,0,1
210,233,990,1,0,0
211,741,766,1,1,0
212,99,608,0,1,0
213,584,816,0,1,0
214,990,506,1,0,0
215,548,759,1,0,0
216,306,63,0,1,0
217,382,258,0,1,0
218,609,438,0,1,0
219,309,10,1,1,0
220,2,785,0,0,1
221,778,168,0,1,0
222,8,550,0,1,0
223,374,144,0,1,0
224,274,437,0,1,0
225,635,662,0,1,0
226,384,554,1,0,0
227,544,691,1,0,0
228,933,717,0,1,0
229,445,337,1,0,0
230,272,157,0,1,0
231,969,144,1,0,0
232,812,156,1,0,0
233,250,755,1,1,0
234,403,617,0,1,0
235,633,493,0,1,0
236,342,853,0,1,0
237,308,7,1,1,0
238,505,385,1,0,0
239,248,895,0,1,0
240,253,85,0,0,1
241,290,874,0,1,0
242,313,259,0,1,0
243,193,329,1,0,1
244,270,898,0,1,0
245,829,630,1,0,1
246,727,153,1,0,1
247,560,887,0,1,0
248,321,6,0,1,0
249,676,805,0,1,0
250,859,576,0,1,0
251,874,686,1,0,1
252,725,679,0,1,0
253,628,56,1,0,0
254,137,245,1,0,0
255,86,473,0,1,0
256,652,374,1,0,0
257,716,605,0,1,0
258,549,597,1,0,0
259,783,822,1,0,1
260,857,483,0,1,0
261,508,581,1,0,0
262,3,515,0,1,0
263,897,635,0,1,0
264,123,610,0,1,0
265,147,360,0,1,0
266,94,892,1,0,0
267,273,74,0,0,1
268,733,151,0,1,0
269,892,5,1,0,0
270,836,673,1,1,0
271,727,237,1,0,0
272,856,958,1,0,1
273,510,708,1,0,0
274,130,429,1,0,1
275,165,965,0,1,0
276,498,59,0,0,1
277,638,662,1,0,0
278,540,494,1,0,0
279,384,8,1,0,0
280,262,255,0,1,0
281,164,711,1,0,0
282,488,673,1,0,0
283,977,904,1,0,0
284,818,722,0,1,0
285,821,7,1,1,0
286,885,951,1,0,1
287,8,39,0,1,0
288,1,695,0,1,0
289,207,759,1,0,0
290,551,386,0,1,0
291,858,122,1,0,1
292,50,867,1,0,0
293,6,244,1,0,0
294,34,866,1,0,0
295,256,678,0,1,0
296,219,719,1,0,0
297,346,148,0,1,0
298,723,727,0,1,0
299,89,270,1,1,0
300,464,737,1,0,1
301,683,575,1,0,1
302,111,171,0,0,1
303,3,498,0,1,0
304,546,270,0,1,0
305,942,5,1,0,0
306,726,129,0,1,0
307,611,261,1,0,1
308,838,10,1,0,0
309,486,290,1,0,1
310,884,322,0,1,0
311,735,479,0,1,0
312,220,773,0,1,0
313,352,4,1,0,0
314,2,244,1,0,0
315,865,702,0,1,0
316,2,790,0,1,0
317,770,754,0,0,1
318,571,728,1,0,0
319,61,990,1,0,0
320,673,867,1,1,0
321,816,622,1,0,1
322,805,746,0,1,0
323,796,620,1,0,1
324,0,503,0,1,0
325,595,825,0,1,0
326,389,49,1,1,0
327,851,464,1,1,0
328,130,459,0,1,0
329,132,469,0,1,0
330,636,774,1,1,0
331,0,150,0,1,0
332,702,940,0,1,0
333,208,887,0,1,0
334,269,439,0,1,0
335,833,689,0,1,0
336,835,304,0,1,0
337,434,108,0,1,0
338,758,3,0,1,0
339,1,707,1,0,0
340,892,641,0,1,0
341,789,688,0,1,0
342,466,658,1,0,0
343,557,8,0,1,0
344,974,942,1,0,0
345,487,572,1,0,0
346,222,252,1,0,1
347,323,466,0,1,0
348,315,444,0,1,0
349,782,151,1,0,0
350,111,830,1,1,0
351,509,274,1,0,1
352,392,869,1,1,0
353,813,785,0,1,0
354,917,903,0,1,0
355,30,769,1,0,1
356,121,682,0,1,0
357,100,429,0,1,0
358,533,619,1,0,0
359,606,936,0,1,0
360,342,381,0,1,0
361,6,816,1,0,0
362,713,0,0,1,0
363,638,358,1,0,1
364,862,892,0,1,0
365,865,858,0,1,0
366,329,159,0,1,0
367,424,641,1,1,0
368,216,414,0,1,0
369,140,467,1,0,1
370,639,880,0,1,0
371,8,886,1,0,0
372,737,576,1,0,1
373,356,935,0,1,0
374,879,875,0,1,0
375,499,169,0,1,0
376,213,815,1,0,0
377,485,841,0,1,0
378,502,651,1,0,0
379,115,779,1,0,0
380,806,383,0,1,0
381,835,665,1,0,1
382,730,392,0,1,0
383,462,10,1,0,0
384,826,164,1,0,0
385,438,1,1,0,1
386,888,754,0,1,0
387,286,127,1,0,0
388,751,6,0,1,0
389,360,130,1,0,1
390,8,21,0,1,0
391,66,903,1,0,0
392,204,97,0,1,0
393,249,852,0,1,0
394,751,541,0,1,0
395,257,9,1,0,0
396,100,516,1,1,0
397,982,832,1,1,0
398,216,146,0,1,0
399,667,72,1,0,0
400,502,417,1,0,0
401,730,550,0,0,1
402,316,474,0,1,0
403,316,63,0,1,0
404,215,588,0,1,0
405,886,166,1,0,0
406,752,467,0,1,0
407,317,503,0,1,0
408,1,755,1,0,0
409,601,116,1,0,0
410,300,673,1,0,1
411,447,10,1,0,1
412,517,317,1,0,0
413,756,812,0,1,0
414,253,813,0,1,0
415,509,216,1,1,0
416,151,549,0,1,0
417,517,872,0,1,0
418,305,825,0,1,0
419,389,306,0,1,0
420,718,502,1,1,0
421,872,764,0,1,0
422,56,737,1,0,1
423,347,115,1,0,1
424,161,339,0,1,0
425,157,382,0,1,0
426,38,816,0,1,0
427,355,572,1,1,0
428,980,7,1,0,0
429,579,958,0,1,0
430,354,145,0,1,0
431,595,689,0,1,0
432,895,286,1,1,0
433,859,494,1,1,0
434,399,786,1,0,0
435,837,409,0,1,0
436,488,10,1,0,0
437,830,621,0,1,0
438,515,602,1,0,0
439,877,190,1,0,0
440,287,84,0,1,0
441,765,543,1,0,1
442,416,488,1,0,0
443,245,311,1,1,0
444,159,197,1,1,0
445,245,438,0,1,0
446,805,685,0,1,0
447,411,934,0,1,0
448,690,137,1,0,0
449,112,248,1,0,0
450,907,307,0,1,0
451,301,0,0,1,0
452,977,137,1,0,1
453,205,712,1,0,0
454,554,682,1,0,0
455,588,278,0,1,0
456,990,900,1,0,0
457,626,359,0,1,0
458,343,762,0,1,0
459,10,840,1,0,0
460,978,4,1,0,0
461,411,456,1,1,0
462,617,567,1,0,1
463,826,472,1,1,0
464,594,834,0,1,0
465,815,520,0,1,0
466,310,188,1,0,0
467,462,400,1,0,0
468,27,7,1,0,1
469,698,399,0,1,0
470,689,0,0,1,0
471,2,530,0,1,0
472,854,3,1,0,0
473,7,564,1,1,0
474,254,96,0,0,1
475,336,6,1,0,1
476,384,354,0,1,0
477,485,499,1,0,0
478,383,889,1,0,1
479,803,232,1,0,0
480,853,421,1,0,0
481,273,270,1,0,1
482,242,828,1,0,1
483,528,914,0,1,0
484,916,737,0,1,0
485,625,622,0,1,0
486,329,443,0,1,0
487,121,613,0,0,1
488,365,800,1,0,0
489,588,344,1,0,1
490,897,841,1,0,1
491,394,323,0,1,0
492,990,15,1,0,0
493,732,108,1,1,0
494,557,242,0,1,0
495,117,584,0,1,0
496,113,104,1,1,0
497,611,454,0,1,0
498,147,745,1,0,0
499,922,232,1,0,1
500,304,232,1,0,1
501,113,939,1,0,0
502,567,9,0,1,0
503,754,7,0,1,0
504,270,352,1,0,0
505,654,477,1,0,1
506,737,711,1,0,1
507,620,345,0,1,0
508,406,93,0,1,0
509,81,627,0,1,0
510,553,2,1,0,1
511,881,571,0,1,0
512,902,209,1,0,0
513,113,647,1,1,0
514,652,180,0,1,0
515,96,96,0,1,0
516,804,411,1,1,0
517,602,119,0,1,0
518,627,263,0,1,0
519,396,99,0,1,0
520,746,648,0,1,0
521,897,103,0,1,0
522,309,593,1,1,0
523,478,721,1,0,0
524,854,852,0,1,0
525,573,397,1,1,0
526,2,37,0,1,0
527,420,379,1,0,0
528,754,1,0,1,0
529,336,539,1,0,1
530,927,609,1,0,1
531,457,724,1,0,0
532,107,899,0,1,0
533,90,181,0,1,0
534,838,458,0,1,0
535,215,887,0,1,0
536,876,649,0,1,0
537,369,593,1,0,0
538,415,124,0,1,0
539,571,331,1,0,1
540,521,655,1,0,0
541,526,674,1,0,0
542,680,491,0,1,0
543,9,46,1,1,0
544,339,278,1,0,0
545,52,6,1,0,0
546,123,401,0,1,0
547,446,444,1,0,0
548,73,744,1,0,0
549,618,533,0,1,0
550,807,400,0,1,0
551,249,946,1,0,0
552,894,296,1,0,1
553,393,835,1,0,0
554,469,705,1,0,0
555,178,862,0,1,0
556,343,639,0,1,0
557,299,5,0,1,0
558,849,583,1,0,1
559,721,504,0,1,0
560,735,653,1,0,0
561,711,729,0,1,0
562,900,625,0,1,0
563,421,956,0,1,0
564,3,142,1,0,1
565,228,700,1,0,0
566,216,98,0,1,0
567,255,335,1,0,0
568,761,129,0,1,0
569,143,945,1,0,0
570,788,625,1,0,1
571,279,613,1,0,0
572,531,257,0,1,0
573,230,568,1,1,0
574,870,483,1,0,0
575,493,184,0,1,0
576,75,887,1,0,0
577,322,835,1,1,0
578,154,190,0,1,0
579,746,126,0,1,0
580,203,801,1,0,0
581,7,370,1,0,0
582,362,326,1,1,0
583,530,912,0,1,0
584,278,214,1,0,1
585,148,547,1,1,0
586,812,341,0,1,0
587,801,3,0,1,0
588,234,512,1,1,0
589,554,769,1,0,0
590,529,341,0,1,0
591,797,409,1,1,0
592,847,868,0,1,0
593,275,682,0,1,0
594,732,594,0,1,0
595,539,923,1,0,1
596,322,836,0,1,0
597,770,556,0,1,0
598,132,277,1,0,0
599,118,410,0,1,0
600,898,263,0,1,0
601,744,770,0,1,0
602,760,489,0,1,0
603,8,429,0,1,0
604,565,73,0,1,0
605,394,422,0,1,0
606,811,9,1,1,0
607,141,287,0,1,0
608,557,665,1,0,0
609,317,335,1,0,0
610,794,904,0,1,0
611,408,227,1,0,0
612,265,862,0,1,0
613,79,517,0,1,0
614,626,751,1,1,0
615,507,7,0,1,0
616,950,791,1,0,0
617,727,573,0,1,0
618,467,225,0,1,0
619,691,204,0,1,0
620,964,80,0,1,0
621,525,338,1,0,0
622,539,6,0,1,0
623,169,315,1,1,0
624,710,358,1,0,1
625,277,504,1,0,0
626,5,20,0,1,0
627,150,336,0,1,0
628,833,4,1,0,0
629,670,701,0,1,0
630,747,492,0,1,0
631,901,963,1,0,0
632,990,792,1,0,0
633,226,305,0,1,0
634,889,257,0,1,0
635,481,910,0,1,0
636,799,876,0,1,0
637,124,461,0,1,0
638,362,508,1,0,0
639,633,360,1,0,1
640,121,757,1,0,0
641,1,586,0,1,0
642,3,967,0,1,0
643,899,563,0,1,0
644,446,280,0,1,0
645,83,185,0,1,0
646,596,246,0,1,0
647,5,644,0,1,0
648,75,337,0,1,0
649,688,449,0,1,0
650,954,990,1,0,0
651,798,332,0,1,0
652,265,434,1,1,0
653,219,9,1,0,0
654,4,824,1,0,0
655,508,1,0,1,0
656,446,409,1,0,0
657,614,200,0,1,0
658,284,721,0,1,0
659,239,30,1,1,0
660,296,129,1,0,1
661,338,611,1,1,0
662,342,32,1,0,0
663,739,419,0,1,0
664,86,688,1,0,0
665,232,540,0,1,0
666,109,389,0,1,0
667,608,143,0,1,0
668,914,624,0,1,0
669,921,9,1,0,0
670,220,325,0,1,0
671,769,687,1,1,0
672,908,668,0,1,0
673,820,293,1,0,1
674,704,278,0,1,0
675,615,579,1,0,0
676,843,807,1,0,0
677,891,918,1,1,0
678,473,405,1,0,0
679,3,147,0,1,0
680,538,494,1,0,0
681,489,4,1,0,0
682,212,696,1,0,0
683,45,608,0,1,0
684,184,99,0,1,0
685,361,137,1,0,1
686,903,116,0,1,0
687,812,535,1,0,1
688,562,773,0,1,0
689,791,728,1,0,1
690,607,602,1,0,0
691,272,758,0,1,0
692,826,777,0,1,0
693,516,879,0,1,0
694,734,272,1,0,0
695,636,414,0,1,0
696,759,392,1,0,1
697,601,351,0,1,0
698,203,458,1,0,1
699,163,734,1,0,0
700,742,319,1,1,0
701,85,953,1,0,0
702,566,397,1,1,0
703,397,0,1,0,0
704,311,867,0,1,0
705,2,645,0,1,0
706,572,922,1,0,1
707,482,684,1,0,0
708,874,269,0,1,0
709,536,10,0,1,0
710,669,184,0,1,0
711,436,587,1,0,0
712,7,579,1,1,0
713,875,874,0,1,0
714,850,421,1,1,0
715,582,3,0,1,0
716,54,792,1,1,0
717,784,711,1,1,0
718,394,416,1,1,0
719,612,893,0,1,0
720,388,416,0,1,0
721,823,126,1,0,0
722,940,159,1,0,0
723,919,904,0,1,0
724,103,814,0,1,0
725,565,181,0,1,0
726,351,471,0,1,0
727,8,951,1,0,0
728,468,796,1,1,0
729,0,523,0,1,0
730,155,229,1,0,0
731,129,728,1,0,0
732,527,844,1,0,1
733,405,134,1,0,1
734,5,268,1,0,0
735,246,566,0,1,0
736,511,506,1,0,0
737,199,3,1,0,0
738,60,846,1,0,0
739,124,690,0,1,0
740,68,162,0,1,0
741,937,1,1,0,0
742,714,836,0,1,0
743,324,649,0,1,0
744,873,606,0,1,0
745,450,822,1,0,1
746,160,308,1,1,0
747,7,520,1,0,1
748,487,611,1,0,0
749,931,145,1,0,0
750,990,874,1,0,0
751,897,74,1,0,0
752,328,463,1,0,1
753,7,945,1,0,0
754,523,249,0,1,0
755,481,506,1,0,0
756,884,524,0,1,0
757,892,797,0,1,0
758,474,809,0,1,0
759,5,160,1,0,1
760,627,209,0,1,0
761,527,967,0,1,0
762,653,559,0,1,0
763,865,502,1,1,0
764,334,9,0,1,0
765,397,754,1,1,0
766,728,437,0,1,0
767,215,675,1,0,0
768,946,2,1,0,0
769,351,10,1,0,0
770,362,131,1,0,1
771,325,532,0,1,0
772,854,708,0,1,0
773,871,611,0,1,0
774,855,518,0,1,0
775,579,704,0,1,0
776,849,312,1,1,0
777,197,85,0,1,0
778,939,653,1,1,0
779,118,3,1,0,0
780,238,811,0,1,0
781,670,530,0,1,0
782,372,110,0,1,0
783,202,281,1,1,0
784,282,979,1,0,1
785,771,64,1,0,1
786,898,98,1,1,0
787,630,869,0,1,0
788,10,911,1,0,0
789,75,927,1,0,0
790,543,103,0,1,0
791,210,638,0,1,0
792,4,983,1,0,0
793,27,683,0,1,0
794,247,602,0,1,0
795,926,704,1,0,1
796,435,690,1,0,0
797,922,309,0,1,0
798,887,532,0,1,0
799,854,435,1,0,0
800,483,503,1,0,0
801,237,194,1,0,0
802,381,322,0,1,0
803,268,151,0,1,0
804,501,8,0,1,0
805,758,257,1,0,0
806,916,409,0,1,0
807,407,130,1,0,1
808,818,583,0,1,0
809,986,241,0,1,0
810,831,668,0,1,0
811,677,445,0,1,0
812,870,635,0,1,0
813,232,611,1,1,0
814,823,10,1,1,0
815,522,382,1,0,0
816,535,156,0,1,0
817,373,828,1,0,0
818,691,559,1,0,1
819,845,907,0,1,0
820,159,696,0,1,0
821,533,115,0,1,0
822,290,659,0,1,0
823,977,837,0,1,0
824,66,696,1,0,0
825,565,772,1,1,0
826,399,9,1,0,0
827,617,892,0,1,0
828,602,960,0,1,0
829,734,485,0,1,0
830,553,673,1,0,0
831,556,593,1,0,0
832,219,428,0,1,0
833,161,8,0,1,0
834,10,194,1,0,0
835,781,481,0,1,0
836,456,293,1,0,1
837,906,776,1,0,0
838,60,386,1,0,1
839,946,962,1,0,0
840,227,541,0,1,0
841,393,704,1,0,0
842,271,968,0,1,0
843,539,581,1,0,0
844,127,354,1,0,1
845,697,191,0,1,0
846,430,262,0,1,0
847,205,689,1,0,0
848,871,818,0,1,0
849,949,830,0,1,0
850,593,7,0,1,0
851,396,603,1,0,0
852,279,850,1,0,1
853,150,694,0,1,0
854,489,192,0,1,0
855,239,426,0,1,0
856,414,884,0,1,0
857,308,748,1,0,0
858,410,416,1,0,0
859,951,110,0,1,0
860,418,902,0,1,0
861,797,916,0,1,0
862,3,280,1,0,0
863,774,42,1,0,0
864,159,331,0,1,0
865,253,532,1,0,1
866,53,230,1,0,0
867,70,190,0,1,0
868,712,703,0,1,0
869,618,402,0,1,0
870,657,866,1,1,0
871,329,730,0,1,0
872,110,242,1,0,0
873,930,472,0,1,0
874,706,368,0,1,0
875,903,906,0,1,0
876,933,732,0,1,0
877,242,300,1,1,0
878,961,530,0,1,0
879,601,753,1,0,0
880,358,917,0,1,0
881,489,494,1,0,0
882,5,31,1,0,1
883,861,315,0,1,0
884,5,672,0,1,0
885,542,856,0,1,0
886,480,166,0,1,0
887,358,713,0,1,0
888,562,206,0,1,0
889,152,50,1,0,1
890,583,691,0,1,0
891,469,316,0,1,0
892,952,692,1,0,1
893,32,865,1,0,0
894,503,960,1,0,0
895,93,7,1,0,0
896,860,275,1,0,0
897,767,240,1,0,0
898,328,241,0,1,0
899,117,935,1,0,0
900,506,372,1,0,0
901,587,4,0,1,0
902,282,718,1,0,1
903,655,676,1,0,0
904,928,695,0,1,0
905,657,520,0,1,0
906,9,112,1,0,0
907,227,775,1,1,0
908,179,613,0,1,0
909,85,942,1,0,0
910,990,389,1,0,1
911,214,245,0,1,0
912,581,692,0,1,0
913,611,698,0,1,0
914,567,195,0,1,0
915,592,402,0,1,0
916,788,968,0,1,0
917,376,865,1,0,1
918,1,403,1,0,0
919,521,367,1,0,0
920,589,632,1,0,0
921,337,845,1,0,1
922,600,811,0,1,0
923,654,424,1,0,1
924,603,172,1,0,0
925,423,858,0,1,0
926,977,630,0,1,0
927,217,10,1,0,0
928,676,518,0,1,0
929,869,492,1,0,1
930,418,10,1,0,0
931,930,657,0,1,0
932,168,84,0,1,0
933,500,567,1,0,0
934,923,948,0,1,0
935,168,80,1,0,1
936,778,9,0,1,0
937,674,320,1,0,0
938,466,483,1,0,0
939,412,506,1,0,0
940,389,890,0,1,0
941,95,341,0,1,0
942,723,212,1,0,1
943,691,191,0,1,0
944,886,21,1,0,0
945,196,403,1,1,0
946,538,877,0,1,0
947,626,871,0,1,0
948,5,908,1,0,0
949,932,493,0,1,0
950,403,629,1,1,0
951,244,559,0,1,0
952,428,0,0,1,0
953,498,663,1,0,0
954,591,534,0,1,0
955,180,1,1,1,0
956,326,203,0,1,0
957,396,237,1,0,0
958,435,240,0,1,0
959,774,659,0,1,0
960,608,926,0,1,0
961,244,641,0,1,0
962,731,990,1,0,1
963,255,369,0,1,0
964,61,3,1,0,0
965,358,150,0,1,0
966,522,214,1,0,1
967,7,793,0,1,0
968,257,271,0,0,1
969,127,29,0,1,0
970,7,673,0,1,0
971,452,564,1,0,0
972,504,196,0,1,0
973,741,814,0,1,0
974,8,719,1,0,0
975,391,437,1,1,0
976,827,694,1,0,1
977,318,645,0,1,0
978,540,163,0,1,0
979,278,803,0,1,0
980,745,391,0,1,0
981,615,905,0,1,0
982,468,259,0,1,0
983,423,490,1,0,0
984,234,436,0,1,0
985,422,292,0,1,0
986,586,952,0,1,0
987,721,7,1,1,0
988,493,295,0,1,0
989,114,663,0,1,0
990,46,566,1,0,1
991,637,154,0,1,0
992,236,78,0,1,0
993,5,24,0,1,0
994,169,173,0,1,0
995,695,897,0,1,0
996,592,636,1,0,0
997,114,137,1,0,1
998,703,611,0,1,0
999,714,562,0,1,0
