Index,x,y,alive,infected,immune
0,782,290,0,1,0
1,19,654,1,0,1
2,959,214,0,0,1
3,541,833,1,0,1
4,870,764,0,1,0
5,441,108,0,1,0
6,444,59,0,1,0
7,2,559,0,1,0
8,291,815,1,0,1
9,869,582,0,1,0
10,427,124,0,1,0
11,637,156,0,1,0
12,545,953,0,1,0
13,88,321,0,1,0
14,858,306,0,1,0
15,83,784,0,1,0
16,500,300,1,0,1
17,776,634,0,1,0
18,972,202,0,1,0
19,603,842,0,1,0
20,959,599,0,1,0
21,318,361,0,1,0
22,429,811,0,1,0
23,252,66,1,0,1
24,222,414,0,1,0
25,6,153,0,1,0
26,795,6,0,1,0
27,707,459,0,1,0
28,112,138,0,1,0
29,495,871,0,1,0
30,706,729,0,1,0
31,561,2,0,1,0
32,788,895,1,0,1
33,967,341,1,0,1
34,249,850,0,1,0
35,281,4,0,1,0
36,629,5,1,0,1
37,911,683,0,1,0
38,8,585,0,1,0
39,439,719,0,1,0
40,173,35,0,1,0
41,666,510,1,0,1
42,485,152,1,0,1
43,103,407,0,1,0
44,457,264,0,1,0
45,204,133,0,1,0
46,540,882,1,0,1
47,769,613,0,1,0
48,713,327,0,1,0
49,420,140,0,1,0
50,526,905,0,1,0
51,890,678,0,1,0
52,95,405,0,1,0
53,140,369,0,1,0
54,280,834,0,1,0
55,570,316,0,0,1
56,698,174,0,1,0
57,522,262,0,1,0
58,169,383,0,1,0
59,990,407,0,1,0
60,231,589,0,1,0
61,594,1,0,1,0
62,368,951,0,1,0
63,182,442,0,1,0
64,1,962,0,1,0
65,9,349,1,0,1
66,39,792,0,1,0
67,809,815,0,1,0
68,616,734,0,1,0
69,707,932,0,1,0
70,566,811,0,1,0
71,735,33,0,1,0
72,553,804,0,1,0
73,609,743,0,1,0
74,335,2,0,1,0
75,990,163,1,0,1
76,143,370,0,1,0
77,425,239,1,0,1
78,349,752,1,0,1
79,919,93,0,1,0
80,91,522,0,1,0
81,801,834,0,1,0
82,173,163,0,1,0
83,247,907,0,1,0
84,383,560,0,1,0
85,218,334,0,1,0
86,361,689,1,0,1
87,849,633,0,1,0
88,570,167,0,1,0
89,637,933,0,1,0
90,280,211,0,1,0
91,203,489,0,1,0
92,279,479,0,1,0
93,523,900,0,1,0
94,672,444,0,1,0
95,227,940,0,1,0
96,759,932,0,1,0
97,569,524,0,1,0
98,123,73,0,1,0
99,658,168,0,1,0
100,229,275,0,1,0
101,784,419,1,1,0
102,700,866,1,0,1
103,3,33,0,0,1
104,670,457,1,0,1
105,583,603,1,0,0
106,881,251,1,0,0
107,613,199,0,1,0
108,886,411,0,1,0
109,819,608,0,0,1
110,344,852,1,1,0
111,0,776,0,1,0
112,756,461,0,1,0
113,869,355,0,1,0
114,561,359,0,1,0
115,919,531,0,1,0
116,109,970,1,0,0
117,710,841,0,1,0
118,413,4,1,0,0
119,176,736,1,0,0
120,681,511,1,0,1
121,874,505,0,1,0
122,4,481,1,0,0
123,683,94,1,0,0
124,315,366,1,1,0
125,823,641,1,0,1
126,808,2,0,1,0
127,634,783,1,1,0
128,201,767,1,1,0
129,531,0,0,1,0
130,431,824,0,1,0
131,8,180,1,0,0
132,929,255,0,1,0
133,11,274,0,1,0
134,657,593,0,1,0
135,348,430,0,1,0
136,223,246,0,1,0
137,576,604,1,0,0
138,629,704,1,0,1
139,602,179,1,0,1
140,4,421,0,1,0
141,614,664,1,1,0
142,513,407,1,0,0
143,797,121,0,1,0
144,412,655,1,0,0
145,178,86,0,1,0
146,546,548,1,0,0
147,425,671,1,0,0
148,733,326,0,1,0
149,279,165,0,1,0
150,95,186,1,0,1
151,661,420,0,1,0
152,379,423,1,1,0
153,318,340,0,1,0
154,9,901,1,0,0
155,77,154,0,1,0
156,586,579,1,0,0
157,183,270,0,1,0
158,395,697,1,0,0
159,846,606,0,1,0
160,803,734,0,1,0
161,149,574,0,1,0
162,741,799,1,1,0
163,615,182,0,1,0
164,48,548,0,1,0
165,534,841,0,1,0
166,869,297,0,1,0
167,257,228,0,1,0
168,238,8,1,0,0
169,849,955,1,0,0
170,527,693,1,0,0
171,926,526,0,1,0
172,122,240,1,0,0
173,6,926,1,0,0
174,81,898,1,0,0
175,36,79,1,0,0
176,594,394,0,1,0
177,404,422,0,1,0
178,415,648,0,1,0
179,709,2,0,1,0
180,513,83,0,1,0
181,971,572,0,1,0
182,416,928,0,1,0
183,754,244,1,0,0
184,279,320,1,0,0
185,550,38,1,0,0
186,854,344,1,0,1
187,690,464,0,1,0
188,423,973,1,1,0
189,841,80,1,0,0
190,939,546,0,1,0
191,945,955,1,0,0
192,951,232,0,1,0
193,453,243,0,1,0
194,3,537,0,1,0
195,519,315,0,1,0
196,1,676,1,0,1
197,972,953,1,0,0
198,807,925,0,1,0
199,837,569,0,1,0
200,531,591,1,0,0
201,193,805,1,0,0
202,262,860,0,1,0
203,947,3,1,0,0
204,30,758,1,0,0
205,682,941,0,1,0
206,217,319,1,1,0
207,801,324,0,1,0
208,262,577,0,1,0
209,785,77,1,0,1
210,233,990,1,0,0
211,759,757,1,1,0
212,101,615,0,1,0
213,580,803,0,1,0
214,990,506,1,0,0
215,547,752,1,0,0
216,315,76,0,1,0
217,388,258,0,1,0
218,616,436,0,1,0
219,309,10,1,1,0
220,4,785,0,0,1
221,778,163,0,1,0
222,5,550,0,1,0
223,387,145,0,1,0
224,274,448,0,1,0
225,633,667,0,1,0
226,377,550,1,0,0
227,529,692,1,0,0
228,943,718,0,1,0
229,447,333,1,0,0
230,271,153,0,1,0
231,974,155,1,0,0
232,820,149,1,0,0
233,239,750,1,1,0
234,401,621,0,1,0
235,630,493,0,1,0
236,332,862,0,1,0
237,308,0,0,1,0
238,500,372,1,0,0
239,244,890,0,1,0
240,259,90,0,0,1
241,284,857,0,1,0
242,308,271,0,1,0
243,193,329,1,0,1
244,284,888,0,1,0
245,835,627,1,0,1
246,733,147,1,0,1
247,561,880,0,1,0
248,321,4,0,1,0
249,672,814,0,1,0
250,868,565,0,1,0
251,864,667,1,0,1
252,736,663,0,1,0
253,622,58,1,0,0
254,151,256,1,0,0
255,86,461,0,1,0
256,644,374,1,0,0
257,709,609,0,1,0
258,542,609,1,0,0
259,779,829,1,0,1
260,866,488,0,1,0
261,518,574,1,0,0
262,5,515,0,1,0
263,888,622,0,1,0
264,123,623,0,1,0
265,163,367,0,1,0
266,107,900,1,0,0
267,270,78,0,0,1
268,735,154,0,1,0
269,892,8,1,0,0
270,839,666,1,0,1
271,739,237,1,0,0
272,850,964,1,0,1
273,503,695,1,0,0
274,131,435,1,0,1
275,152,954,0,1,0
276,493,71,0,0,1
277,635,657,1,0,0
278,545,494,1,0,0
279,384,3,1,0,0
280,259,265,0,1,0
281,165,716,1,1,0
282,478,656,1,0,0
283,989,907,1,0,0
284,803,720,0,1,0
285,821,6,1,1,0
286,880,958,1,0,1
287,2,39,0,1,0
288,0,695,0,1,0
289,191,773,1,1,0
290,547,379,0,1,0
291,849,118,1,0,1
292,57,875,1,0,0
293,5,244,1,0,0
294,42,861,1,0,0
295,249,692,0,1,0
296,230,719,1,0,0
297,345,149,0,1,0
298,734,737,0,1,0
299,108,296,1,1,0
300,454,727,1,0,1
301,681,577,1,0,1
302,92,170,0,0,1
303,4,498,0,1,0
304,544,284,0,1,0
305,942,0,1,0,0
306,739,127,0,1,0
307,614,267,1,0,1
308,838,10,1,0,0
309,482,275,1,0,1
310,880,337,0,1,0
311,744,480,0,1,0
312,220,786,0,1,0
313,352,1,1,0,0
314,7,244,1,0,0
315,867,699,0,1,0
316,7,790,0,1,0
317,762,762,0,0,1
318,569,743,1,0,0
319,61,990,1,0,0
320,666,854,1,1,0
321,825,621,1,0,1
322,803,765,0,1,0
323,796,627,1,0,1
324,5,503,0,1,0
325,583,839,0,1,0
326,366,50,0,1,0
327,833,485,1,1,0
328,130,465,0,1,0
329,129,471,0,1,0
330,626,790,1,1,0
331,5,150,0,1,0
332,698,945,0,1,0
333,215,887,0,1,0
334,266,430,0,1,0
335,835,689,0,1,0
336,831,305,0,1,0
337,416,105,0,1,0
338,758,5,0,1,0
339,6,707,1,0,0
340,893,652,0,1,0
341,796,685,0,1,0
342,468,655,1,0,0
343,557,7,0,1,0
344,965,941,1,0,0
345,485,575,1,0,0
346,218,260,1,0,1
347,335,471,0,1,0
348,319,455,0,1,0
349,769,156,1,0,0
350,97,846,1,1,0
351,520,266,1,0,1
352,389,869,0,1,0
353,820,796,0,1,0
354,931,920,0,1,0
355,17,765,1,0,1
356,108,677,0,1,0
357,106,424,0,1,0
358,549,609,1,0,0
359,604,951,0,1,0
360,348,388,0,1,0
361,0,816,1,0,0
362,713,5,0,1,0
363,625,350,1,0,1
364,868,886,0,1,0
365,868,856,0,1,0
366,323,144,0,1,0
367,398,645,0,1,0
368,204,408,0,1,0
369,142,466,1,0,1
370,641,865,0,1,0
371,8,886,1,0,0
372,734,585,1,0,1
373,363,927,0,1,0
374,865,880,0,1,0
375,510,164,0,1,0
376,223,816,1,0,0
377,481,842,0,1,0
378,501,652,1,0,0
379,120,777,1,0,0
380,811,376,0,1,0
381,840,671,1,0,1
382,727,404,0,1,0
383,462,10,1,0,0
384,833,153,1,0,0
385,438,4,1,0,1
386,876,765,0,1,0
387,291,126,1,0,0
388,751,7,0,1,0
389,354,137,1,0,1
390,2,21,0,1,0
391,63,910,1,0,0
392,200,83,0,1,0
393,248,847,0,1,0
394,759,547,0,1,0
395,257,5,1,0,0
396,98,508,1,1,0
397,6,827,1,1,0
398,223,136,0,1,0
399,670,65,1,0,0
400,503,428,1,0,0
401,735,544,0,0,1
402,323,477,0,1,0
403,312,73,0,1,0
404,223,596,0,1,0
405,885,182,1,0,0
406,772,462,0,1,0
407,309,511,0,1,0
408,0,755,1,0,0
409,601,102,1,1,0
410,294,667,1,0,1
411,447,10,1,0,1
412,519,324,1,1,0
413,741,806,0,1,0
414,257,814,0,1,0
415,514,215,1,1,0
416,148,544,0,1,0
417,524,884,0,1,0
418,306,821,0,1,0
419,405,293,0,1,0
420,720,517,0,1,0
421,871,756,0,1,0
422,62,745,1,0,1
423,337,109,1,0,1
424,167,331,0,1,0
425,148,400,0,1,0
426,45,814,0,1,0
427,355,580,1,1,0
428,980,8,1,0,0
429,571,962,0,1,0
430,342,156,0,1,0
431,593,700,0,1,0
432,879,274,1,1,0
433,846,499,1,1,0
434,395,800,1,0,0
435,835,404,0,1,0
436,488,10,1,0,0
437,814,629,0,1,0
438,516,595,1,0,0
439,875,193,1,0,0
440,300,96,0,1,0
441,756,558,1,0,1
442,417,490,1,0,0
443,248,287,0,1,0
444,139,200,1,1,0
445,244,437,0,1,0
446,801,686,0,1,0
447,411,920,0,1,0
448,686,133,1,0,0
449,114,255,1,0,0
450,898,292,0,1,0
451,301,6,0,1,0
452,979,129,1,0,1
453,202,700,1,0,0
454,550,688,1,0,0
455,585,276,0,1,0
456,990,900,1,0,0
457,642,356,0,1,0
458,345,771,0,1,0
459,10,840,1,0,0
460,978,8,1,0,0
461,421,460,1,1,0
462,609,567,1,0,1
463,815,475,1,1,0
464,579,831,0,1,0
465,817,513,0,1,0
466,308,190,1,0,0
467,456,404,1,0,0
468,27,2,1,0,1
469,699,402,0,1,0
470,689,9,0,1,0
471,4,530,0,1,0
472,854,6,1,0,0
473,1,564,1,1,0
474,255,93,0,0,1
475,336,7,1,0,1
476,374,352,0,1,0
477,467,489,1,0,0
478,391,894,1,0,1
479,792,225,1,0,0
480,849,428,1,1,0
481,273,259,1,0,1
482,238,815,1,0,1
483,533,914,0,1,0
484,927,750,0,1,0
485,627,624,0,1,0
486,330,449,0,1,0
487,135,615,0,0,1
488,366,811,1,0,0
489,592,346,1,0,1
490,902,837,1,0,1
491,389,328,0,1,0
492,990,15,1,0,0
493,760,114,1,1,0
494,558,255,0,1,0
495,127,573,0,1,0
496,128,122,1,1,0
497,613,453,0,1,0
498,129,742,1,0,0
499,925,237,1,0,1
500,301,221,1,0,1
501,106,934,1,0,0
502,567,5,0,1,0
503,754,2,0,1,0
504,256,354,1,0,0
505,646,477,1,0,1
506,733,707,1,0,1
507,618,346,0,1,0
508,398,102,0,1,0
509,86,630,0,1,0
510,553,3,1,0,1
511,877,574,0,1,0
512,889,215,1,0,0
513,109,654,1,1,0
514,658,191,0,1,0
515,92,99,0,1,0
516,820,408,1,1,0
517,616,132,0,1,0
518,640,264,0,1,0
519,386,92,0,1,0
520,746,654,0,1,0
521,884,98,0,1,0
522,324,589,1,0,1
523,472,716,1,0,0
524,839,870,0,1,0
525,583,413,1,1,0
526,2,37,0,1,0
527,433,386,1,0,0
528,754,9,0,1,0
529,329,539,1,0,1
530,927,596,1,0,1
531,470,712,1,0,0
532,126,901,0,1,0
533,83,189,0,1,0
534,846,451,0,1,0
535,204,882,0,1,0
536,893,648,0,1,0
537,381,592,1,0,0
538,417,120,0,1,0
539,566,331,1,0,1
540,512,665,1,0,0
541,518,661,1,0,0
542,665,493,0,1,0
543,7,46,1,1,0
544,346,268,1,0,0
545,52,9,1,0,0
546,132,402,0,1,0
547,452,435,1,0,0
548,78,741,1,0,0
549,624,539,0,1,0
550,806,390,0,1,0
551,247,952,1,0,0
552,904,306,1,0,1
553,406,837,1,0,0
554,482,720,1,0,0
555,174,876,0,1,0
556,343,626,0,1,0
557,299,0,0,1,0
558,846,594,1,0,1
559,737,504,0,1,0
560,734,661,1,1,0
561,726,747,0,1,0
562,884,638,0,1,0
563,437,975,0,1,0
564,7,142,1,0,1
565,229,712,1,0,0
566,216,96,0,1,0
567,262,335,1,0,0
568,759,118,0,1,0
569,144,949,1,0,0
570,796,637,1,0,1
571,298,619,1,0,0
572,530,263,0,1,0
573,217,565,1,1,0
574,898,485,0,1,0
575,491,183,0,1,0
576,68,890,1,0,0
577,317,831,1,1,0
578,146,196,0,1,0
579,746,129,0,1,0
580,194,817,1,0,0
581,7,370,1,0,0
582,374,311,1,1,0
583,521,906,0,1,0
584,288,217,1,0,1
585,151,548,1,1,0
586,796,352,0,1,0
587,801,7,0,1,0
588,221,519,1,1,0
589,540,773,1,1,0
590,517,339,0,1,0
591,802,392,1,1,0
592,850,850,0,1,0
593,277,681,0,1,0
594,727,585,0,1,0
595,530,924,1,0,1
596,315,837,0,1,0
597,773,564,0,1,0
598,150,289,1,1,0
599,119,412,0,1,0
600,894,269,0,1,0
601,737,781,0,1,0
602,765,490,0,1,0
603,7,429,0,1,0
604,559,66,0,1,0
605,398,424,0,1,0
606,811,4,1,1,0
607,128,298,0,1,0
608,555,668,1,0,0
609,316,334,1,0,0
610,804,905,0,1,0
611,418,226,1,0,0
612,269,849,0,1,0
613,92,519,0,1,0
614,638,750,1,1,0
615,507,9,0,1,0
616,936,776,1,0,0
617,728,581,0,1,0
618,474,221,0,1,0
619,682,200,0,1,0
620,973,75,0,1,0
621,529,341,0,1,0
622,539,6,0,1,0
623,159,320,0,1,0
624,699,368,1,0,1
625,278,511,1,0,0
626,3,20,0,1,0
627,151,319,0,1,0
628,833,4,1,0,0
629,678,706,0,1,0
630,747,489,0,1,0
631,910,968,1,0,0
632,990,792,1,0,0
633,228,300,0,1,0
634,881,263,0,1,0
635,487,897,0,1,0
636,792,883,0,1,0
637,140,470,0,1,0
638,347,504,1,0,0
639,649,368,1,0,1
640,131,746,1,0,0
641,9,586,0,1,0
642,8,967,0,1,0
643,906,552,0,1,0
644,444,281,0,1,0
645,81,172,0,1,0
646,596,239,0,1,0
647,8,644,0,1,0
648,65,327,0,1,0
649,704,439,0,1,0
650,954,990,1,0,0
651,789,325,0,1,0
652,256,432,0,1,0
653,219,1,1,0,0
654,0,824,1,1,0
655,508,6,0,1,0
656,430,398,1,0,0
657,611,217,0,1,0
658,273,708,0,1,0
659,233,15,1,1,0
660,294,126,1,0,1
661,343,627,1,0,1
662,341,38,1,0,0
663,741,418,0,1,0
664,87,675,1,0,0
665,222,539,0,1,0
666,93,393,0,1,0
667,603,135,0,1,0
668,933,621,0,1,0
669,921,7,1,0,0
670,232,320,0,1,0
671,777,710,1,1,0
672,894,670,0,1,0
673,820,292,1,0,1
674,701,268,0,1,0
675,613,566,1,0,0
676,843,823,1,0,0
677,877,920,0,1,0
678,469,413,1,0,0
679,6,147,0,1,0
680,543,484,1,0,0
681,489,7,1,0,0
682,212,697,1,0,0
683,54,602,0,1,0
684,182,85,0,1,0
685,355,153,1,0,1
686,894,121,0,1,0
687,812,553,1,0,1
688,547,782,0,1,0
689,798,738,1,0,1
690,601,590,1,0,0
691,273,748,0,1,0
692,830,760,0,1,0
693,527,897,0,1,0
694,741,258,1,0,0
695,651,401,0,1,0
696,760,377,1,0,1
697,588,353,0,1,0
698,211,452,1,0,1
699,168,720,1,0,0
700,746,283,1,1,0
701,81,946,1,0,0
702,562,404,1,1,0
703,397,8,1,0,0
704,306,854,0,1,0
705,8,645,0,1,0
706,558,930,1,0,1
707,489,677,1,0,0
708,871,273,0,1,0
709,536,10,0,1,0
710,668,182,0,1,0
711,439,585,1,0,0
712,1,579,1,1,0
713,880,860,0,1,0
714,863,422,1,1,0
715,582,2,0,1,0
716,56,785,1,1,0
717,775,710,1,1,0
718,370,404,1,1,0
719,612,885,0,1,0
720,386,410,0,1,0
721,817,120,1,0,0
722,954,149,1,0,0
723,920,912,0,1,0
724,101,830,0,1,0
725,553,191,0,1,0
726,369,473,0,1,0
727,4,951,1,0,0
728,466,808,1,1,0
729,7,523,0,1,0
730,167,241,1,0,0
731,141,720,1,0,0
732,526,838,1,0,1
733,410,134,1,0,1
734,4,268,1,1,0
735,252,560,0,1,0
736,510,507,1,0,0
737,199,5,1,0,0
738,67,836,1,0,0
739,135,693,0,1,0
740,75,153,0,1,0
741,937,8,1,0,0
742,715,843,0,1,0
743,335,633,0,1,0
744,867,602,0,1,0
745,461,835,1,0,1
746,182,310,1,1,0
747,4,520,1,0,1
748,491,625,1,0,0
749,917,147,1,0,0
750,990,874,1,0,0
751,894,84,1,0,0
752,317,461,1,0,1
753,6,945,1,0,0
754,508,256,0,1,0
755,483,506,1,0,0
756,870,532,0,1,0
757,888,804,0,1,0
758,484,805,0,1,0
759,3,160,1,0,1
760,622,210,0,1,0
761,509,952,0,1,0
762,645,548,0,1,0
763,876,528,1,1,0
764,334,3,0,1,0
765,407,744,1,1,0
766,718,455,0,1,0
767,217,691,1,0,0
768,946,1,1,0,0
769,351,10,1,0,0
770,354,118,1,0,1
771,330,532,0,1,0
772,852,703,0,1,0
773,862,620,0,1,0
774,853,517,0,1,0
775,567,715,0,1,0
776,866,301,1,1,0
777,191,82,0,1,0
778,938,655,0,1,0
779,118,5,1,0,0
780,231,822,0,1,0
781,661,531,0,1,0
782,382,106,0,1,0
783,210,262,1,1,0
784,264,971,1,0,1
785,769,62,1,0,1
786,888,99,1,1,0
787,633,863,0,1,0
788,10,911,1,0,0
789,76,925,1,0,0
790,544,97,0,1,0
791,213,644,0,1,0
792,2,983,1,0,0
793,18,681,0,1,0
794,234,587,0,1,0
795,917,689,1,0,1
796,417,702,1,0,0
797,920,304,0,1,0
798,898,532,0,1,0
799,857,454,1,1,0
800,502,494,1,0,0
801,237,194,1,0,0
802,388,325,0,1,0
803,271,158,0,1,0
804,501,1,0,1,0
805,754,241,1,0,0
806,915,409,0,1,0
807,410,130,1,0,1
808,832,588,0,1,0
809,984,236,0,1,0
810,826,675,0,1,0
811,667,436,0,1,0
812,874,627,0,1,0
813,201,610,1,1,0
814,823,10,0,1,0
815,538,385,1,0,0
816,535,169,0,1,0
817,379,825,1,0,0
818,687,551,1,0,1
819,827,915,0,1,0
820,170,707,0,1,0
821,543,115,0,1,0
822,287,657,0,1,0
823,980,833,0,1,0
824,64,708,1,0,0
825,561,769,1,1,0
826,399,6,1,0,0
827,633,884,0,1,0
828,614,960,0,1,0
829,725,480,0,1,0
830,546,680,1,0,0
831,564,600,1,0,0
832,230,435,0,1,0
833,161,1,0,1,0
834,10,194,1,0,0
835,778,485,0,1,0
836,446,297,1,0,1
837,895,776,1,0,0
838,63,388,1,0,1
839,964,964,1,0,0
840,232,538,0,1,0
841,391,709,1,0,0
842,289,970,0,1,0
843,556,588,1,0,0
844,129,363,1,0,1
845,693,198,0,1,0
846,434,256,0,1,0
847,207,690,1,0,0
848,869,825,0,1,0
849,963,829,0,1,0
850,593,5,0,1,0
851,403,611,1,0,0
852,278,852,1,0,1
853,156,698,0,1,0
854,477,174,0,1,0
855,225,432,0,1,0
856,420,881,0,1,0
857,308,752,1,0,0
858,411,401,1,1,0
859,970,116,0,1,0
860,417,901,0,1,0
861,800,921,0,1,0
862,1,280,1,1,0
863,783,49,1,0,0
864,156,324,0,1,0
865,268,531,1,0,1
866,49,227,1,0,0
867,84,186,0,1,0
868,708,695,0,1,0
869,634,416,0,1,0
870,668,845,1,1,0
871,326,720,0,1,0
872,111,235,1,0,0
873,933,472,0,1,0
874,713,378,0,1,0
875,915,923,0,1,0
876,932,730,0,1,0
877,218,301,1,1,0
878,976,543,0,1,0
879,613,752,1,0,0
880,374,931,0,1,0
881,489,489,1,0,0
882,2,31,1,0,1
883,859,315,0,1,0
884,0,672,0,1,0
885,538,863,0,1,0
886,472,169,0,1,0
887,346,726,0,1,0
888,564,209,0,1,0
889,156,38,1,0,1
890,579,701,0,1,0
891,475,314,0,1,0
892,948,691,1,0,1
893,17,850,1,0,0
894,520,969,1,0,0
895,93,7,1,0,0
896,859,278,1,1,0
897,773,239,1,0,0
898,316,249,0,1,0
899,118,942,1,0,0
900,506,367,1,0,0
901,587,5,0,1,0
902,276,730,1,0,1
903,646,667,1,0,0
904,933,693,0,1,0
905,656,514,0,1,0
906,2,112,1,0,0
907,230,771,1,1,0
908,185,603,0,1,0
909,85,934,1,0,0
910,990,389,1,0,1
911,217,247,0,1,0
912,577,691,0,1,0
913,597,699,0,1,0
914,558,198,0,1,0
915,592,390,0,1,0
916,802,954,0,1,0
917,391,885,1,0,1
918,0,403,1,0,0
919,526,375,1,0,0
920,578,633,1,0,0
921,323,838,1,0,1
922,611,818,0,1,0
923,662,417,1,0,1
924,597,174,1,0,0
925,431,865,0,1,0
926,970,640,0,1,0
927,217,10,1,0,0
928,679,516,0,1,0
929,857,483,1,0,1
930,418,10,1,0,0
931,929,649,0,1,0
932,170,90,0,1,0
933,502,572,1,0,0
934,939,954,0,1,0
935,184,79,1,0,1
936,778,6,0,1,0
937,682,328,1,0,0
938,456,481,1,0,0
939,400,511,1,0,0
940,391,893,0,1,0
941,78,325,0,1,0
942,736,202,1,0,1
943,688,195,0,1,0
944,901,35,1,0,0
945,191,413,1,0,1
946,533,872,0,1,0
947,619,871,0,1,0
948,7,908,1,0,0
949,944,492,0,1,0
950,409,616,1,1,0
951,237,558,0,1,0
952,428,9,0,1,0
953,499,659,1,0,0
954,603,532,0,1,0
955,180,7,1,1,0
956,327,196,0,1,0
957,400,239,1,0,0
958,435,235,0,1,0
959,781,656,0,1,0
960,622,936,0,1,0
961,245,649,0,1,0
962,731,990,1,0,1
963,254,352,0,1,0
964,61,3,1,0,0
965,359,143,0,1,0
966,521,220,1,0,1
967,2,793,0,1,0
968,253,271,0,0,1
969,116,28,0,1,0
970,4,673,0,1,0
971,460,572,1,0,0
972,504,177,0,1,0
973,734,809,0,1,0
974,1,719,1,0,0
975,375,430,0,1,0
976,827,683,1,0,1
977,303,649,0,1,0
978,540,155,0,1,0
979,268,815,0,1,0
980,734,393,0,1,0
981,613,895,0,1,0
982,473,252,0,1,0
983,423,493,1,0,0
984,237,422,0,1,0
985,438,309,0,1,0
986,585,965,0,1,0
987,721,8,1,0,1
988,491,291,0,1,0
989,112,674,0,1,0
990,46,558,1,0,1
991,648,160,0,1,0
992,219,94,0,1,0
993,2,24,0,1,0
994,175,187,0,1,0
995,682,902,0,1,0
996,600,645,1,0,0
997,102,132,1,0,1
998,717,611,0,1,0
999,721,568,0,1,0
