Index,x,y,alive,infected,immune
0,800,318,0,1,0
1,35,622,1,0,1
2,954,237,0,0,1
3,544,841,1,0,1
4,875,722,0,1,0
5,452,130,0,1,0
6,462,59,0,1,0
7,6,559,0,1,0
8,298,782,1,0,1
9,870,602,0,1,0
10,429,123,0,1,0
11,663,181,0,1,0
12,542,972,0,1,0
13,68,305,0,1,0
14,836,282,0,1,0
15,77,802,0,1,0
16,522,305,1,0,1
17,780,598,0,1,0
18,978,199,0,1,0
19,603,845,0,1,0
20,956,598,0,1,0
21,337,381,0,1,0
22,457,801,0,1,0
23,252,64,1,0,1
24,222,400,0,1,0
25,9,153,0,1,0
26,795,7,0,1,0
27,676,463,0,1,0
28,129,145,0,1,0
29,506,905,0,1,0
30,697,721,0,1,0
31,561,8,0,1,0
32,754,866,1,0,1
33,962,369,1,0,1
34,240,889,0,1,0
35,281,9,0,1,0
36,629,8,1,0,1
37,902,726,0,1,0
38,30,560,0,1,0
39,433,739,0,1,0
40,173,49,0,1,0
41,690,494,1,0,1
42,502,159,1,0,1
43,145,408,0,1,0
44,419,278,0,1,0
45,194,143,0,1,0
46,547,887,1,0,1
47,745,602,0,1,0
48,725,330,0,1,0
49,407,150,0,1,0
50,509,914,0,1,0
51,899,699,0,1,0
52,109,411,0,1,0
53,135,379,0,1,0
54,275,868,0,1,0
55,565,329,0,0,1
56,716,181,0,1,0
57,531,261,0,1,0
58,162,383,0,1,0
59,990,407,0,1,0
60,236,557,0,1,0
61,594,4,0,1,0
62,343,956,0,1,0
63,182,444,0,1,0
64,1,962,0,1,0
65,1,349,1,0,1
66,74,837,0,1,0
67,799,811,0,1,0
68,627,723,0,1,0
69,707,937,0,1,0
70,585,794,0,1,0
71,746,25,0,1,0
72,572,835,0,1,0
73,607,737,0,1,0
74,335,3,0,1,0
75,990,163,1,0,1
76,165,340,0,1,0
77,426,245,1,0,1
78,357,719,1,0,1
79,915,107,0,1,0
80,100,508,0,1,0
81,827,837,0,1,0
82,184,163,0,1,0
83,231,902,0,1,0
84,364,543,0,1,0
85,203,367,0,1,0
86,369,699,1,0,1
87,847,629,0,1,0
88,548,165,0,1,0
89,633,928,0,1,0
90,307,204,0,1,0
91,230,496,0,1,0
92,272,454,0,1,0
93,500,908,0,1,0
94,672,454,0,1,0
95,216,966,0,1,0
96,723,946,0,1,0
97,604,501,0,1,0
98,98,56,0,1,0
99,669,154,0,1,0
100,209,292,1,1,0
101,816,412,1,0,0
102,690,875,1,0,1
103,6,33,0,0,1
104,657,487,1,0,1
105,565,593,1,0,0
106,873,242,1,0,0
107,614,232,0,1,0
108,896,422,0,1,0
109,810,598,1,1,0
110,332,858,1,0,0
111,5,776,0,1,0
112,739,470,1,1,0
113,870,363,0,1,0
114,575,355,0,1,0
115,898,527,0,1,0
116,130,988,1,0,0
117,682,834,0,1,0
118,413,4,1,0,0
119,174,762,1,0,0
120,673,511,1,0,1
121,877,507,0,1,0
122,8,481,1,0,0
123,673,108,1,0,0
124,294,324,1,0,0
125,844,635,1,0,1
126,808,0,0,1,0
127,652,790,1,1,0
128,207,749,1,0,0
129,531,1,0,1,0
130,434,795,1,0,0
131,6,180,1,0,0
132,921,255,0,1,0
133,44,257,0,1,0
134,645,582,0,1,0
135,343,403,1,1,0
136,199,264,1,1,0
137,580,597,1,0,0
138,666,726,1,1,0
139,606,155,1,0,1
140,9,421,0,1,0
141,618,683,1,0,0
142,512,375,1,0,0
143,787,90,0,1,0
144,394,678,1,0,0
145,197,36,0,1,0
146,532,539,1,0,0
147,431,665,1,0,0
148,717,362,0,1,0
149,293,185,0,1,0
150,111,217,1,0,1
151,655,399,0,1,0
152,369,414,1,1,0
153,357,370,0,1,0
154,5,901,1,0,0
155,92,147,0,1,0
156,573,558,1,0,0
157,175,285,0,1,0
158,362,716,1,0,0
159,846,591,0,1,0
160,801,712,0,1,0
161,144,564,0,1,0
162,743,781,1,0,0
163,625,172,0,1,0
164,75,545,0,1,0
165,543,827,0,1,0
166,879,261,1,0,0
167,266,221,0,1,0
168,238,2,1,0,0
169,854,925,1,0,0
170,530,691,1,0,0
171,921,540,0,1,0
172,132,243,1,0,0
173,7,926,1,0,0
174,93,891,1,0,0
175,41,68,1,0,0
176,610,393,0,1,0
177,378,434,0,1,0
178,371,629,1,1,0
179,709,8,1,1,0
180,532,97,1,1,0
181,979,596,0,1,0
182,433,905,1,1,0
183,790,242,1,0,0
184,298,310,1,0,0
185,538,62,1,0,0
186,801,363,1,0,1
187,681,462,0,1,0
188,435,951,1,0,0
189,856,98,1,0,0
190,966,535,1,1,0
191,953,972,1,0,0
192,939,231,0,1,0
193,482,241,0,1,0
194,978,536,0,1,0
195,507,283,0,1,0
196,8,676,1,0,1
197,968,937,1,0,0
198,793,906,1,1,0
199,820,599,0,1,0
200,531,599,1,0,0
201,165,782,1,0,0
202,285,844,0,1,0
203,947,4,1,0,0
204,30,748,1,0,0
205,664,939,0,1,0
206,235,328,1,0,0
207,778,305,0,1,0
208,249,598,1,0,0
209,752,99,1,1,0
210,233,990,1,0,0
211,738,781,1,0,0
212,98,608,0,1,0
213,599,804,0,1,0
214,990,506,1,0,0
215,535,761,1,0,0
216,293,59,0,1,0
217,361,244,0,1,0
218,615,423,0,1,0
219,309,10,1,0,0
220,7,785,1,1,0
221,769,143,0,1,0
222,5,550,1,1,0
223,359,161,0,1,0
224,291,441,0,1,0
225,636,645,1,0,0
226,384,555,1,0,0
227,512,676,1,0,0
228,935,716,0,1,0
229,436,357,1,0,0
230,253,182,0,1,0
231,951,155,1,0,0
232,823,151,1,0,0
233,253,748,1,0,0
234,386,628,0,1,0
235,637,508,0,1,0
236,347,869,1,0,0
237,308,5,1,0,0
238,500,391,1,0,0
239,242,902,0,1,0
240,255,88,0,0,1
241,281,863,0,1,0
242,326,233,0,1,0
243,195,321,1,0,1
244,248,874,0,1,0
245,837,598,1,0,1
246,714,143,1,1,0
247,536,857,0,1,0
248,321,8,0,1,0
249,678,823,0,1,0
250,850,584,0,1,0
251,870,688,1,0,1
252,720,680,0,1,0
253,618,55,1,0,0
254,145,252,1,0,0
255,101,474,0,1,0
256,651,387,1,0,0
257,722,584,0,1,0
258,548,576,1,0,0
259,757,829,1,1,0
260,845,503,0,1,0
261,497,543,1,0,0
262,2,515,0,1,0
263,942,645,0,1,0
264,108,605,0,1,0
265,180,358,0,1,0
266,94,885,1,0,0
267,274,74,1,1,0
268,754,136,0,1,0
269,892,3,1,0,0
270,826,685,1,1,0
271,736,232,1,0,0
272,860,959,1,0,1
273,530,722,1,0,0
274,152,455,1,0,1
275,176,933,0,1,0
276,457,53,0,0,1
277,621,664,1,0,0
278,514,516,1,0,0
279,384,3,1,0,0
280,238,259,1,1,0
281,153,726,1,0,0
282,498,674,1,0,0
283,974,891,1,0,0
284,798,720,1,1,0
285,821,8,1,0,0
286,880,939,1,0,1
287,4,39,0,1,0
288,4,695,1,0,0
289,207,730,1,0,0
290,536,351,0,1,0
291,882,130,1,1,0
292,46,854,1,0,0
293,3,244,1,0,0
294,27,865,1,0,0
295,242,663,1,1,0
296,208,707,1,0,0
297,369,149,0,1,0
298,713,722,0,1,0
299,104,300,1,1,0
300,451,743,1,0,1
301,672,578,1,0,1
302,99,167,0,0,1
303,9,498,0,1,0
304,580,253,0,1,0
305,942,9,1,0,0
306,729,131,0,1,0
307,608,257,1,0,1
308,838,10,1,0,0
309,496,299,1,0,1
310,909,325,0,1,0
311,736,472,0,1,0
312,200,763,0,1,0
313,352,8,1,0,0
314,8,244,1,0,0
315,873,709,0,1,0
316,3,790,0,1,0
317,768,748,0,0,1
318,564,708,1,0,0
319,61,990,1,0,0
320,663,842,1,0,0
321,810,616,1,0,1
322,819,731,0,1,0
323,771,624,1,0,1
324,3,503,0,1,0
325,617,820,0,1,0
326,353,86,1,0,0
327,844,490,1,0,0
328,132,469,1,1,0
329,153,477,0,1,0
330,669,807,1,0,0
331,4,150,0,1,0
332,718,916,0,1,0
333,221,906,0,1,0
334,273,432,0,1,0
335,806,704,0,1,0
336,813,290,0,1,0
337,441,106,0,1,0
338,758,9,0,1,0
339,8,707,1,0,0
340,897,629,0,1,0
341,785,689,1,1,0
342,478,663,1,0,0
343,557,5,0,1,0
344,963,964,1,0,0
345,468,576,1,0,0
346,222,269,1,1,0
347,335,489,0,1,0
348,293,433,0,1,0
349,799,169,1,0,0
350,90,804,1,1,0
351,529,277,1,0,1
352,405,864,1,1,0
353,821,735,1,1,0
354,920,906,0,1,0
355,87,755,1,1,0
356,122,691,1,0,0
357,90,437,0,1,0
358,546,610,1,0,0
359,618,935,0,1,0
360,326,402,0,1,0
361,6,816,1,0,0
362,713,1,0,1,0
363,660,360,1,1,0
364,847,888,0,1,0
365,828,859,0,1,0
366,339,126,0,1,0
367,429,678,1,0,0
368,208,410,0,1,0
369,144,489,1,0,1
370,656,874,0,1,0
371,6,886,1,0,0
372,717,565,1,0,1
373,360,941,0,1,0
374,856,852,0,1,0
375,487,162,0,1,0
376,179,797,1,0,0
377,476,833,0,1,0
378,484,660,1,0,0
379,117,777,1,0,0
380,768,367,0,1,0
381,829,684,1,0,1
382,751,382,0,1,0
383,462,10,1,0,0
384,845,160,1,0,0
385,438,5,1,1,0
386,889,754,0,1,0
387,283,133,1,0,0
388,751,3,0,1,0
389,384,145,1,0,1
390,3,21,0,1,0
391,88,898,1,0,0
392,184,95,0,1,0
393,246,845,0,1,0
394,756,527,0,1,0
395,257,9,1,0,0
396,84,495,1,0,0
397,948,823,1,0,0
398,199,154,0,1,0
399,676,67,1,0,0
400,511,406,1,0,0
401,715,577,0,0,1
402,293,461,0,1,0
403,314,67,0,1,0
404,261,592,1,0,0
405,894,171,1,0,0
406,772,469,1,1,0
407,325,508,0,1,0
408,5,755,1,0,0
409,599,117,1,0,0
410,266,684,1,0,1
411,447,10,1,1,0
412,515,327,1,0,0
413,744,854,0,1,0
414,257,803,0,1,0
415,492,197,1,1,0
416,127,551,0,1,0
417,501,909,0,1,0
418,309,850,0,1,0
419,387,322,0,1,0
420,719,475,1,1,0
421,857,760,0,1,0
422,56,701,1,1,0
423,355,74,1,1,0
424,125,330,0,1,0
425,166,361,0,1,0
426,41,813,0,1,0
427,357,608,1,1,0
428,980,7,1,0,0
429,575,976,0,1,0
430,340,115,1,0,0
431,596,707,1,1,0
432,891,289,1,0,0
433,858,479,1,0,0
434,393,788,1,0,0
435,829,383,1,0,0
436,488,10,1,0,0
437,840,638,0,1,0
438,497,577,1,0,0
439,866,209,1,0,0
440,280,61,0,1,0
441,761,549,1,0,1
442,429,500,1,0,0
443,233,329,1,0,0
444,189,220,1,0,0
445,258,452,0,1,0
446,805,676,0,1,0
447,422,933,0,1,0
448,710,110,1,0,0
449,106,258,1,0,0
450,903,327,1,1,0
451,301,992,0,1,0
452,960,119,1,1,0
453,198,730,1,0,0
454,561,686,1,0,0
455,601,289,0,1,0
456,990,900,1,0,0
457,621,356,0,1,0
458,345,777,0,1,0
459,10,840,1,0,0
460,978,9,1,0,0
461,391,445,1,0,0
462,599,560,1,0,1
463,820,440,1,0,0
464,579,842,0,1,0
465,829,543,0,1,0
466,310,165,1,0,0
467,478,420,1,0,0
468,27,8,1,0,1
469,670,365,0,1,0
470,689,9,0,1,0
471,17,536,0,1,0
472,854,9,1,0,0
473,7,564,1,1,0
474,258,93,0,0,1
475,336,1,1,0,1
476,349,368,1,1,0
477,501,510,1,0,0
478,373,888,1,0,1
479,811,248,1,0,0
480,857,418,1,0,0
481,306,245,1,1,0
482,234,856,1,0,1
483,498,890,0,1,0
484,946,734,0,1,0
485,644,623,0,1,0
486,319,445,0,1,0
487,118,661,1,1,0
488,354,808,1,0,0
489,590,344,1,0,1
490,906,841,1,0,1
491,391,307,0,1,0
492,990,15,1,0,0
493,774,94,1,1,0
494,575,268,0,1,0
495,134,617,0,1,0
496,93,89,1,0,0
497,620,469,0,1,0
498,150,735,1,0,0
499,936,245,1,0,1
500,336,224,1,1,0
501,112,959,1,0,0
502,567,5,0,1,0
503,754,2,0,1,0
504,250,334,1,0,0
505,650,485,1,0,1
506,724,721,1,0,1
507,609,348,0,1,0
508,413,92,0,1,0
509,88,625,0,1,0
510,553,1,1,0,1
511,868,538,0,1,0
512,915,204,1,0,0
513,111,700,1,0,0
514,638,172,0,1,0
515,133,103,0,1,0
516,836,419,1,0,0
517,607,127,0,1,0
518,616,260,0,1,0
519,427,119,0,1,0
520,775,645,0,1,0
521,883,133,1,1,0
522,316,604,1,1,0
523,476,702,1,0,0
524,830,875,0,1,0
525,565,391,1,0,0
526,8,37,0,1,0
527,421,401,1,0,0
528,754,0,0,1,0
529,332,551,1,0,1
530,930,600,1,0,1
531,470,725,1,0,0
532,129,891,0,1,0
533,102,178,0,1,0
534,834,464,1,0,0
535,225,885,0,1,0
536,846,650,0,1,0
537,392,583,1,0,0
538,414,99,1,1,0
539,567,356,1,1,0
540,498,655,1,0,0
541,565,670,1,0,0
542,672,485,1,1,0
543,981,43,1,0,0
544,343,268,1,0,0
545,56,985,1,0,0
546,118,392,0,1,0
547,451,452,1,0,0
548,71,737,1,0,0
549,613,548,0,1,0
550,797,416,0,1,0
551,234,964,1,0,0
552,902,317,1,0,1
553,385,826,1,0,0
554,466,724,1,0,0
555,174,880,0,1,0
556,354,659,0,1,0
557,321,982,0,1,0
558,823,591,1,0,1
559,736,490,0,1,0
560,744,646,1,0,0
561,668,712,0,1,0
562,870,617,0,1,0
563,393,934,0,1,0
564,6,142,1,0,1
565,225,706,1,0,0
566,208,104,0,1,0
567,258,346,1,0,0
568,750,116,0,1,0
569,167,956,1,0,0
570,794,631,1,0,1
571,274,641,1,0,0
572,547,286,0,1,0
573,251,622,1,1,0
574,901,463,1,0,0
575,522,175,0,1,0
576,98,878,1,0,0
577,333,834,1,0,0
578,187,181,1,1,0
579,742,135,0,1,0
580,198,791,1,0,0
581,7,370,1,0,0
582,366,326,1,0,0
583,529,917,0,1,0
584,274,200,1,0,1
585,168,560,1,0,0
586,807,282,1,1,0
587,801,6,0,1,0
588,206,506,1,0,0
589,570,727,1,0,0
590,535,358,0,1,0
591,806,384,1,0,0
592,817,872,0,1,0
593,260,696,0,1,0
594,754,602,0,1,0
595,543,908,1,0,1
596,312,838,0,1,0
597,765,525,1,1,0
598,157,258,1,0,0
599,117,447,0,1,0
600,910,257,0,1,0
601,754,777,0,1,0
602,744,515,0,1,0
603,9,429,0,1,0
604,580,95,0,1,0
605,377,426,0,1,0
606,811,4,1,1,0
607,134,318,0,1,0
608,559,648,1,0,0
609,300,343,1,0,0
610,782,889,1,0,0
611,413,232,1,0,0
612,255,872,0,1,0
613,74,526,0,1,0
614,640,783,1,1,0
615,507,5,0,1,0
616,944,768,1,0,0
617,717,598,0,1,0
618,468,222,0,1,0
619,681,236,0,1,0
620,944,92,0,1,0
621,493,357,1,0,0
622,539,3,0,1,0
623,174,325,1,1,0
624,711,359,1,1,0
625,286,504,1,0,0
626,7,20,0,1,0
627,131,316,0,1,0
628,833,8,1,0,0
629,673,735,0,1,0
630,743,499,0,1,0
631,914,982,1,0,0
632,971,810,1,0,0
633,213,300,0,1,0
634,879,269,1,1,0
635,477,910,0,1,0
636,798,875,0,1,0
637,135,436,0,1,0
638,363,514,1,0,0
639,630,344,1,0,1
640,130,767,1,0,0
641,976,587,0,1,0
642,5,967,0,1,0
643,887,594,0,1,0
644,435,268,0,1,0
645,73,203,0,1,0
646,564,268,1,0,0
647,2,644,0,1,0
648,73,333,0,1,0
649,699,432,0,1,0
650,954,990,1,0,0
651,816,327,0,1,0
652,212,419,1,1,0
653,219,1,1,0,0
654,1,824,1,0,0
655,508,5,0,1,0
656,452,414,1,0,0
657,599,212,0,1,0
658,284,730,0,1,0
659,205,45,1,1,0
660,311,102,1,0,1
661,350,646,1,1,0
662,345,51,1,0,0
663,741,419,0,1,0
664,91,693,1,0,0
665,228,543,1,1,0
666,120,407,0,1,0
667,610,151,1,0,0
668,887,626,0,1,0
669,921,6,1,0,0
670,183,303,0,1,0
671,776,697,1,0,0
672,889,688,0,1,0
673,813,296,1,0,1
674,676,254,0,1,0
675,609,574,1,0,0
676,816,813,1,0,0
677,914,890,1,1,0
678,449,396,1,0,0
679,1,147,0,1,0
680,544,493,1,0,0
681,489,8,1,0,0
682,200,677,1,0,0
683,74,607,0,1,0
684,213,90,0,1,0
685,361,121,1,0,1
686,907,98,0,1,0
687,820,509,1,0,1
688,585,787,0,1,0
689,789,702,1,1,0
690,609,607,1,0,0
691,287,735,0,1,0
692,785,788,0,1,0
693,532,868,0,1,0
694,758,292,1,0,0
695,610,437,0,1,0
696,815,391,1,0,1
697,583,366,0,1,0
698,226,464,1,1,0
699,162,737,1,0,0
700,719,331,1,0,0
701,58,936,1,0,0
702,554,400,1,0,0
703,397,1,1,0,0
704,338,894,0,1,0
705,4,645,0,1,0
706,546,927,1,0,1
707,492,708,1,0,0
708,839,263,0,1,0
709,536,10,0,1,0
710,661,190,0,1,0
711,424,595,1,0,0
712,5,579,1,0,0
713,879,882,0,1,0
714,862,430,1,0,0
715,582,7,0,1,0
716,86,774,1,0,0
717,790,703,1,1,0
718,383,417,1,1,0
719,610,905,0,1,0
720,359,423,1,1,0
721,811,123,1,0,0
722,943,160,1,0,0
723,899,902,0,1,0
724,67,813,0,1,0
725,546,205,1,1,0
726,362,429,0,1,0
727,2,951,1,0,0
728,450,769,1,1,0
729,2,523,0,1,0
730,158,236,1,0,0
731,117,718,1,0,0
732,533,865,1,0,1
733,389,174,1,0,1
734,9,268,1,0,0
735,253,536,0,1,0
736,523,494,1,0,0
737,199,7,1,0,0
738,57,847,1,0,0
739,135,704,1,0,0
740,65,148,0,1,0
741,937,7,1,0,0
742,714,852,0,1,0
743,305,671,0,1,0
744,881,590,0,1,0
745,417,825,1,0,1
746,151,308,1,1,0
747,9,520,1,0,1
748,474,618,1,0,0
749,924,135,1,0,0
750,990,874,1,0,0
751,897,62,1,0,0
752,308,462,1,0,1
753,3,945,1,0,0
754,550,232,0,1,0
755,491,503,1,0,0
756,881,497,0,1,0
757,872,807,0,1,0
758,484,802,0,1,0
759,8,160,1,0,1
760,609,218,0,1,0
761,540,934,0,1,0
762,645,579,0,1,0
763,872,470,1,0,0
764,334,7,0,1,0
765,429,732,1,1,0
766,738,438,0,1,0
767,187,689,1,0,0
768,946,0,1,0,0
769,351,10,1,0,0
770,356,161,1,0,1
771,323,509,0,1,0
772,853,716,0,1,0
773,858,592,0,1,0
774,865,529,0,1,0
775,602,729,0,1,0
776,854,344,1,1,0
777,192,89,0,1,0
778,933,675,1,0,0
779,118,3,1,0,0
780,214,805,0,1,0
781,686,534,0,1,0
782,359,96,1,1,0
783,192,280,1,0,0
784,304,955,1,1,0
785,770,77,1,0,1
786,892,57,1,0,0
787,594,835,0,1,0
788,10,911,1,0,0
789,71,943,1,0,0
790,558,121,0,1,0
791,198,621,0,1,0
792,9,983,1,0,0
793,23,700,0,1,0
794,249,607,0,1,0
795,955,705,1,0,1
796,440,663,1,0,0
797,917,311,1,1,0
798,865,558,0,1,0
799,851,430,1,0,0
800,500,495,1,0,0
801,261,213,1,0,0
802,371,292,0,1,0
803,262,152,0,1,0
804,501,6,0,1,0
805,758,262,1,0,0
806,934,404,0,1,0
807,420,130,1,0,1
808,781,593,0,1,0
809,966,225,0,1,0
810,839,651,0,1,0
811,648,437,0,1,0
812,884,602,0,1,0
813,206,620,1,0,0
814,823,10,1,0,0
815,538,388,1,0,0
816,527,172,0,1,0
817,384,815,1,0,0
818,694,543,1,0,1
819,866,902,0,1,0
820,138,699,1,0,0
821,536,80,0,1,0
822,304,629,0,1,0
823,950,884,1,1,0
824,78,703,1,0,0
825,576,775,1,0,0
826,399,6,1,0,0
827,607,893,0,1,0
828,583,926,0,1,0
829,756,488,0,1,0
830,551,695,1,0,0
831,581,590,1,0,0
832,226,405,0,1,0
833,161,0,0,1,0
834,10,194,1,0,0
835,776,464,0,1,0
836,465,264,1,0,1
837,929,765,1,0,0
838,77,388,1,0,1
839,921,946,1,0,0
840,220,548,0,1,0
841,373,696,1,0,0
842,284,986,0,1,0
843,519,597,1,0,0
844,144,372,1,0,1
845,677,195,0,1,0
846,439,279,0,1,0
847,226,701,1,0,0
848,873,788,0,1,0
849,918,831,1,1,0
850,593,4,0,1,0
851,374,595,1,0,0
852,242,844,1,0,1
853,116,684,0,1,0
854,465,222,0,1,0
855,260,429,0,1,0
856,421,864,0,1,0
857,295,752,1,0,0
858,394,415,1,0,0
859,950,105,0,1,0
860,406,920,0,1,0
861,780,907,0,1,0
862,1,280,1,0,0
863,749,45,1,0,0
864,191,347,0,1,0
865,231,539,1,0,1
866,92,224,1,0,0
867,56,207,0,1,0
868,721,684,0,1,0
869,591,413,0,1,0
870,669,873,1,1,0
871,304,740,0,1,0
872,142,263,1,0,0
873,907,418,1,1,0
874,713,372,0,1,0
875,956,937,1,0,0
876,921,719,0,1,0
877,253,305,1,0,0
878,937,535,1,1,0
879,571,735,1,0,0
880,355,933,0,1,0
881,493,494,1,0,0
882,6,31,1,0,1
883,841,312,0,1,0
884,2,672,0,1,0
885,552,830,0,1,0
886,494,182,0,1,0
887,354,729,0,1,0
888,556,203,0,1,0
889,150,35,1,1,0
890,597,716,0,1,0
891,460,303,0,1,0
892,951,690,1,0,1
893,39,831,1,0,0
894,491,973,1,0,0
895,93,0,1,0,0
896,874,294,1,0,0
897,740,232,1,0,0
898,350,219,0,1,0
899,96,945,1,0,0
900,496,364,1,0,0
901,587,4,0,1,0
902,312,719,1,1,0
903,676,672,1,0,0
904,916,693,0,1,0
905,656,523,0,1,0
906,3,112,1,0,0
907,243,775,1,1,0
908,166,606,0,1,0
909,113,958,1,0,0
910,990,389,1,0,1
911,223,221,0,1,0
912,587,707,0,1,0
913,627,682,0,1,0
914,546,175,0,1,0
915,602,411,0,1,0
916,794,955,0,1,0
917,396,879,1,1,0
918,4,403,1,0,0
919,510,375,1,0,0
920,584,627,1,0,0
921,336,870,1,0,1
922,575,811,0,1,0
923,662,418,1,0,1
924,584,158,1,0,0
925,417,849,0,1,0
926,957,617,0,1,0
927,217,10,1,0,0
928,642,505,0,1,0
929,874,493,1,1,0
930,417,24,1,0,0
931,923,635,0,1,0
932,181,87,0,1,0
933,515,564,1,0,0
934,937,917,1,1,0
935,186,81,1,0,1
936,778,7,0,1,0
937,677,316,1,0,0
938,467,496,1,0,0
939,435,497,1,0,0
940,394,874,0,1,0
941,101,333,0,1,0
942,697,189,1,0,1
943,670,168,0,1,0
944,889,23,1,0,0
945,192,399,1,1,0
946,516,871,0,1,0
947,630,855,0,1,0
948,7,908,1,0,0
949,919,511,0,1,0
950,360,615,1,1,0
951,247,566,0,1,0
952,428,3,0,1,0
953,528,631,1,0,0
954,589,532,0,1,0
955,190,22,1,1,0
956,317,213,0,1,0
957,409,225,1,0,0
958,442,261,0,1,0
959,772,672,0,1,0
960,638,912,0,1,0
961,226,666,0,1,0
962,731,990,1,0,1
963,246,388,0,1,0
964,61,6,1,0,0
965,353,130,1,1,0
966,531,179,1,1,0
967,3,793,0,1,0
968,246,255,1,1,0
969,138,32,0,1,0
970,3,673,0,1,0
971,448,557,1,0,0
972,511,206,0,1,0
973,742,811,0,1,0
974,7,719,1,0,0
975,387,460,1,0,0
976,803,688,1,0,1
977,334,638,0,1,0
978,535,166,0,1,0
979,254,802,0,1,0
980,758,381,0,1,0
981,604,877,1,1,0
982,474,244,0,1,0
983,446,458,1,0,0
984,249,406,0,1,0
985,431,281,0,1,0
986,611,934,0,1,0
987,721,7,1,1,0
988,502,312,0,1,0
989,140,659,1,1,0
990,70,572,1,0,1
991,621,162,0,1,0
992,243,85,0,1,0
993,0,24,0,1,0
994,188,203,0,1,0
995,698,914,0,1,0
996,602,619,1,0,0
997,96,162,1,0,1
998,714,585,0,1,0
999,701,557,0,1,0
