Index,x,y,alive,infected,immune
0,801,305,0,1,0
1,7,697,1,0,1
2,966,196,0,0,1
3,550,888,1,0,1
4,971,806,0,1,0
5,399,116,0,1,0
6,500,91,0,1,0
7,0,559,0,1,0
8,328,785,1,0,1
9,871,598,0,1,0
10,429,156,0,1,0
11,599,106,0,1,0
12,515,4,0,1,0
13,50,332,0,1,0
14,868,232,0,1,0
15,85,781,0,1,0
16,494,354,1,0,1
17,787,711,0,1,0
18,953,150,0,1,0
19,645,823,0,1,0
20,934,539,0,1,0
21,336,317,0,1,0
22,427,801,0,1,0
23,245,161,1,0,1
24,215,397,0,1,0
25,0,153,0,1,0
26,795,4,0,1,0
27,712,399,0,1,0
28,99,128,0,1,0
29,497,888,0,1,0
30,670,672,0,1,0
31,561,8,0,1,0
32,753,870,1,0,1
33,962,270,1,0,1
34,260,849,0,1,0
35,281,5,0,1,0
36,629,1,1,0,1
37,938,680,0,1,0
38,2,585,0,1,0
39,380,757,0,1,0
40,235,27,0,1,0
41,649,556,1,0,1
42,535,190,1,0,1
43,148,419,0,1,0
44,470,287,0,1,0
45,218,126,0,1,0
46,549,894,1,0,1
47,740,552,0,1,0
48,749,329,0,1,0
49,490,160,0,1,0
50,535,933,0,1,0
51,860,709,0,1,0
52,135,388,0,1,0
53,176,344,0,1,0
54,310,778,0,1,0
55,573,270,0,0,1
56,719,168,0,1,0
57,530,284,0,1,0
58,161,365,0,1,0
59,990,407,0,1,0
60,182,674,0,1,0
61,594,8,0,1,0
62,435,933,0,1,0
63,135,427,0,1,0
64,4,962,0,1,0
65,8,349,1,0,1
66,23,809,0,1,0
67,795,806,0,1,0
68,643,780,0,1,0
69,681,921,0,1,0
70,607,802,0,1,0
71,747,10,0,1,0
72,503,766,0,1,0
73,590,751,0,1,0
74,335,3,0,1,0
75,990,163,1,0,1
76,124,333,0,1,0
77,427,244,1,0,1
78,338,749,1,0,1
79,970,73,0,1,0
80,129,497,0,1,0
81,748,863,0,1,0
82,129,122,0,1,0
83,296,951,0,1,0
84,371,549,0,1,0
85,196,310,0,1,0
86,388,637,1,0,1
87,850,570,0,1,0
88,619,115,0,1,0
89,613,8,0,1,0
90,249,166,0,1,0
91,216,487,0,1,0
92,278,545,0,1,0
93,517,943,0,1,0
94,627,338,0,1,0
95,224,917,0,1,0
96,768,872,0,1,0
97,499,589,0,1,0
98,110,37,0,1,0
99,716,194,0,1,0
100,238,258,0,1,0
101,749,437,1,0,1
102,678,919,1,0,1
103,1,33,0,0,1
104,649,440,1,0,1
105,602,579,1,1,0
106,864,281,0,1,0
107,639,203,0,1,0
108,895,343,0,1,0
109,813,569,0,0,1
110,365,899,1,0,1
111,0,776,0,1,0
112,799,442,0,1,0
113,862,334,0,1,0
114,559,261,0,1,0
115,886,571,0,1,0
116,46,906,1,0,0
117,693,844,0,1,0
118,413,8,1,0,0
119,202,728,0,1,0
120,690,477,1,0,1
121,855,531,0,1,0
122,7,481,1,0,0
123,621,29,1,0,0
124,271,418,0,1,0
125,865,566,1,0,1
126,808,3,0,1,0
127,670,775,0,1,0
128,225,773,1,0,1
129,531,5,0,1,0
130,489,886,0,1,0
131,7,180,1,0,0
132,895,254,0,1,0
133,9,274,0,1,0
134,650,611,0,1,0
135,307,457,0,1,0
136,188,161,0,1,0
137,538,532,0,1,0
138,616,742,1,0,1
139,594,161,1,0,1
140,9,421,0,1,0
141,595,631,1,0,1
142,536,375,0,1,0
143,788,172,0,1,0
144,405,629,0,1,0
145,168,77,0,1,0
146,479,583,1,0,0
147,450,689,0,1,0
148,747,352,0,1,0
149,268,194,0,1,0
150,155,219,1,0,1
151,682,346,0,1,0
152,390,445,1,0,1
153,342,342,0,1,0
154,1,901,1,0,0
155,73,159,0,1,0
156,560,572,1,0,0
157,190,272,0,1,0
158,438,717,0,1,0
159,847,635,0,1,0
160,794,721,0,1,0
161,150,578,0,1,0
162,825,807,0,1,0
163,666,210,0,1,0
164,74,553,0,1,0
165,545,900,0,1,0
166,820,310,0,1,0
167,245,194,0,1,0
168,238,5,0,1,0
169,883,5,1,0,0
170,564,680,1,0,1
171,973,502,0,1,0
172,151,367,0,1,0
173,1,926,1,0,0
174,197,837,0,1,0
175,85,27,1,0,0
176,587,430,0,1,0
177,388,412,0,1,0
178,391,668,0,1,0
179,709,6,0,1,0
180,532,122,0,1,0
181,954,628,0,1,0
182,462,850,0,1,0
183,721,273,1,0,0
184,349,313,1,1,0
185,539,64,1,0,0
186,852,276,1,0,1
187,727,438,0,1,0
188,394,990,0,1,0
189,837,55,1,0,0
190,927,536,0,1,0
191,950,9,0,1,0
192,892,240,0,1,0
193,461,210,0,1,0
194,7,537,0,1,0
195,534,264,0,1,0
196,3,676,1,0,1
197,966,990,0,1,0
198,728,961,0,1,0
199,808,563,0,1,0
200,536,606,1,0,0
201,190,869,0,1,0
202,204,842,0,1,0
203,947,1,0,1,0
204,7,719,1,0,0
205,687,875,0,1,0
206,177,284,1,0,1
207,785,359,0,1,0
208,289,593,0,1,0
209,791,44,1,0,1
210,233,990,1,0,0
211,711,806,0,1,0
212,29,588,0,1,0
213,590,851,0,1,0
214,990,506,1,0,0
215,492,706,1,1,0
216,351,93,0,1,0
217,452,291,0,1,0
218,691,387,0,1,0
219,309,10,1,0,1
220,2,785,0,0,1
221,751,200,0,1,0
222,6,550,0,1,0
223,440,105,0,1,0
224,292,457,0,1,0
225,669,678,0,1,0
226,332,544,1,0,1
227,495,647,1,0,0
228,958,725,0,1,0
229,452,316,1,0,1
230,305,147,0,1,0
231,5,120,1,0,1
232,788,137,0,1,0
233,201,741,0,1,0
234,431,646,0,1,0
235,681,490,0,1,0
236,362,845,0,1,0
237,308,2,0,1,0
238,495,414,1,1,0
239,249,896,0,1,0
240,195,128,0,0,1
241,277,943,0,1,0
242,268,218,0,1,0
243,181,343,1,0,1
244,260,806,0,1,0
245,825,604,1,0,1
246,774,213,1,0,1
247,554,826,0,1,0
248,321,2,0,1,0
249,697,782,0,1,0
250,878,594,0,1,0
251,909,671,1,0,1
252,688,626,0,1,0
253,665,108,1,0,0
254,129,237,1,0,0
255,121,450,0,1,0
256,655,410,0,0,1
257,741,614,0,1,0
258,577,586,0,1,0
259,806,827,1,0,1
260,820,439,0,1,0
261,568,500,0,1,0
262,5,515,0,1,0
263,878,613,0,1,0
264,52,623,0,1,0
265,184,372,0,1,0
266,36,903,1,0,0
267,251,16,0,0,1
268,752,118,0,1,0
269,892,9,1,0,0
270,821,715,1,0,1
271,758,302,1,0,0
272,865,966,1,0,1
273,456,680,0,1,0
274,131,346,1,0,1
275,112,4,0,1,0
276,520,155,0,0,1
277,710,648,1,0,1
278,521,518,1,0,0
279,384,2,1,0,0
280,242,199,0,1,0
281,192,722,0,1,0
282,516,637,1,0,1
283,990,904,1,0,0
284,879,785,0,1,0
285,821,5,0,1,0
286,828,969,1,0,1
287,0,39,0,1,0
288,0,695,0,1,0
289,149,703,0,1,0
290,570,368,0,1,0
291,859,124,1,0,1
292,21,869,1,0,0
293,8,244,0,1,0
294,52,898,1,0,1
295,222,646,0,1,0
296,241,702,0,1,0
297,315,120,0,1,0
298,667,760,0,1,0
299,62,271,1,0,1
300,461,740,1,0,1
301,715,590,1,0,1
302,176,164,0,0,1
303,2,498,0,1,0
304,537,229,0,1,0
305,942,9,0,1,0
306,743,99,0,1,0
307,569,278,1,0,1
308,838,10,1,0,0
309,461,251,1,0,1
310,850,332,0,1,0
311,786,530,0,1,0
312,212,775,0,1,0
313,352,7,1,0,0
314,4,244,0,1,0
315,900,749,0,1,0
316,9,790,0,1,0
317,797,745,0,0,1
318,560,800,0,1,0
319,61,990,1,0,0
320,752,864,0,1,0
321,751,570,1,0,1
322,787,816,0,1,0
323,833,630,1,0,1
324,1,503,0,1,0
325,588,844,0,1,0
326,288,63,0,1,0
327,794,492,0,1,0
328,126,502,0,1,0
329,87,421,0,1,0
330,621,798,0,1,0
331,4,150,0,1,0
332,723,957,0,1,0
333,220,867,0,1,0
334,215,401,0,1,0
335,765,662,0,1,0
336,865,323,0,1,0
337,420,126,0,1,0
338,758,3,0,1,0
339,1,707,1,0,0
340,902,669,0,1,0
341,850,626,0,1,0
342,548,664,0,1,0
343,557,5,0,1,0
344,945,942,1,0,0
345,485,579,1,0,0
346,163,228,1,0,1
347,281,477,0,1,0
348,249,478,0,1,0
349,800,88,0,1,0
350,98,836,1,0,1
351,483,260,1,0,1
352,361,932,0,1,0
353,846,773,0,1,0
354,844,921,0,1,0
355,4,791,1,0,1
356,148,664,0,1,0
357,93,409,0,1,0
358,583,560,0,1,0
359,662,899,0,1,0
360,361,329,0,1,0
361,7,816,0,1,0
362,713,3,0,1,0
363,598,359,1,0,1
364,845,852,0,1,0
365,837,844,0,1,0
366,344,167,0,1,0
367,433,602,0,1,0
368,258,389,0,1,0
369,187,493,1,0,1
370,653,885,0,1,0
371,0,886,1,0,0
372,777,631,1,0,1
373,367,0,0,1,0
374,881,892,0,1,0
375,530,145,0,1,0
376,198,831,0,1,0
377,514,874,0,1,0
378,512,646,1,0,0
379,106,863,0,1,0
380,838,446,0,1,0
381,854,659,1,0,1
382,709,465,0,1,0
383,462,10,1,0,0
384,833,165,1,0,0
385,438,9,1,0,1
386,872,779,0,1,0
387,312,139,0,1,0
388,751,8,0,1,0
389,417,104,1,0,1
390,9,21,0,1,0
391,28,896,1,0,0
392,176,43,0,1,0
393,276,815,0,1,0
394,769,565,0,1,0
395,257,6,1,0,0
396,68,481,0,1,0
397,5,827,0,1,0
398,257,227,0,1,0
399,713,123,1,1,0
400,546,454,1,0,0
401,741,496,0,0,1
402,359,483,0,1,0
403,323,80,0,1,0
404,114,557,0,1,0
405,921,121,1,1,0
406,699,428,0,1,0
407,280,483,0,1,0
408,0,755,1,0,0
409,570,83,0,1,0
410,313,662,1,0,1
411,447,10,1,0,1
412,535,298,0,1,0
413,750,786,0,1,0
414,223,862,0,1,0
415,485,213,1,0,1
416,182,496,0,1,0
417,576,904,0,1,0
418,285,872,0,1,0
419,409,253,0,1,0
420,734,496,0,1,0
421,897,762,0,1,0
422,43,690,1,0,1
423,294,68,1,0,1
424,203,413,0,1,0
425,130,394,0,1,0
426,44,779,0,1,0
427,309,545,1,0,1
428,980,6,1,0,0
429,585,990,0,1,0
430,343,179,0,1,0
431,611,700,0,1,0
432,877,288,0,1,0
433,815,480,1,0,1
434,435,802,0,1,0
435,846,382,0,1,0
436,488,10,1,0,0
437,799,620,0,1,0
438,503,662,1,1,0
439,877,172,1,0,0
440,281,8,0,1,0
441,715,581,1,0,1
442,425,463,1,0,0
443,280,280,0,1,0
444,125,218,0,0,1
445,297,465,0,1,0
446,783,621,0,1,0
447,397,905,0,1,0
448,649,99,1,0,0
449,63,280,1,0,0
450,908,285,0,1,0
451,301,3,0,1,0
452,958,150,1,0,1
453,251,687,1,0,1
454,635,634,0,1,0
455,601,213,0,1,0
456,990,900,1,0,0
457,654,362,0,1,0
458,318,821,0,1,0
459,10,840,1,0,0
460,978,6,1,0,0
461,469,371,1,0,1
462,630,603,1,0,1
463,832,578,1,0,1
464,593,848,0,1,0
465,838,489,0,1,0
466,222,210,1,0,1
467,465,457,1,0,0
468,27,4,1,0,1
469,742,363,0,1,0
470,689,4,0,1,0
471,9,530,0,1,0
472,854,8,1,0,0
473,8,564,1,0,1
474,311,84,0,0,1
475,336,4,1,0,1
476,315,347,0,1,0
477,559,536,0,1,0
478,425,851,1,0,1
479,728,243,1,0,0
480,807,448,0,1,0
481,227,226,1,0,1
482,245,821,1,0,1
483,532,956,0,1,0
484,867,746,0,1,0
485,636,597,0,1,0
486,335,469,0,1,0
487,101,538,0,0,1
488,367,827,0,1,0
489,600,393,1,0,1
490,872,811,1,0,1
491,407,342,0,1,0
492,990,15,1,0,0
493,741,95,0,1,0
494,562,205,0,1,0
495,78,585,0,1,0
496,141,181,0,1,0
497,642,467,0,1,0
498,186,813,1,0,1
499,942,215,1,0,1
500,334,239,1,0,1
501,95,938,1,0,0
502,567,3,0,1,0
503,754,9,0,1,0
504,201,301,0,1,0
505,624,452,1,0,1
506,689,675,1,0,1
507,629,399,0,1,0
508,353,136,0,1,0
509,149,646,0,1,0
510,553,2,1,0,1
511,945,519,0,1,0
512,880,207,1,0,0
513,42,672,1,0,1
514,653,176,0,1,0
515,152,102,0,1,0
516,849,384,0,1,0
517,594,164,0,1,0
518,694,227,0,1,0
519,385,108,0,1,0
520,715,692,0,1,0
521,912,81,0,1,0
522,272,562,1,0,1
523,476,746,1,1,0
524,818,863,0,1,0
525,604,400,1,0,1
526,8,37,0,1,0
527,455,408,1,0,1
528,754,1,0,1,0
529,278,530,1,0,1
530,917,497,1,0,1
531,470,738,1,0,0
532,131,896,0,1,0
533,75,225,0,1,0
534,826,373,0,1,0
535,266,866,0,1,0
536,870,686,0,1,0
537,383,558,0,1,0
538,425,123,0,1,0
539,606,395,1,0,1
540,447,657,0,1,0
541,470,705,0,1,0
542,653,485,0,1,0
543,9,46,0,1,0
544,301,301,1,0,0
545,52,0,0,1,0
546,126,421,0,1,0
547,434,398,0,1,0
548,79,816,0,0,1
549,636,584,0,1,0
550,765,353,0,1,0
551,230,931,0,1,0
552,945,254,1,0,1
553,370,809,1,0,1
554,474,759,1,1,0
555,206,836,0,1,0
556,338,608,0,1,0
557,299,9,0,1,0
558,856,551,1,0,1
559,682,535,0,1,0
560,769,662,0,1,0
561,693,728,0,1,0
562,817,590,0,1,0
563,435,990,0,1,0
564,8,142,1,0,1
565,204,732,0,1,0
566,167,101,0,1,0
567,238,342,0,1,0
568,755,130,0,1,0
569,210,2,0,1,0
570,769,634,1,0,1
571,251,628,0,1,0
572,612,349,0,1,0
573,185,520,1,0,1
574,894,526,0,1,0
575,519,214,0,1,0
576,31,869,1,0,0
577,324,797,1,0,1
578,173,145,0,1,0
579,745,142,0,1,0
580,209,773,0,1,0
581,0,370,1,0,0
582,365,310,0,1,0
583,514,960,0,1,0
584,318,228,1,0,1
585,164,521,0,1,0
586,790,341,0,1,0
587,801,7,0,1,0
588,291,598,0,1,0
589,563,776,0,1,0
590,433,360,0,1,0
591,816,395,1,0,1
592,819,839,0,1,0
593,262,713,0,1,0
594,793,592,0,1,0
595,583,888,1,0,1
596,331,832,0,1,0
597,766,598,0,1,0
598,140,325,0,1,0
599,97,358,0,1,0
600,906,251,0,1,0
601,707,795,0,1,0
602,705,480,0,1,0
603,4,429,0,1,0
604,493,82,0,1,0
605,381,367,0,1,0
606,811,7,1,0,1
607,133,283,0,1,0
608,515,612,1,0,0
609,397,416,0,1,0
610,767,942,0,1,0
611,435,230,0,1,0
612,321,849,0,1,0
613,31,512,0,1,0
614,590,765,1,0,1
615,507,1,0,1,0
616,924,812,1,0,0
617,731,594,0,1,0
618,441,258,0,1,0
619,675,221,0,1,0
620,2,76,0,1,0
621,516,291,0,1,0
622,539,0,0,1,0
623,145,362,0,1,0
624,690,357,1,0,1
625,261,510,0,1,0
626,1,20,0,1,0
627,117,341,0,1,0
628,833,3,1,0,0
629,646,638,0,1,0
630,754,461,0,1,0
631,889,890,0,1,0
632,990,792,1,0,0
633,152,247,0,1,0
634,856,244,0,1,0
635,561,876,0,1,0
636,759,809,0,1,0
637,192,433,0,1,0
638,362,553,1,0,0
639,665,348,1,0,1
640,179,773,0,1,0
641,3,586,0,1,0
642,7,967,0,1,0
643,930,616,0,1,0
644,537,273,0,1,0
645,58,199,0,1,0
646,634,206,0,1,0
647,5,644,0,1,0
648,98,232,0,1,0
649,714,382,0,1,0
650,954,990,0,1,0
651,741,346,0,1,0
652,271,448,0,1,0
653,219,9,0,1,0
654,3,824,0,1,0
655,508,9,0,1,0
656,376,393,0,1,0
657,686,230,0,1,0
658,301,748,0,1,0
659,266,52,1,0,1
660,278,109,1,0,1
661,329,620,1,0,1
662,351,165,1,0,1
663,678,387,0,1,0
664,143,586,0,1,0
665,228,564,0,1,0
666,130,403,0,1,0
667,568,93,0,1,0
668,942,649,0,1,0
669,921,3,1,0,0
670,248,370,0,1,0
671,779,680,0,1,0
672,911,684,0,1,0
673,721,281,1,0,1
674,745,321,0,1,0
675,664,565,0,1,0
676,809,885,0,1,0
677,888,881,0,1,0
678,490,409,1,0,0
679,1,147,0,1,0
680,557,498,0,1,0
681,489,8,1,0,0
682,131,724,0,1,0
683,1,604,0,1,0
684,201,53,0,1,0
685,402,238,1,0,1
686,846,111,0,1,0
687,801,566,1,0,1
688,577,787,0,1,0
689,804,749,1,0,1
690,602,565,0,1,0
691,208,724,0,1,0
692,784,763,0,1,0
693,432,840,0,1,0
694,668,330,1,0,0
695,679,410,0,1,0
696,833,433,1,0,1
697,563,335,0,1,0
698,191,459,1,0,1
699,96,685,0,1,0
700,767,301,1,0,1
701,107,941,1,0,0
702,527,411,0,1,0
703,397,5,1,0,0
704,290,858,0,1,0
705,5,645,0,1,0
706,550,5,1,0,1
707,496,706,0,1,0
708,853,290,0,1,0
709,536,10,0,1,0
710,666,164,0,1,0
711,368,596,0,1,0
712,1,579,0,1,0
713,879,814,0,1,0
714,891,435,0,1,0
715,582,7,0,1,0
716,80,864,0,1,0
717,770,749,1,0,1
718,414,374,1,0,1
719,628,881,0,1,0
720,445,395,0,1,0
721,873,62,0,1,0
722,967,142,0,1,0
723,918,878,0,1,0
724,120,857,0,1,0
725,594,171,0,1,0
726,308,498,0,1,0
727,8,951,1,0,0
728,521,883,0,0,1
729,3,523,0,1,0
730,228,257,0,1,0
731,138,714,0,1,0
732,503,764,1,0,1
733,441,179,1,0,1
734,2,268,0,1,0
735,182,574,0,1,0
736,573,489,0,1,0
737,199,2,1,0,0
738,54,849,0,1,0
739,147,680,0,1,0
740,106,95,0,1,0
741,937,6,0,1,0
742,700,790,0,1,0
743,354,645,0,1,0
744,809,600,0,1,0
745,445,859,1,0,1
746,159,280,1,0,1
747,7,520,1,0,1
748,495,664,0,1,0
749,950,112,0,1,0
750,990,874,1,0,0
751,906,88,0,1,0
752,299,529,1,0,1
753,3,945,1,0,0
754,476,234,0,1,0
755,558,572,0,1,0
756,811,519,0,1,0
757,821,802,0,1,0
758,512,780,0,1,0
759,6,160,1,0,1
760,525,174,0,1,0
761,566,979,0,1,0
762,609,537,0,1,0
763,788,485,0,1,0
764,334,1,0,1,0
765,382,732,1,0,1
766,747,462,0,1,0
767,246,747,1,0,1
768,946,3,0,1,0
769,351,10,1,0,0
770,459,185,1,0,1
771,307,444,0,1,0
772,830,663,0,1,0
773,888,639,0,1,0
774,848,570,0,1,0
775,577,691,0,1,0
776,817,408,1,0,1
777,119,79,0,1,0
778,868,659,0,1,0
779,118,3,0,1,0
780,258,809,0,1,0
781,660,570,0,1,0
782,359,159,0,1,0
783,171,245,1,0,1
784,228,6,1,0,1
785,707,135,1,0,1
786,799,162,1,0,1
787,639,872,0,1,0
788,10,911,1,0,0
789,116,893,1,0,0
790,510,114,0,1,0
791,190,615,0,1,0
792,2,983,1,0,0
793,5,688,0,1,0
794,232,590,0,1,0
795,918,712,1,0,1
796,408,724,1,1,0
797,970,176,0,1,0
798,940,513,0,1,0
799,911,469,0,1,0
800,480,457,1,0,0
801,240,174,0,1,0
802,366,280,0,1,0
803,283,141,0,1,0
804,501,7,0,1,0
805,807,261,1,0,0
806,882,402,0,1,0
807,415,121,1,0,1
808,853,591,0,1,0
809,3,242,0,1,0
810,857,606,0,1,0
811,653,441,0,1,0
812,905,647,0,1,0
813,132,628,1,0,1
814,823,10,0,1,0
815,535,368,0,1,0
816,533,150,0,1,0
817,365,877,0,1,0
818,742,494,1,0,1
819,794,925,0,1,0
820,160,719,0,1,0
821,517,73,0,1,0
822,263,641,0,1,0
823,990,839,0,1,0
824,1,640,1,1,0
825,524,789,0,1,0
826,399,7,1,0,0
827,678,899,0,1,0
828,593,919,0,1,0
829,769,459,0,1,0
830,616,664,0,1,0
831,587,598,0,1,0
832,224,431,0,1,0
833,161,5,0,1,0
834,10,194,1,1,0
835,798,559,0,1,0
836,437,318,1,0,1
837,876,788,0,1,0
838,9,381,1,0,1
839,963,3,0,1,0
840,251,570,0,1,0
841,412,673,0,1,0
842,286,2,0,1,0
843,563,581,1,1,0
844,145,387,1,0,1
845,672,144,0,1,0
846,415,266,0,1,0
847,228,617,0,1,0
848,866,820,0,1,0
849,990,856,0,1,0
850,593,2,0,1,0
851,396,584,0,1,0
852,332,800,1,0,1
853,191,646,0,1,0
854,433,222,0,1,0
855,217,412,0,1,0
856,441,887,0,1,0
857,289,732,1,1,0
858,410,422,0,0,1
859,883,170,0,1,0
860,402,864,0,1,0
861,748,956,0,1,0
862,2,280,0,1,0
863,768,28,1,0,0
864,227,408,0,1,0
865,217,533,1,0,1
866,93,255,0,1,0
867,39,196,0,1,0
868,653,736,0,1,0
869,662,439,0,1,0
870,679,793,1,0,1
871,340,698,0,1,0
872,2,208,0,1,0
873,890,517,0,1,0
874,640,385,0,1,0
875,917,953,0,1,0
876,948,690,0,1,0
877,222,285,0,1,0
878,903,516,0,1,0
879,636,711,1,0,1
880,328,959,0,1,0
881,491,544,1,0,0
882,5,31,1,0,1
883,857,292,0,1,0
884,7,672,0,1,0
885,534,831,0,1,0
886,498,97,0,1,0
887,348,712,0,1,0
888,601,228,0,1,0
889,174,10,1,0,1
890,606,686,0,1,0
891,453,296,0,1,0
892,972,685,1,0,1
893,5,851,1,0,0
894,516,990,0,1,0
895,93,5,1,0,0
896,899,239,0,1,0
897,781,198,1,0,0
898,306,225,0,1,0
899,80,982,1,0,0
900,445,421,1,0,1
901,587,2,0,1,0
902,278,749,1,0,1
903,643,687,0,1,0
904,980,713,0,1,0
905,644,530,0,1,0
906,0,112,1,0,0
907,261,763,1,0,1
908,243,553,0,1,0
909,72,990,1,0,0
910,990,389,1,0,1
911,217,274,0,1,0
912,597,700,0,1,0
913,600,734,0,1,0
914,573,254,0,1,0
915,612,325,0,1,0
916,759,3,0,1,0
917,354,893,1,0,1
918,6,403,1,0,0
919,560,444,0,1,0
920,602,718,0,1,0
921,324,819,1,0,1
922,640,756,0,1,0
923,645,486,1,0,1
924,509,160,0,1,0
925,420,858,0,1,0
926,3,660,0,1,0
927,217,10,0,1,0
928,721,540,0,1,0
929,816,501,1,0,1
930,418,10,1,0,0
931,892,636,0,1,0
932,195,45,0,1,0
933,531,548,1,1,0
934,962,918,0,1,0
935,183,122,1,0,1
936,778,4,0,1,0
937,637,263,0,1,0
938,421,470,1,0,0
939,371,526,0,1,0
940,370,961,0,1,0
941,145,310,0,1,0
942,703,186,1,0,1
943,751,208,0,1,0
944,970,35,0,1,0
945,211,415,1,0,1
946,527,880,0,1,0
947,675,827,0,1,0
948,5,908,1,0,0
949,0,458,0,1,0
950,386,609,1,0,1
951,222,643,0,1,0
952,428,1,0,1,0
953,508,708,1,0,1
954,592,530,0,1,0
955,180,1,0,1,0
956,338,174,0,1,0
957,368,243,1,0,1
958,425,232,0,1,0
959,788,686,0,1,0
960,609,931,0,1,0
961,187,619,0,1,0
962,731,990,1,0,1
963,257,354,0,1,0
964,61,6,1,1,0
965,385,131,0,1,0
966,525,275,1,0,1
967,7,793,0,1,0
968,301,305,0,0,1
969,63,10,0,1,0
970,3,673,0,1,0
971,499,637,1,0,0
972,557,160,0,1,0
973,802,766,0,1,0
974,5,719,1,0,0
975,375,414,0,1,0
976,834,713,1,0,1
977,305,618,0,1,0
978,443,173,0,1,0
979,272,795,0,1,0
980,720,399,0,1,0
981,601,890,0,1,0
982,468,257,0,1,0
983,429,490,1,0,0
984,208,436,0,1,0
985,426,319,0,1,0
986,590,0,0,1,0
987,721,1,1,0,1
988,530,277,0,1,0
989,103,652,0,1,0
990,110,583,1,0,1
991,721,140,0,1,0
992,246,53,0,1,0
993,0,24,0,1,0
994,135,156,0,1,0
995,721,879,0,1,0
996,701,648,0,1,0
997,22,78,1,0,1
998,692,642,0,1,0
999,688,534,0,1,0
