Index,x,y,alive,infected,immune
0,785,318,0,1,0
1,28,628,1,0,1
2,945,226,0,0,1
3,528,863,1,0,1
4,876,730,0,1,0
5,433,128,0,1,0
6,440,47,0,1,0
7,984,560,0,1,0
8,305,776,1,0,1
9,875,605,0,1,0
10,414,125,0,1,0
11,658,174,0,1,0
12,545,957,0,1,0
13,71,299,0,1,0
14,843,300,0,1,0
15,91,804,0,1,0
16,519,301,1,0,1
17,789,612,0,1,0
18,977,203,0,1,0
19,607,849,0,1,0
20,960,615,0,1,0
21,339,368,0,1,0
22,480,791,0,1,0
23,258,61,1,0,1
24,202,421,0,1,0
25,8,153,0,1,0
26,795,8,0,1,0
27,682,466,0,1,0
28,130,136,0,1,0
29,512,915,0,1,0
30,690,727,0,1,0
31,561,6,0,1,0
32,759,869,1,0,1
33,944,372,1,0,1
34,242,890,0,1,0
35,281,2,0,1,0
36,629,5,1,0,1
37,904,714,0,1,0
38,40,556,0,1,0
39,420,746,0,1,0
40,173,54,0,1,0
41,694,506,1,0,1
42,501,159,1,0,1
43,115,417,0,1,0
44,439,288,0,1,0
45,190,130,0,1,0
46,542,883,1,0,1
47,745,591,0,1,0
48,712,335,0,1,0
49,401,171,0,1,0
50,494,919,0,1,0
51,910,711,0,1,0
52,107,401,0,1,0
53,134,387,0,1,0
54,282,884,0,1,0
55,580,329,0,0,1
56,714,193,0,1,0
57,534,281,0,1,0
58,159,382,0,1,0
59,990,407,0,1,0
60,227,557,0,1,0
61,594,7,0,1,0
62,347,962,0,1,0
63,169,469,0,1,0
64,5,962,0,1,0
65,986,357,1,0,1
66,64,816,0,1,0
67,779,815,0,1,0
68,612,732,0,1,0
69,681,937,0,1,0
70,596,792,0,1,0
71,751,17,0,1,0
72,586,817,0,1,0
73,613,750,0,1,0
74,335,9,0,1,0
75,990,163,1,0,1
76,143,345,0,1,0
77,420,256,1,0,1
78,342,717,1,0,1
79,916,112,0,1,0
80,103,506,0,1,0
81,809,822,0,1,0
82,195,154,0,1,0
83,222,930,0,1,0
84,357,535,0,1,0
85,190,362,0,1,0
86,386,694,1,0,1
87,834,603,0,1,0
88,559,173,0,1,0
89,641,936,0,1,0
90,317,189,0,1,0
91,232,502,0,1,0
92,269,443,0,1,0
93,478,887,0,1,0
94,654,442,0,1,0
95,184,940,0,1,0
96,721,936,0,1,0
97,607,528,0,1,0
98,73,47,0,1,0
99,652,166,0,1,0
100,225,298,1,1,0
101,813,392,1,0,0
102,685,873,1,0,1
103,1,33,0,0,1
104,650,481,1,0,1
105,562,593,1,0,0
106,870,244,1,0,0
107,624,218,0,1,0
108,888,404,0,1,0
109,817,616,1,1,0
110,351,847,1,0,0
111,4,776,0,1,0
112,749,464,1,1,0
113,861,356,0,1,0
114,574,334,0,1,0
115,878,535,0,1,0
116,114,967,1,0,0
117,706,845,0,1,0
118,413,7,1,0,0
119,169,742,1,0,0
120,679,513,1,1,0
121,860,494,0,1,0
122,9,481,1,0,0
123,681,101,1,0,0
124,302,338,1,0,0
125,849,624,1,0,1
126,808,7,0,1,0
127,643,782,1,0,0
128,213,724,1,0,0
129,531,4,0,1,0
130,411,789,1,0,0
131,7,180,1,0,0
132,931,263,0,1,0
133,64,273,0,1,0
134,665,578,0,1,0
135,300,419,1,1,0
136,222,257,1,1,0
137,570,611,1,0,0
138,675,739,1,1,0
139,588,140,1,0,1
140,9,421,0,1,0
141,607,691,1,0,0
142,513,363,1,0,0
143,772,108,0,1,0
144,397,691,1,0,0
145,200,51,0,1,0
146,535,520,1,0,0
147,431,649,1,0,0
148,702,371,0,1,0
149,298,174,0,1,0
150,93,192,1,0,1
151,643,384,1,1,0
152,376,401,1,1,0
153,359,347,1,1,0
154,7,901,1,0,0
155,110,136,0,1,0
156,584,547,1,0,0
157,150,294,0,1,0
158,377,714,1,0,0
159,858,593,0,1,0
160,804,724,0,1,0
161,124,575,1,1,0
162,736,777,1,0,0
163,616,186,0,1,0
164,71,540,0,1,0
165,539,841,0,1,0
166,875,251,1,0,0
167,290,212,0,1,0
168,238,7,1,0,0
169,863,946,1,0,0
170,527,704,1,0,0
171,928,535,0,1,0
172,152,230,1,0,0
173,7,926,1,0,0
174,79,856,1,0,0
175,56,85,1,0,0
176,599,390,0,1,0
177,373,433,0,1,0
178,376,631,1,1,0
179,709,4,1,1,0
180,550,103,1,1,0
181,966,609,0,1,0
182,423,928,1,0,0
183,773,233,1,0,0
184,317,297,1,0,0
185,539,80,1,0,0
186,814,381,1,0,1
187,678,486,0,1,0
188,415,955,1,0,0
189,844,87,1,0,0
190,955,545,1,0,0
191,940,972,1,0,0
192,949,228,0,1,0
193,499,250,0,1,0
194,977,533,0,1,0
195,501,266,0,1,0
196,4,676,1,0,1
197,983,932,1,0,0
198,761,886,1,0,0
199,817,605,0,1,0
200,543,599,1,0,0
201,165,782,1,0,0
202,286,851,0,1,0
203,947,5,1,0,0
204,38,745,1,0,0
205,649,937,0,1,0
206,234,334,1,0,0
207,770,313,1,1,0
208,271,587,1,0,0
209,778,98,1,1,0
210,233,990,1,0,0
211,721,774,1,0,0
212,90,604,0,1,0
213,612,781,0,1,0
214,990,506,1,0,0
215,520,769,1,0,0
216,283,57,0,1,0
217,348,244,0,1,0
218,637,419,0,1,0
219,309,10,1,0,0
220,7,785,1,1,0
221,774,144,0,1,0
222,8,550,1,0,0
223,350,176,0,1,0
224,280,450,0,1,0
225,645,652,1,0,0
226,396,547,1,0,0
227,533,653,1,0,0
228,938,725,0,1,0
229,434,352,1,0,0
230,276,172,1,1,0
231,935,166,1,0,0
232,812,124,1,0,0
233,240,755,1,0,0
234,378,627,0,1,0
235,650,501,0,1,0
236,341,878,1,0,0
237,308,9,1,0,0
238,500,403,1,0,0
239,229,906,0,1,0
240,244,101,0,0,1
241,281,883,0,1,0
242,333,238,0,1,0
243,212,302,1,0,1
244,264,899,0,1,0
245,857,607,1,0,1
246,727,131,1,1,0
247,544,844,0,1,0
248,321,4,0,1,0
249,696,827,0,1,0
250,850,569,0,1,0
251,867,696,1,0,1
252,719,705,0,1,0
253,593,41,1,0,0
254,163,249,1,0,0
255,109,467,0,1,0
256,636,372,1,0,0
257,724,589,0,1,0
258,562,555,1,0,0
259,784,821,1,1,0
260,854,516,0,1,0
261,482,548,1,0,0
262,6,515,0,1,0
263,956,630,0,1,0
264,90,617,0,1,0
265,171,354,1,1,0
266,82,895,1,0,0
267,280,53,1,1,0
268,751,145,0,1,0
269,892,4,1,0,0
270,816,686,1,1,0
271,743,221,1,0,0
272,849,962,1,0,1
273,523,695,1,0,0
274,159,440,1,0,1
275,167,911,0,1,0
276,452,47,0,0,1
277,614,648,1,0,0
278,520,534,1,0,0
279,384,2,1,0,0
280,219,264,1,1,0
281,184,720,1,0,0
282,505,687,1,0,0
283,952,878,1,0,0
284,781,750,1,1,0
285,821,4,1,0,0
286,879,949,1,0,1
287,9,39,0,1,0
288,3,695,1,0,0
289,206,717,1,0,0
290,549,364,1,1,0
291,904,100,1,1,0
292,55,853,1,0,0
293,6,244,1,0,0
294,39,860,1,0,0
295,226,661,1,0,0
296,207,705,1,0,0
297,368,172,0,1,0
298,719,737,0,1,0
299,68,281,1,1,0
300,450,758,1,1,0
301,690,574,1,1,0
302,115,175,0,0,1
303,2,498,0,1,0
304,584,263,0,1,0
305,942,0,1,0,0
306,742,141,0,1,0
307,610,273,1,0,1
308,838,10,1,0,0
309,483,321,1,0,1
310,931,337,1,0,0
311,724,465,1,1,0
312,199,761,1,1,0
313,352,4,1,0,0
314,6,244,1,0,0
315,890,694,0,1,0
316,4,790,0,1,0
317,773,736,0,0,1
318,553,701,1,0,0
319,61,990,1,0,0
320,645,857,1,0,0
321,790,633,1,0,1
322,821,726,0,1,0
323,767,628,1,0,1
324,8,503,0,1,0
325,635,805,0,1,0
326,361,109,1,0,0
327,864,478,1,0,0
328,141,473,1,1,0
329,165,456,1,1,0
330,681,784,1,0,0
331,0,150,0,1,0
332,694,926,0,1,0
333,211,904,0,1,0
334,254,432,1,1,0
335,816,708,0,1,0
336,829,302,1,1,0
337,448,87,0,1,0
338,758,2,0,1,0
339,2,707,1,0,0
340,867,614,0,1,0
341,798,687,1,0,0
342,493,662,1,0,0
343,557,3,0,1,0
344,981,955,1,0,0
345,473,582,1,0,0
346,210,279,1,1,0
347,312,479,0,1,0
348,273,447,0,1,0
349,785,165,1,0,0
350,81,815,1,1,0
351,552,281,1,0,1
352,431,870,1,0,0
353,792,739,1,0,0
354,898,904,1,1,0
355,63,770,1,1,0
356,131,694,1,0,0
357,97,433,0,1,0
358,561,642,1,0,0
359,613,950,0,1,0
360,319,406,0,1,0
361,5,816,1,0,0
362,713,4,0,1,0
363,667,364,1,1,0
364,836,902,1,1,0
365,831,833,0,1,0
366,323,122,0,1,0
367,433,694,1,0,0
368,239,418,1,1,0
369,142,494,1,0,1
370,665,884,0,1,0
371,8,886,1,0,0
372,724,558,1,0,1
373,369,932,0,1,0
374,860,856,0,1,0
375,482,155,0,1,0
376,151,790,1,0,0
377,499,826,0,1,0
378,499,640,1,0,0
379,130,786,1,0,0
380,778,366,0,1,0
381,814,688,1,0,1
382,770,397,0,1,0
383,462,10,1,0,0
384,861,166,1,0,0
385,438,1,1,1,0
386,889,751,0,1,0
387,274,126,1,0,0
388,751,4,0,1,0
389,399,143,1,0,1
390,4,21,0,1,0
391,71,895,1,0,0
392,193,107,0,1,0
393,264,847,0,1,0
394,748,554,0,1,0
395,257,4,1,0,0
396,70,488,1,0,0
397,942,830,1,0,0
398,195,160,0,1,0
399,684,67,1,0,0
400,528,403,1,0,0
401,724,573,0,0,1
402,291,477,1,1,0
403,303,70,1,1,0
404,265,629,1,0,0
405,891,188,1,0,0
406,788,478,1,1,0
407,312,499,0,1,0
408,0,755,1,0,0
409,600,106,1,0,0
410,259,692,1,0,1
411,447,10,1,1,0
412,498,343,1,0,0
413,727,857,0,1,0
414,255,782,0,1,0
415,488,203,1,1,0
416,116,554,0,1,0
417,480,913,0,1,0
418,293,869,0,1,0
419,381,306,1,1,0
420,721,470,1,0,0
421,847,757,0,1,0
422,26,679,1,1,0
423,377,84,1,1,0
424,121,315,0,1,0
425,138,362,0,1,0
426,37,801,0,1,0
427,362,594,1,0,0
428,980,1,1,0,0
429,586,984,0,1,0
430,327,97,1,0,0
431,571,700,1,0,0
432,915,289,1,0,0
433,848,463,1,0,0
434,398,768,1,0,0
435,824,410,1,0,0
436,488,10,1,0,0
437,831,644,0,1,0
438,491,586,1,0,0
439,861,210,1,0,0
440,294,63,0,1,0
441,752,539,1,0,1
442,437,483,1,0,0
443,254,317,1,0,0
444,178,228,1,0,0
445,272,449,1,1,0
446,819,691,0,1,0
447,438,926,0,1,0
448,699,103,1,0,0
449,102,257,1,0,0
450,922,323,1,1,0
451,304,973,0,1,0
452,949,111,1,1,0
453,198,716,1,0,0
454,569,680,1,0,0
455,597,301,0,1,0
456,990,900,1,0,0
457,631,337,0,1,0
458,333,752,0,1,0
459,10,840,1,0,0
460,978,5,1,0,0
461,389,476,1,0,0
462,597,562,1,0,1
463,819,425,1,0,0
464,573,842,0,1,0
465,816,537,0,1,0
466,292,151,1,0,0
467,475,417,1,0,0
468,27,8,1,0,1
469,673,369,0,1,0
470,689,6,0,1,0
471,31,518,0,1,0
472,854,1,1,0,0
473,9,564,1,0,0
474,257,119,0,0,1
475,336,7,1,0,1
476,350,391,1,0,0
477,492,500,1,0,0
478,379,891,1,0,1
479,824,251,1,0,0
480,871,440,1,0,0
481,304,264,1,1,0
482,223,863,1,0,1
483,486,904,0,1,0
484,952,723,0,1,0
485,642,603,0,1,0
486,308,433,0,1,0
487,125,642,1,1,0
488,352,803,1,0,0
489,564,335,1,0,1
490,899,858,1,0,1
491,362,290,0,1,0
492,990,15,1,0,0
493,784,107,1,0,0
494,594,254,0,1,0
495,124,614,0,1,0
496,102,97,1,0,0
497,610,483,0,1,0
498,162,742,1,0,0
499,941,246,1,0,1
500,325,231,1,1,0
501,120,937,1,0,0
502,567,8,0,1,0
503,754,4,0,1,0
504,255,329,1,0,0
505,663,466,1,0,1
506,760,739,1,1,0
507,618,333,0,1,0
508,435,105,0,1,0
509,105,632,0,1,0
510,553,4,1,0,1
511,880,527,0,1,0
512,928,204,1,0,0
513,109,695,1,0,0
514,639,164,0,1,0
515,134,107,0,1,0
516,834,433,1,0,0
517,590,115,0,1,0
518,602,260,0,1,0
519,416,133,0,1,0
520,794,647,0,1,0
521,880,129,1,0,0
522,344,621,1,1,0
523,479,686,1,0,0
524,849,877,0,1,0
525,581,393,1,0,0
526,4,37,0,1,0
527,433,389,1,0,0
528,754,0,0,1,0
529,328,530,1,0,1
530,922,615,1,0,1
531,478,736,1,0,0
532,114,902,0,1,0
533,128,185,0,1,0
534,846,447,1,0,0
535,241,882,0,1,0
536,848,660,0,1,0
537,388,598,1,0,0
538,422,98,1,0,0
539,557,355,1,1,0
540,520,662,1,0,0
541,555,661,1,0,0
542,680,460,1,1,0
543,958,79,1,0,0
544,337,254,1,0,0
545,63,957,1,0,0
546,130,389,0,1,0
547,438,435,1,0,0
548,70,730,1,0,0
549,627,526,0,1,0
550,787,410,0,1,0
551,216,954,1,0,0
552,890,320,1,0,1
553,387,823,1,0,0
554,479,721,1,0,0
555,165,855,1,1,0
556,331,647,1,1,0
557,317,965,0,1,0
558,826,598,1,0,1
559,768,490,0,1,0
560,743,641,1,0,0
561,640,717,0,1,0
562,862,620,0,1,0
563,393,903,0,1,0
564,3,142,1,0,1
565,238,719,1,0,0
566,225,124,0,1,0
567,261,348,1,0,0
568,741,121,0,1,0
569,159,948,1,0,0
570,810,607,1,0,1
571,277,644,1,0,0
572,535,269,0,1,0
573,234,622,1,0,0
574,891,458,1,0,0
575,512,181,0,1,0
576,110,873,1,0,0
577,329,842,1,0,0
578,209,171,1,0,0
579,736,145,0,1,0
580,195,789,1,0,0
581,9,370,1,0,0
582,363,339,1,0,0
583,509,932,0,1,0
584,240,162,1,1,0
585,164,559,1,0,0
586,813,270,1,0,0
587,801,3,0,1,0
588,186,499,1,0,0
589,578,744,1,0,0
590,552,363,0,1,0
591,813,406,1,0,0
592,816,877,0,1,0
593,272,713,1,1,0
594,769,594,0,1,0
595,538,910,1,0,1
596,294,846,0,1,0
597,759,523,1,1,0
598,150,258,1,0,0
599,131,445,0,1,0
600,920,253,0,1,0
601,771,786,0,1,0
602,744,524,0,1,0
603,4,429,0,1,0
604,587,105,0,1,0
605,378,427,0,1,0
606,810,979,1,1,0
607,155,328,0,1,0
608,573,637,1,0,0
609,274,342,1,0,0
610,762,876,1,0,0
611,385,237,1,0,0
612,251,870,0,1,0
613,67,525,0,1,0
614,629,810,1,1,0
615,507,2,0,1,0
616,945,761,1,0,0
617,709,577,0,1,0
618,462,226,0,1,0
619,660,235,0,1,0
620,958,101,0,1,0
621,495,360,1,0,0
622,539,6,0,1,0
623,167,311,1,1,0
624,738,375,1,1,0
625,275,521,1,0,0
626,5,20,0,1,0
627,141,308,0,1,0
628,833,2,1,0,0
629,655,749,0,1,0
630,747,480,0,1,0
631,916,977,1,0,0
632,966,814,1,0,0
633,210,316,0,1,0
634,895,267,1,1,0
635,464,928,0,1,0
636,795,866,0,1,0
637,139,445,0,1,0
638,363,494,1,0,0
639,622,366,1,1,0
640,126,764,1,0,0
641,975,603,0,1,0
642,4,967,0,1,0
643,889,595,0,1,0
644,437,260,0,1,0
645,77,205,0,1,0
646,560,262,1,0,0
647,4,644,0,1,0
648,64,324,0,1,0
649,683,436,0,1,0
650,954,990,1,0,0
651,806,323,1,1,0
652,225,418,1,1,0
653,219,2,1,0,0
654,7,824,1,0,0
655,508,9,0,1,0
656,465,431,1,0,0
657,596,207,0,1,0
658,297,737,0,1,0
659,218,46,1,0,0
660,321,86,1,1,0
661,343,646,1,1,0
662,361,54,1,0,0
663,734,447,0,1,0
664,99,710,1,0,0
665,244,551,1,1,0
666,137,407,0,1,0
667,620,146,1,0,0
668,894,641,0,1,0
669,921,1,1,0,0
670,171,295,0,1,0
671,775,708,1,0,0
672,893,699,0,1,0
673,812,296,1,0,1
674,695,261,0,1,0
675,617,572,1,0,0
676,796,791,1,0,0
677,918,913,1,0,0
678,436,387,1,0,0
679,0,147,0,1,0
680,556,488,1,0,0
681,489,6,1,0,0
682,197,656,1,0,0
683,60,617,0,1,0
684,198,99,0,1,0
685,365,130,1,0,1
686,905,111,0,1,0
687,827,476,1,1,0
688,590,769,0,1,0
689,796,693,1,1,0
690,606,603,1,0,0
691,287,710,0,1,0
692,777,764,0,1,0
693,538,887,0,1,0
694,743,298,1,0,0
695,620,431,0,1,0
696,830,399,1,0,1
697,566,360,0,1,0
698,240,448,1,1,0
699,169,749,1,0,0
700,715,303,1,0,0
701,48,930,1,0,0
702,541,415,1,0,0
703,397,8,1,0,0
704,347,893,0,1,0
705,4,645,1,1,0
706,554,928,1,0,1
707,495,714,1,0,0
708,843,276,0,1,0
709,536,10,1,1,0
710,653,205,0,1,0
711,440,570,1,0,0
712,3,579,1,0,0
713,877,875,0,1,0
714,870,426,1,0,0
715,582,1,0,1,0
716,90,757,1,0,0
717,771,711,1,0,0
718,379,420,1,1,0
719,602,904,0,1,0
720,350,426,1,0,0
721,807,115,1,0,0
722,941,168,1,0,0
723,873,908,0,1,0
724,71,815,0,1,0
725,541,192,1,1,0
726,367,450,1,1,0
727,1,951,1,0,0
728,428,770,1,1,0
729,4,523,0,1,0
730,168,225,1,0,0
731,102,700,1,0,0
732,529,869,1,0,1
733,368,172,1,0,1
734,0,268,1,0,0
735,254,544,0,1,0
736,534,496,1,0,0
737,199,9,1,0,0
738,64,856,1,0,0
739,136,703,1,0,0
740,62,155,0,1,0
741,937,6,1,0,0
742,706,844,0,1,0
743,307,666,1,1,0
744,875,593,0,1,0
745,418,820,1,0,1
746,147,323,1,1,0
747,4,520,1,1,0
748,451,628,1,0,0
749,924,157,1,0,0
750,990,874,1,0,0
751,879,66,1,0,0
752,304,449,1,0,1
753,6,945,1,0,0
754,565,232,0,1,0
755,484,497,1,0,0
756,869,492,0,1,0
757,889,803,0,1,0
758,500,792,1,1,0
759,2,160,1,0,1
760,622,207,0,1,0
761,540,930,0,1,0
762,638,571,0,1,0
763,868,477,1,0,0
764,334,6,0,1,0
765,438,736,1,0,0
766,733,445,1,1,0
767,182,686,1,0,0
768,946,9,1,0,0
769,351,10,1,0,0
770,339,145,1,0,1
771,302,513,0,1,0
772,842,712,0,1,0
773,872,606,0,1,0
774,861,545,0,1,0
775,593,739,0,1,0
776,851,358,1,1,0
777,202,94,0,1,0
778,932,666,1,0,0
779,118,9,1,0,0
780,219,821,0,1,0
781,681,549,0,1,0
782,359,82,1,0,0
783,191,268,1,0,0
784,299,945,1,1,0
785,783,85,1,1,0
786,897,69,1,0,0
787,607,816,0,1,0
788,10,911,1,0,0
789,69,950,1,0,0
790,547,120,0,1,0
791,202,604,0,1,0
792,0,983,1,0,0
793,29,708,0,1,0
794,251,603,0,1,0
795,948,698,1,0,1
796,443,661,1,0,0
797,923,339,1,0,0
798,851,574,0,1,0
799,836,430,1,0,0
800,495,485,1,0,0
801,276,219,1,0,0
802,383,285,0,1,0
803,282,172,0,1,0
804,501,3,0,1,0
805,766,236,1,0,0
806,942,388,0,1,0
807,404,118,1,0,1
808,795,604,1,1,0
809,944,244,0,1,0
810,832,625,0,1,0
811,658,437,1,1,0
812,881,619,0,1,0
813,221,638,1,0,0
814,823,10,1,0,0
815,532,398,1,0,0
816,524,180,0,1,0
817,389,807,1,0,0
818,708,532,1,0,1
819,861,901,0,1,0
820,122,699,1,0,0
821,543,62,0,1,0
822,309,629,0,1,0
823,927,868,1,1,0
824,100,681,1,0,0
825,571,766,1,0,0
826,401,17,1,0,0
827,618,887,0,1,0
828,578,929,0,1,0
829,775,474,0,1,0
830,549,689,1,0,0
831,587,600,1,0,0
832,222,391,0,1,0
833,161,6,0,1,0
834,10,194,1,0,0
835,773,443,0,1,0
836,455,275,1,1,0
837,928,776,1,0,0
838,101,379,1,0,1
839,906,956,1,0,0
840,225,541,0,1,0
841,372,677,1,0,0
842,296,971,0,1,0
843,504,598,1,0,0
844,158,371,1,0,1
845,680,165,0,1,0
846,425,276,0,1,0
847,227,721,1,0,0
848,857,783,0,1,0
849,908,855,1,1,0
850,593,2,1,1,0
851,365,586,1,0,0
852,244,832,1,0,1
853,131,671,0,1,0
854,471,209,0,1,0
855,264,433,0,1,0
856,417,862,0,1,0
857,315,764,1,0,0
858,411,420,1,0,0
859,955,109,0,1,0
860,405,907,0,1,0
861,779,906,0,1,0
862,8,280,1,0,0
863,768,68,1,0,0
864,191,329,1,1,0
865,249,528,1,0,1
866,100,227,1,0,0
867,53,204,0,1,0
868,750,666,1,1,0
869,597,402,0,1,0
870,673,848,1,1,0
871,312,728,0,1,0
872,127,259,1,0,0
873,899,394,1,1,0
874,724,371,0,1,0
875,958,942,1,0,0
876,908,727,0,1,0
877,248,307,1,0,0
878,936,548,1,0,0
879,587,742,1,0,0
880,341,940,0,1,0
881,489,478,1,0,0
882,1,31,1,0,1
883,835,343,0,1,0
884,1,672,0,1,0
885,541,837,0,1,0
886,504,207,0,1,0
887,358,717,0,1,0
888,561,212,0,1,0
889,132,50,1,1,0
890,615,700,0,1,0
891,453,314,0,1,0
892,905,691,1,1,0
893,30,816,1,0,0
894,477,979,1,0,0
895,93,8,1,0,0
896,887,290,1,0,0
897,737,218,1,0,0
898,340,222,0,1,0
899,120,937,1,0,0
900,485,371,1,0,0
901,587,7,0,1,0
902,313,703,1,1,0
903,683,669,1,0,0
904,914,687,0,1,0
905,664,518,0,1,0
906,4,112,1,0,0
907,238,782,1,1,0
908,161,596,0,1,0
909,122,969,1,0,0
910,990,389,1,0,1
911,224,227,0,1,0
912,587,698,0,1,0
913,659,706,0,1,0
914,541,190,0,1,0
915,613,402,0,1,0
916,804,958,0,1,0
917,376,880,1,1,0
918,9,403,1,0,0
919,527,376,1,0,0
920,596,627,1,0,0
921,337,882,1,0,1
922,559,829,0,1,0
923,677,406,1,0,1
924,591,149,1,0,0
925,411,839,0,1,0
926,947,627,0,1,0
927,217,10,1,0,0
928,662,514,0,1,0
929,869,499,1,1,0
930,414,31,1,0,0
931,922,639,1,1,0
932,176,84,0,1,0
933,530,569,1,0,0
934,947,888,1,0,0
935,170,97,1,0,1
936,778,8,0,1,0
937,684,326,1,0,0
938,487,492,1,0,0
939,438,511,1,0,0
940,403,868,0,1,0
941,106,340,0,1,0
942,671,173,1,0,1
943,667,161,0,1,0
944,886,41,1,0,0
945,170,405,1,1,0
946,534,883,0,1,0
947,612,853,0,1,0
948,4,908,1,0,0
949,908,514,0,1,0
950,342,612,1,1,0
951,223,587,1,1,0
952,428,2,0,1,0
953,506,637,1,0,0
954,599,509,0,1,0
955,194,33,1,0,0
956,294,230,0,1,0
957,420,222,1,0,0
958,448,271,0,1,0
959,776,662,0,1,0
960,657,936,0,1,0
961,259,664,1,1,0
962,731,990,1,0,1
963,263,385,0,1,0
964,61,2,1,0,0
965,358,152,1,1,0
966,525,199,1,1,0
967,4,793,0,1,0
968,204,283,1,1,0
969,138,54,0,1,0
970,2,673,0,1,0
971,446,553,1,0,0
972,502,210,0,1,0
973,751,796,0,1,0
974,1,719,1,0,0
975,394,457,1,0,0
976,793,683,1,0,1
977,352,625,0,1,0
978,530,154,0,1,0
979,241,812,0,1,0
980,766,370,0,1,0
981,629,899,1,1,0
982,490,235,0,1,0
983,459,438,1,0,0
984,245,417,0,1,0
985,421,270,0,1,0
986,645,938,0,1,0
987,721,8,1,1,0
988,517,314,0,1,0
989,130,654,1,1,0
990,71,568,1,0,1
991,646,139,0,1,0
992,240,89,0,1,0
993,3,24,0,1,0
994,189,202,0,1,0
995,707,919,0,1,0
996,609,628,1,0,0
997,90,167,1,0,1
998,713,589,1,0,0
999,720,553,0,1,0
