Index,x,y,alive,infected,immune
0,799,275,0,1,0
1,25,656,1,0,1
2,970,221,0,0,1
3,513,850,1,0,1
4,888,756,0,1,0
5,428,117,0,1,0
6,441,62,0,1,0
7,6,559,0,1,0
8,291,794,1,0,1
9,867,567,0,1,0
10,428,122,0,1,0
11,631,152,0,1,0
12,524,963,0,1,0
13,79,303,0,1,0
14,841,276,0,1,0
15,86,774,0,1,0
16,506,309,1,0,1
17,770,638,0,1,0
18,965,201,0,1,0
19,592,836,0,1,0
20,955,618,0,1,0
21,323,377,0,1,0
22,433,828,0,1,0
23,253,72,1,0,1
24,223,423,0,1,0
25,8,153,0,1,0
26,795,0,0,1,0
27,680,443,0,1,0
28,93,115,0,1,0
29,487,879,0,1,0
30,706,740,0,1,0
31,561,6,0,1,0
32,784,882,1,0,1
33,962,314,1,0,1
34,251,855,0,1,0
35,281,8,0,1,0
36,629,0,1,0,1
37,916,681,0,1,0
38,6,585,0,1,0
39,425,745,0,1,0
40,198,29,0,1,0
41,665,520,1,0,1
42,484,175,1,0,1
43,127,410,0,1,0
44,459,264,0,1,0
45,230,128,0,1,0
46,524,897,1,0,1
47,772,611,0,1,0
48,728,339,0,1,0
49,427,136,0,1,0
50,501,898,0,1,0
51,874,677,0,1,0
52,87,396,0,1,0
53,140,358,0,1,0
54,286,818,0,1,0
55,567,312,0,0,1
56,683,163,0,1,0
57,542,249,0,1,0
58,176,365,0,1,0
59,990,407,0,1,0
60,227,604,0,1,0
61,594,0,0,1,0
62,361,961,0,1,0
63,171,440,0,1,0
64,8,962,0,1,0
65,5,349,1,0,1
66,57,808,0,1,0
67,806,828,0,1,0
68,608,745,0,1,0
69,728,937,0,1,0
70,574,822,0,1,0
71,747,10,0,1,0
72,559,782,0,1,0
73,607,743,0,1,0
74,335,7,0,1,0
75,990,163,1,0,1
76,149,366,0,1,0
77,416,234,1,0,1
78,372,768,1,0,1
79,925,90,0,1,0
80,111,496,0,1,0
81,784,824,0,1,0
82,148,141,0,1,0
83,252,932,0,1,0
84,376,564,0,1,0
85,214,329,0,1,0
86,364,671,1,0,1
87,845,629,0,1,0
88,587,165,0,1,0
89,635,936,0,1,0
90,276,211,0,1,0
91,213,509,0,1,0
92,282,484,0,1,0
93,518,912,0,1,0
94,689,425,0,1,0
95,223,933,0,1,0
96,779,933,0,1,0
97,565,527,0,1,0
98,127,71,0,1,0
99,662,162,0,1,0
100,207,270,0,1,0
101,775,418,1,1,0
102,679,863,1,0,1
103,3,33,0,0,1
104,670,471,1,0,1
105,574,609,1,0,0
106,856,273,1,0,0
107,603,201,0,1,0
108,885,404,0,1,0
109,822,587,0,0,1
110,345,828,1,1,0
111,0,776,0,1,0
112,768,459,0,1,0
113,861,360,0,1,0
114,562,350,0,1,0
115,918,531,0,1,0
116,111,975,1,0,0
117,724,844,0,1,0
118,413,5,1,0,0
119,188,756,1,0,0
120,693,511,1,0,1
121,859,513,0,1,0
122,4,481,1,0,0
123,670,101,1,0,0
124,299,369,0,1,0
125,817,637,1,0,1
126,808,1,0,1,0
127,668,780,0,1,0
128,196,764,1,1,0
129,531,1,0,1,0
130,452,839,0,1,0
131,4,180,1,0,0
132,934,250,0,1,0
133,2,274,0,1,0
134,663,595,0,1,0
135,333,433,0,1,0
136,200,239,0,1,0
137,582,583,1,0,0
138,606,714,1,0,1
139,597,160,1,0,1
140,7,421,0,1,0
141,593,646,1,1,0
142,499,427,1,0,0
143,792,125,0,1,0
144,405,635,0,1,0
145,189,67,0,1,0
146,534,557,1,0,0
147,436,660,1,0,0
148,728,316,0,1,0
149,291,174,0,1,0
150,98,198,1,0,1
151,676,414,0,1,0
152,375,451,1,0,1
153,323,341,0,1,0
154,2,901,1,0,0
155,72,144,0,1,0
156,596,575,1,0,0
157,188,270,0,1,0
158,406,708,1,0,0
159,855,604,0,1,0
160,791,730,0,1,0
161,140,571,0,1,0
162,771,809,0,1,0
163,621,174,0,1,0
164,51,546,0,1,0
165,526,857,0,1,0
166,861,305,0,1,0
167,244,215,0,1,0
168,238,7,0,1,0
169,853,979,1,0,0
170,544,708,1,0,0
171,928,519,0,1,0
172,126,234,1,0,0
173,4,926,1,0,0
174,89,907,1,0,0
175,39,75,1,0,0
176,592,392,0,1,0
177,404,429,0,1,0
178,406,644,0,1,0
179,709,1,0,1,0
180,505,83,0,1,0
181,973,594,0,1,0
182,428,911,0,1,0
183,743,269,1,0,0
184,299,333,1,0,0
185,561,47,1,0,0
186,851,346,1,0,1
187,688,466,0,1,0
188,415,986,1,1,0
189,841,73,1,0,0
190,951,548,0,1,0
191,955,969,0,1,0
192,940,243,0,1,0
193,465,228,0,1,0
194,1,537,0,1,0
195,537,305,0,1,0
196,8,676,1,0,1
197,971,962,1,0,0
198,776,933,0,1,0
199,835,577,0,1,0
200,533,597,1,0,0
201,192,802,1,0,0
202,245,846,0,1,0
203,947,0,1,0,0
204,41,744,1,0,0
205,672,934,0,1,0
206,191,327,1,1,0
207,790,311,0,1,0
208,273,603,0,1,0
209,802,64,1,0,1
210,233,990,1,0,0
211,752,757,1,1,0
212,100,615,0,1,0
213,589,797,0,1,0
214,990,506,1,0,0
215,537,728,1,0,0
216,305,89,0,1,0
217,382,260,0,1,0
218,599,429,0,1,0
219,309,10,1,1,0
220,5,785,0,0,1
221,747,166,0,1,0
222,9,550,0,1,0
223,391,146,0,1,0
224,265,460,0,1,0
225,629,664,0,1,0
226,368,557,1,1,0
227,514,678,1,0,0
228,963,711,0,1,0
229,453,336,1,0,0
230,260,143,0,1,0
231,958,162,1,0,0
232,823,126,1,0,0
233,217,781,0,1,0
234,419,638,0,1,0
235,631,493,0,1,0
236,335,866,0,1,0
237,308,7,0,1,0
238,515,397,1,0,0
239,242,890,0,1,0
240,254,76,0,0,1
241,283,879,0,1,0
242,301,258,0,1,0
243,202,339,1,0,1
244,267,886,0,1,0
245,833,628,1,0,1
246,709,152,1,0,1
247,583,890,0,1,0
248,321,0,0,1,0
249,681,809,0,1,0
250,869,570,0,1,0
251,872,655,1,0,1
252,725,655,0,1,0
253,643,48,1,0,0
254,162,263,1,0,0
255,89,461,0,1,0
256,645,377,1,0,0
257,715,616,0,1,0
258,546,615,1,0,0
259,808,813,1,0,1
260,865,481,0,1,0
261,524,566,1,0,0
262,9,515,0,1,0
263,884,622,0,1,0
264,121,590,0,1,0
265,168,385,0,1,0
266,74,896,1,0,0
267,262,69,0,0,1
268,734,151,0,1,0
269,892,6,1,0,0
270,840,672,1,0,1
271,747,251,1,0,0
272,878,976,1,0,1
273,499,698,1,0,0
274,117,429,1,0,1
275,129,970,0,1,0
276,510,89,0,0,1
277,620,623,1,1,0
278,556,473,1,0,0
279,384,1,1,0,0
280,278,262,0,1,0
281,176,698,0,1,0
282,475,649,1,0,0
283,990,904,1,0,0
284,795,743,0,1,0
285,821,6,1,1,0
286,897,963,1,0,1
287,6,39,0,1,0
288,1,695,0,1,0
289,169,772,1,1,0
290,539,391,0,1,0
291,843,124,1,0,1
292,78,860,1,0,0
293,5,244,1,1,0
294,28,861,1,0,0
295,231,677,0,1,0
296,242,724,1,0,0
297,344,175,0,1,0
298,725,725,0,1,0
299,100,291,1,0,1
300,473,714,1,0,1
301,689,558,1,0,1
302,91,154,0,0,1
303,0,498,0,1,0
304,542,280,0,1,0
305,942,5,1,0,0
306,725,128,0,1,0
307,613,285,1,0,1
308,838,10,1,0,0
309,463,276,1,0,1
310,879,337,0,1,0
311,742,506,0,1,0
312,219,785,0,1,0
313,352,8,1,0,0
314,4,244,1,1,0
315,854,704,0,1,0
316,6,790,0,1,0
317,773,754,0,0,1
318,575,739,1,1,0
319,61,990,1,0,0
320,697,845,0,1,0
321,813,604,1,0,1
322,803,757,0,1,0
323,796,639,1,0,1
324,6,503,0,1,0
325,587,856,0,1,0
326,348,54,0,1,0
327,849,487,0,1,0
328,147,482,0,1,0
329,113,473,0,1,0
330,625,781,1,1,0
331,9,150,0,1,0
332,693,944,0,1,0
333,206,907,0,1,0
334,255,428,0,1,0
335,816,682,0,1,0
336,829,317,0,1,0
337,418,98,0,1,0
338,758,6,0,1,0
339,2,707,1,0,0
340,903,652,0,1,0
341,809,682,0,1,0
342,487,650,1,0,0
343,557,9,0,1,0
344,952,941,1,0,0
345,475,561,1,0,0
346,202,243,1,0,1
347,340,441,0,1,0
348,326,446,0,1,0
349,776,154,1,0,0
350,95,841,1,0,1
351,526,279,1,0,1
352,389,874,0,1,0
353,806,799,0,1,0
354,923,911,0,1,0
355,9,791,1,0,1
356,102,684,0,1,0
357,114,421,0,1,0
358,539,603,1,0,0
359,609,935,0,1,0
360,354,375,0,1,0
361,2,816,1,1,0
362,713,3,0,1,0
363,620,329,1,0,1
364,875,890,0,1,0
365,842,850,0,1,0
366,346,157,0,1,0
367,398,624,0,1,0
368,211,398,0,1,0
369,160,469,1,0,1
370,637,861,0,1,0
371,4,886,1,0,0
372,724,606,1,0,1
373,368,943,0,1,0
374,851,885,0,1,0
375,509,162,0,1,0
376,232,808,1,1,0
377,479,846,0,1,0
378,498,665,1,0,0
379,138,784,1,0,0
380,810,393,0,1,0
381,866,685,1,0,1
382,717,409,0,1,0
383,462,10,1,0,0
384,831,157,1,0,0
385,438,0,1,0,1
386,892,765,0,1,0
387,309,124,1,0,0
388,751,1,0,1,0
389,369,139,1,0,1
390,3,21,0,1,0
391,75,896,1,0,0
392,193,94,0,1,0
393,255,856,0,1,0
394,746,548,0,1,0
395,257,9,1,0,0
396,84,512,0,1,0
397,8,827,1,1,0
398,237,143,0,1,0
399,676,78,1,0,0
400,517,437,1,0,0
401,743,540,0,0,1
402,342,486,0,1,0
403,314,77,0,1,0
404,200,586,0,1,0
405,898,169,1,0,0
406,758,469,0,1,0
407,318,502,0,1,0
408,4,755,1,0,0
409,603,97,0,1,0
410,310,656,1,0,1
411,447,10,1,0,1
412,518,323,1,1,0
413,740,794,0,1,0
414,245,815,0,1,0
415,492,218,1,0,1
416,144,554,0,1,0
417,535,886,0,1,0
418,300,827,0,1,0
419,408,270,0,1,0
420,711,508,0,1,0
421,894,757,0,1,0
422,66,725,1,0,1
423,327,108,1,0,1
424,173,338,0,1,0
425,151,395,0,1,0
426,57,809,0,1,0
427,350,587,1,1,0
428,980,3,1,0,0
429,583,964,0,1,0
430,329,148,0,1,0
431,562,683,0,1,0
432,884,277,1,1,0
433,846,472,1,1,0
434,389,800,1,0,0
435,818,412,0,1,0
436,488,10,1,0,0
437,815,618,0,1,0
438,523,599,1,0,0
439,879,202,1,0,0
440,276,78,0,1,0
441,741,564,1,0,1
442,424,489,1,0,0
443,243,276,0,1,0
444,127,222,1,1,0
445,259,442,0,1,0
446,818,679,0,1,0
447,420,915,0,1,0
448,689,102,1,0,0
449,106,268,1,0,0
450,903,289,0,1,0
451,301,9,0,1,0
452,964,137,1,0,1
453,208,698,1,0,0
454,578,687,1,1,0
455,602,266,0,1,0
456,990,900,1,0,0
457,627,366,0,1,0
458,342,769,0,1,0
459,10,840,1,0,0
460,978,9,1,0,0
461,401,448,1,1,0
462,605,561,1,0,1
463,797,483,1,1,0
464,572,820,0,1,0
465,823,513,0,1,0
466,291,176,1,0,0
467,459,419,1,0,0
468,27,8,1,0,1
469,718,415,0,1,0
470,689,7,0,1,0
471,8,530,0,1,0
472,854,0,1,0,0
473,9,564,1,1,0
474,258,93,0,0,1
475,336,1,1,0,1
476,370,374,0,1,0
477,479,496,1,0,0
478,396,886,1,0,1
479,795,231,1,0,0
480,839,438,0,1,0
481,272,261,1,0,1
482,246,813,1,0,1
483,531,916,0,1,0
484,936,756,0,1,0
485,627,615,0,1,0
486,339,459,0,1,0
487,154,615,0,0,1
488,362,814,1,0,0
489,602,367,1,0,1
490,894,827,1,0,1
491,383,334,0,1,0
492,990,15,1,0,0
493,773,122,0,1,0
494,554,254,0,1,0
495,117,583,0,1,0
496,135,133,1,1,0
497,611,465,0,1,0
498,107,738,1,0,0
499,933,248,1,0,1
500,302,227,1,0,1
501,119,960,1,0,0
502,567,3,0,1,0
503,754,9,0,1,0
504,234,350,1,1,0
505,643,457,1,0,1
506,720,712,1,0,1
507,612,363,0,1,0
508,380,102,0,1,0
509,106,620,0,1,0
510,553,1,1,0,1
511,886,568,0,1,0
512,892,218,1,0,0
513,87,662,1,1,0
514,667,191,0,1,0
515,94,95,0,1,0
516,827,398,1,1,0
517,611,129,0,1,0
518,653,251,0,1,0
519,395,84,0,1,0
520,737,664,0,1,0
521,893,100,0,1,0
522,298,592,1,0,1
523,484,708,1,0,0
524,838,870,0,1,0
525,602,431,1,1,0
526,7,37,0,1,0
527,444,404,1,1,0
528,754,5,0,1,0
529,328,545,1,0,1
530,916,578,1,0,1
531,478,704,1,0,0
532,141,906,0,1,0
533,66,200,0,1,0
534,847,437,0,1,0
535,217,896,0,1,0
536,889,658,0,1,0
537,374,575,1,1,0
538,412,137,0,1,0
539,585,353,1,0,1
540,545,681,1,0,0
541,532,680,1,0,0
542,658,504,0,1,0
543,1,46,1,1,0
544,350,288,1,0,0
545,52,4,1,0,0
546,127,418,0,1,0
547,436,421,1,0,0
548,66,739,1,0,0
549,605,551,0,1,0
550,778,370,0,1,0
551,249,960,1,0,0
552,906,303,1,0,1
553,404,847,1,0,0
554,496,736,1,0,0
555,141,870,0,1,0
556,339,619,0,1,0
557,299,1,0,1,0
558,855,578,1,0,1
559,734,517,0,1,0
560,754,662,1,1,0
561,733,747,0,1,0
562,864,626,0,1,0
563,446,984,0,1,0
564,4,142,1,0,1
565,222,706,1,0,0
566,215,96,0,1,0
567,272,347,1,1,0
568,757,104,0,1,0
569,146,951,0,1,0
570,798,631,1,0,1
571,293,620,1,0,0
572,534,262,0,1,0
573,221,530,1,1,0
574,902,506,0,1,0
575,489,170,0,1,0
576,66,908,1,0,0
577,331,856,1,1,0
578,137,193,0,1,0
579,757,142,0,1,0
580,211,813,1,0,0
581,0,370,1,0,0
582,362,309,0,1,0
583,514,904,0,1,0
584,287,216,1,0,1
585,150,564,0,1,0
586,799,356,0,1,0
587,801,6,0,1,0
588,230,549,0,1,0
589,531,754,0,1,0
590,502,323,0,1,0
591,808,368,1,1,0
592,843,858,0,1,0
593,258,678,0,1,0
594,734,594,0,1,0
595,524,921,1,0,1
596,310,846,0,1,0
597,754,571,0,1,0
598,131,316,0,1,0
599,130,392,0,1,0
600,918,266,0,1,0
601,745,788,0,1,0
602,769,480,0,1,0
603,2,429,0,1,0
604,538,70,0,1,0
605,388,414,0,1,0
606,811,4,1,0,1
607,137,316,0,1,0
608,565,663,1,0,0
609,320,358,1,1,0
610,791,907,0,1,0
611,409,247,1,0,0
612,299,858,0,1,0
613,97,531,0,1,0
614,634,740,1,0,1
615,507,7,0,1,0
616,932,773,1,0,0
617,728,590,0,1,0
618,468,212,0,1,0
619,675,213,0,1,0
620,997,76,0,1,0
621,524,322,0,1,0
622,539,9,0,1,0
623,147,328,0,1,0
624,701,393,1,0,1
625,282,517,1,0,0
626,5,20,0,1,0
627,176,330,0,1,0
628,833,2,1,0,0
629,662,694,0,1,0
630,748,495,0,1,0
631,888,958,1,0,0
632,990,792,1,0,0
633,217,303,0,1,0
634,893,281,0,1,0
635,484,879,0,1,0
636,804,884,0,1,0
637,147,480,0,1,0
638,364,519,1,0,0
639,650,373,1,0,1
640,135,720,1,1,0
641,1,586,0,1,0
642,5,967,0,1,0
643,921,554,0,1,0
644,451,261,0,1,0
645,101,176,0,1,0
646,583,227,0,1,0
647,0,644,0,1,0
648,70,310,0,1,0
649,709,416,0,1,0
650,954,990,1,0,0
651,808,339,0,1,0
652,266,420,0,1,0
653,219,1,1,0,0
654,6,824,1,1,0
655,508,8,0,1,0
656,421,405,0,1,0
657,600,210,0,1,0
658,271,695,0,1,0
659,254,35,1,1,0
660,296,111,1,0,1
661,341,604,1,0,1
662,320,48,1,0,0
663,731,428,0,1,0
664,97,640,0,1,0
665,220,543,0,1,0
666,78,411,0,1,0
667,583,142,0,1,0
668,938,628,0,1,0
669,921,7,1,0,0
670,217,324,0,1,0
671,801,713,0,1,0
672,878,668,0,1,0
673,827,302,1,0,1
674,687,263,0,1,0
675,606,571,1,0,0
676,854,848,1,1,0
677,860,907,0,1,0
678,475,394,1,0,0
679,6,147,0,1,0
680,556,486,1,0,0
681,489,5,1,0,0
682,200,717,1,0,0
683,44,592,0,1,0
684,183,69,0,1,0
685,362,148,1,0,1
686,903,117,0,1,0
687,796,536,1,0,1
688,549,779,0,1,0
689,799,733,1,0,1
690,608,604,1,0,0
691,275,742,0,1,0
692,825,754,0,1,0
693,520,881,0,1,0
694,741,258,1,0,0
695,651,405,0,1,0
696,769,392,1,0,1
697,580,340,0,1,0
698,201,449,1,0,1
699,147,730,1,1,0
700,773,284,1,1,0
701,93,926,1,0,0
702,535,411,0,1,0
703,397,2,1,0,0
704,299,856,0,1,0
705,7,645,0,1,0
706,569,957,1,0,1
707,510,665,1,0,0
708,857,272,0,1,0
709,536,10,0,1,0
710,676,175,0,1,0
711,448,610,1,0,0
712,2,579,1,1,0
713,889,846,0,1,0
714,867,418,1,1,0
715,582,0,0,1,0
716,58,816,1,1,0
717,750,711,1,1,0
718,390,377,1,0,1
719,619,883,0,1,0
720,393,417,0,1,0
721,818,88,1,0,0
722,973,149,1,0,0
723,909,921,0,1,0
724,98,823,0,1,0
725,539,189,0,1,0
726,366,485,0,1,0
727,8,951,1,0,0
728,471,793,0,0,1
729,3,523,0,1,0
730,184,218,1,0,0
731,133,713,1,1,0
732,501,844,1,0,1
733,431,132,1,0,1
734,6,268,0,1,0
735,224,568,0,1,0
736,532,498,1,0,0
737,199,7,1,0,0
738,80,814,1,0,0
739,130,712,0,1,0
740,82,151,0,1,0
741,937,1,1,0,0
742,717,833,0,1,0
743,344,617,0,1,0
744,862,596,0,1,0
745,458,843,1,0,1
746,185,326,1,0,1
747,2,520,1,0,1
748,482,647,1,0,0
749,922,150,1,0,0
750,990,874,1,0,0
751,898,87,1,1,0
752,319,446,1,0,1
753,1,945,1,0,0
754,498,262,0,1,0
755,495,523,1,0,0
756,866,532,0,1,0
757,891,801,0,1,0
758,477,801,0,1,0
759,0,160,1,0,1
760,629,213,0,1,0
761,536,956,0,1,0
762,630,537,0,1,0
763,814,532,0,1,0
764,334,8,0,1,0
765,370,761,1,1,0
766,717,442,0,1,0
767,236,693,1,0,0
768,946,2,1,0,0
769,351,10,1,0,0
770,356,141,1,0,1
771,330,512,0,1,0
772,845,692,0,1,0
773,862,614,0,1,0
774,863,512,0,1,0
775,583,719,0,1,0
776,847,321,1,0,1
777,179,85,0,1,0
778,940,654,0,1,0
779,118,5,1,0,0
780,222,820,0,1,0
781,656,540,0,1,0
782,383,109,0,1,0
783,225,254,1,1,0
784,249,979,1,0,1
785,754,79,1,0,1
786,917,113,1,1,0
787,612,850,0,1,0
788,10,911,1,0,0
789,66,924,1,0,0
790,548,100,0,1,0
791,197,651,0,1,0
792,3,983,1,0,0
793,9,688,0,1,0
794,238,575,0,1,0
795,936,686,1,0,1
796,414,706,1,0,0
797,937,293,0,1,0
798,903,531,0,1,0
799,847,467,1,1,0
800,489,505,1,0,0
801,252,198,1,0,0
802,408,321,0,1,0
803,275,173,0,1,0
804,501,1,0,1,0
805,757,227,1,0,0
806,911,396,0,1,0
807,420,131,1,0,1
808,815,604,0,1,0
809,6,242,0,1,0
810,839,687,0,1,0
811,678,415,0,1,0
812,876,643,0,1,0
813,184,616,1,1,0
814,823,10,0,1,0
815,521,368,0,1,0
816,546,161,0,1,0
817,377,837,1,0,0
818,696,551,1,0,1
819,816,922,0,1,0
820,147,718,0,1,0
821,529,111,0,1,0
822,272,659,0,1,0
823,990,839,0,1,0
824,68,699,1,0,0
825,540,783,0,1,0
826,399,7,1,0,0
827,600,893,0,1,0
828,614,967,0,1,0
829,719,469,0,1,0
830,555,681,1,1,0
831,582,593,1,0,0
832,227,434,0,1,0
833,161,3,0,1,0
834,10,194,1,0,0
835,770,496,0,1,0
836,445,282,1,0,1
837,904,770,1,0,0
838,52,384,1,0,1
839,953,958,1,0,0
840,221,552,0,1,0
841,403,709,1,0,0
842,277,975,0,1,0
843,560,578,1,0,0
844,149,369,1,0,1
845,695,179,0,1,0
846,441,256,0,1,0
847,201,673,1,0,0
848,864,836,0,1,0
849,978,816,0,1,0
850,593,4,0,1,0
851,397,601,1,1,0
852,277,835,1,0,1
853,165,715,0,1,0
854,471,178,0,1,0
855,235,422,0,1,0
856,424,893,0,1,0
857,321,777,1,0,0
858,395,410,1,1,0
859,959,123,0,1,0
860,404,889,0,1,0
861,801,916,0,1,0
862,5,280,1,1,0
863,768,57,1,0,0
864,167,332,0,1,0
865,272,533,1,0,1
866,72,211,1,0,0
867,89,209,0,1,0
868,694,696,0,1,0
869,642,432,0,1,0
870,680,852,1,0,1
871,327,722,0,1,0
872,86,232,1,0,0
873,915,492,0,1,0
874,704,396,0,1,0
875,902,930,0,1,0
876,933,720,0,1,0
877,205,283,0,1,0
878,947,551,0,1,0
879,600,751,1,1,0
880,368,937,0,1,0
881,483,495,1,0,0
882,1,31,1,0,1
883,861,310,0,1,0
884,9,672,0,1,0
885,544,874,0,1,0
886,495,159,0,1,0
887,360,729,0,1,0
888,554,196,0,1,0
889,166,54,1,0,1
890,577,688,0,1,0
891,468,309,0,1,0
892,954,684,1,0,1
893,23,842,1,0,0
894,518,976,1,1,0
895,93,0,1,0,0
896,839,298,1,1,0
897,777,225,1,0,0
898,306,238,0,1,0
899,123,948,1,0,0
900,518,353,1,1,0
901,587,5,0,1,0
902,253,741,1,0,1
903,636,674,0,1,0
904,951,696,0,1,0
905,648,499,0,1,0
906,1,112,1,0,0
907,237,766,1,0,1
908,183,607,0,1,0
909,80,937,1,0,0
910,990,389,1,0,1
911,211,266,0,1,0
912,567,688,0,1,0
913,593,702,0,1,0
914,557,209,0,1,0
915,595,383,0,1,0
916,812,967,0,1,0
917,376,880,1,0,1
918,2,403,1,0,0
919,516,374,1,1,0
920,594,618,1,0,0
921,327,841,1,0,1
922,612,815,0,1,0
923,672,450,1,0,1
924,601,179,1,0,0
925,407,859,0,1,0
926,964,661,0,1,0
927,217,10,1,0,0
928,696,523,0,1,0
929,861,486,1,0,1
930,418,10,1,0,0
931,920,644,0,1,0
932,179,90,0,1,0
933,522,568,1,0,0
934,940,957,0,1,0
935,166,91,1,0,1
936,778,3,0,1,0
937,671,327,1,0,0
938,457,459,1,0,0
939,396,522,1,0,0
940,400,899,0,1,0
941,95,314,0,1,0
942,726,220,1,0,1
943,706,176,0,1,0
944,900,12,1,0,0
945,188,407,1,0,1
946,519,875,0,1,0
947,634,849,0,1,0
948,3,908,1,0,0
949,942,478,0,1,0
950,397,608,1,0,1
951,234,577,0,1,0
952,428,7,0,1,0
953,484,661,1,0,0
954,608,533,0,1,0
955,180,8,0,1,0
956,333,185,0,1,0
957,410,222,1,0,0
958,416,248,0,1,0
959,767,653,0,1,0
960,624,939,0,1,0
961,232,643,0,1,0
962,731,990,1,0,1
963,264,348,0,1,0
964,61,8,1,0,0
965,342,147,0,1,0
966,511,238,1,0,1
967,1,793,0,1,0
968,262,277,0,0,1
969,94,23,0,1,0
970,0,673,0,1,0
971,461,587,1,0,0
972,499,168,0,1,0
973,746,792,0,1,0
974,1,719,1,0,0
975,364,428,0,1,0
976,817,683,1,0,1
977,281,651,0,1,0
978,533,151,0,1,0
979,267,803,0,1,0
980,724,374,0,1,0
981,609,879,0,1,0
982,451,224,0,1,0
983,458,489,1,0,0
984,242,437,0,1,0
985,437,297,0,1,0
986,587,988,0,1,0
987,721,4,1,0,1
988,506,295,0,1,0
989,118,689,0,1,0
990,52,556,1,0,1
991,667,141,0,1,0
992,225,80,0,1,0
993,5,24,0,1,0
994,176,183,0,1,0
995,703,886,0,1,0
996,606,649,1,1,0
997,94,117,1,0,1
998,726,606,0,1,0
999,714,555,0,1,0
