Index,x,y,alive,infected,immune
0,784,291,0,1,0
1,25,644,1,0,1
2,958,215,0,0,1
3,551,832,1,0,1
4,866,764,0,1,0
5,440,116,0,1,0
6,452,50,0,1,0
7,5,559,0,1,0
8,285,805,1,0,1
9,878,587,0,1,0
10,418,128,0,1,0
11,642,150,0,1,0
12,547,955,0,1,0
13,84,318,0,1,0
14,850,303,0,1,0
15,75,782,0,1,0
16,510,292,1,0,1
17,775,634,0,1,0
18,966,196,0,1,0
19,608,839,0,1,0
20,960,596,0,1,0
21,315,370,0,1,0
22,430,815,0,1,0
23,257,58,1,0,1
24,227,414,0,1,0
25,7,153,0,1,0
26,795,7,0,1,0
27,700,464,0,1,0
28,107,136,0,1,0
29,496,881,0,1,0
30,696,728,0,1,0
31,561,2,0,1,0
32,781,897,1,0,1
33,974,345,1,0,1
34,246,860,0,1,0
35,281,4,0,1,0
36,629,0,1,0,1
37,903,688,0,1,0
38,13,595,0,1,0
39,437,716,0,1,0
40,177,28,0,1,0
41,669,511,1,0,1
42,485,160,1,0,1
43,106,405,0,1,0
44,449,257,0,1,0
45,209,137,0,1,0
46,544,877,1,0,1
47,771,606,0,1,0
48,723,326,0,1,0
49,422,132,0,1,0
50,517,896,0,1,0
51,895,684,0,1,0
52,105,395,0,1,0
53,134,379,0,1,0
54,274,844,0,1,0
55,573,310,0,0,1
56,696,164,0,1,0
57,512,263,0,1,0
58,169,381,0,1,0
59,990,407,0,1,0
60,221,588,0,1,0
61,594,4,0,1,0
62,368,944,0,1,0
63,182,432,0,1,0
64,8,962,0,1,0
65,5,349,1,0,1
66,30,787,0,1,0
67,816,809,0,1,0
68,609,734,0,1,0
69,704,940,0,1,0
70,558,805,0,1,0
71,725,42,0,1,0
72,557,811,0,1,0
73,607,740,0,1,0
74,335,9,0,1,0
75,990,163,1,0,1
76,151,364,0,1,0
77,430,241,1,0,1
78,359,742,1,0,1
79,914,91,0,1,0
80,101,517,0,1,0
81,798,839,0,1,0
82,178,171,0,1,0
83,245,916,0,1,0
84,376,562,0,1,0
85,222,343,0,1,0
86,355,682,1,0,1
87,856,626,0,1,0
88,563,163,0,1,0
89,629,941,0,1,0
90,278,212,0,1,0
91,207,497,0,1,0
92,269,475,0,1,0
93,523,900,0,1,0
94,673,447,0,1,0
95,224,936,0,1,0
96,750,931,0,1,0
97,569,519,0,1,0
98,122,70,0,1,0
99,648,159,0,1,0
100,223,277,0,1,0
101,793,413,1,1,0
102,701,863,1,0,1
103,5,33,0,0,1
104,679,465,1,0,1
105,577,613,1,0,0
106,877,242,1,0,0
107,614,208,0,1,0
108,887,412,0,1,0
109,810,604,0,0,1
110,351,846,1,1,0
111,8,776,0,1,0
112,764,459,0,1,0
113,865,355,0,1,0
114,562,363,0,1,0
115,918,529,0,1,0
116,116,971,1,0,0
117,703,837,0,1,0
118,413,2,1,0,0
119,178,736,1,0,0
120,679,519,1,0,1
121,870,503,0,1,0
122,2,481,1,0,0
123,678,102,1,0,0
124,313,359,1,1,0
125,823,641,1,0,1
126,808,4,0,1,0
127,626,778,1,1,0
128,205,779,1,1,0
129,531,7,0,1,0
130,428,829,0,1,0
131,3,180,1,0,0
132,920,255,0,1,0
133,18,272,0,1,0
134,649,589,0,1,0
135,341,425,0,1,0
136,226,240,0,1,0
137,571,612,1,0,0
138,621,711,1,0,1
139,611,174,1,0,1
140,6,421,0,1,0
141,605,674,1,1,0
142,514,402,1,0,0
143,795,111,0,1,0
144,411,662,1,0,0
145,183,76,0,1,0
146,541,545,1,0,0
147,420,678,1,0,0
148,728,322,0,1,0
149,289,173,0,1,0
150,90,196,1,0,1
151,663,428,0,1,0
152,374,427,1,1,0
153,325,344,0,1,0
154,3,901,1,0,0
155,71,147,0,1,0
156,595,574,1,0,0
157,185,271,0,1,0
158,393,704,1,0,0
159,850,612,0,1,0
160,804,726,0,1,0
161,159,571,0,1,0
162,738,788,1,1,0
163,605,184,0,1,0
164,39,546,0,1,0
165,541,836,0,1,0
166,868,289,0,1,0
167,258,233,0,1,0
168,238,6,1,0,0
169,853,946,1,0,0
170,531,699,1,0,0
171,935,519,0,1,0
172,128,232,1,0,0
173,3,926,1,0,0
174,85,897,1,0,0
175,45,69,1,0,0
176,589,392,0,1,0
177,411,421,0,1,0
178,409,647,0,1,0
179,709,2,0,1,0
180,519,78,0,1,0
181,980,572,0,1,0
182,422,938,0,1,0
183,760,252,1,0,0
184,269,315,1,0,0
185,541,28,1,0,0
186,846,350,1,0,1
187,700,454,0,1,0
188,433,975,1,0,0
189,834,74,1,0,0
190,943,553,0,1,0
191,941,963,1,0,0
192,942,231,0,1,0
193,451,249,0,1,0
194,6,537,0,1,0
195,523,316,0,1,0
196,3,676,1,0,1
197,970,948,1,0,0
198,807,928,0,1,0
199,836,565,0,1,0
200,524,588,1,0,0
201,193,796,1,0,0
202,271,865,0,1,0
203,947,4,1,0,0
204,27,753,1,0,0
205,675,946,0,1,0
206,223,325,1,1,0
207,796,324,0,1,0
208,258,580,0,1,0
209,784,75,1,0,1
210,233,990,1,0,0
211,742,772,1,1,0
212,95,614,0,1,0
213,590,807,0,1,0
214,990,506,1,0,0
215,542,754,1,0,0
216,308,72,0,1,0
217,391,250,0,1,0
218,606,431,0,1,0
219,309,10,1,1,0
220,4,785,0,0,1
221,772,171,0,1,0
222,6,550,0,1,0
223,379,151,0,1,0
224,268,440,0,1,0
225,631,672,0,1,0
226,379,550,1,0,0
227,537,697,1,0,0
228,943,721,0,1,0
229,437,332,1,0,0
230,266,153,0,1,0
231,964,154,1,0,0
232,813,158,1,0,0
233,243,755,1,1,0
234,406,624,0,1,0
235,633,489,0,1,0
236,334,858,0,1,0
237,308,6,1,1,0
238,495,379,1,0,0
239,251,891,0,1,0
240,262,86,0,0,1
241,292,865,0,1,0
242,312,265,0,1,0
243,191,338,1,0,1
244,278,888,0,1,0
245,831,624,1,0,1
246,723,152,1,0,1
247,555,890,0,1,0
248,321,3,0,1,0
249,679,809,0,1,0
250,865,575,0,1,0
251,867,676,1,0,1
252,728,672,0,1,0
253,628,63,1,0,0
254,143,249,1,0,0
255,82,471,0,1,0
256,649,374,1,0,0
257,709,612,0,1,0
258,539,607,1,0,0
259,784,832,1,0,1
260,867,487,0,1,0
261,518,576,1,0,0
262,8,515,0,1,0
263,887,629,0,1,0
264,126,618,0,1,0
265,156,360,0,1,0
266,103,896,1,0,0
267,264,79,0,0,1
268,728,150,0,1,0
269,892,6,1,0,0
270,845,663,1,0,1
271,737,244,1,0,0
272,860,963,1,0,1
273,502,704,1,0,0
274,127,437,1,0,1
275,159,964,0,1,0
276,488,61,0,0,1
277,640,657,1,0,0
278,537,488,1,0,0
279,384,9,1,0,0
280,255,257,0,1,0
281,171,706,1,0,0
282,484,664,1,0,0
283,983,914,1,0,0
284,811,714,0,1,0
285,821,3,1,1,0
286,885,960,1,0,1
287,4,39,0,1,0
288,2,695,0,1,0
289,198,768,1,0,0
290,557,384,0,1,0
291,855,119,1,0,1
292,58,867,1,0,0
293,7,244,1,0,0
294,42,860,1,0,0
295,259,687,0,1,0
296,225,718,1,0,0
297,348,157,0,1,0
298,731,730,0,1,0
299,102,280,1,1,0
300,461,728,1,0,1
301,674,585,1,0,1
302,102,177,0,0,1
303,3,498,0,1,0
304,547,274,0,1,0
305,942,4,1,0,0
306,730,122,0,1,0
307,619,270,1,0,1
308,838,10,1,0,0
309,484,284,1,0,1
310,881,332,0,1,0
311,741,483,0,1,0
312,218,778,0,1,0
313,352,8,1,0,0
314,7,244,1,0,0
315,865,705,0,1,0
316,1,790,0,1,0
317,768,756,0,0,1
318,578,735,1,0,0
319,61,990,1,0,0
320,659,864,1,1,0
321,823,613,1,0,1
322,804,755,0,1,0
323,790,629,1,0,1
324,0,503,0,1,0
325,588,832,0,1,0
326,383,41,1,1,0
327,850,474,1,1,0
328,129,466,0,1,0
329,135,476,0,1,0
330,625,782,1,1,0
331,3,150,0,1,0
332,700,940,0,1,0
333,215,890,0,1,0
334,275,433,0,1,0
335,838,680,0,1,0
336,828,296,0,1,0
337,426,107,0,1,0
338,758,5,0,1,0
339,4,707,1,0,0
340,890,645,0,1,0
341,795,679,0,1,0
342,463,655,1,0,0
343,557,2,0,1,0
344,973,943,1,0,0
345,486,569,1,0,0
346,214,251,1,0,1
347,332,476,0,1,0
348,324,451,0,1,0
349,779,152,1,0,0
350,113,840,1,1,0
351,510,271,1,0,1
352,393,861,0,1,0
353,821,792,0,1,0
354,922,910,0,1,0
355,26,768,1,0,1
356,115,673,0,1,0
357,97,425,0,1,0
358,543,613,1,0,0
359,598,941,0,1,0
360,340,381,0,1,0
361,0,816,1,0,0
362,713,5,0,1,0
363,629,356,1,0,1
364,871,895,0,1,0
365,866,853,0,1,0
366,329,154,0,1,0
367,408,635,0,1,0
368,210,406,0,1,0
369,142,465,1,0,1
370,640,872,0,1,0
371,6,886,1,0,0
372,727,584,1,0,1
373,354,933,0,1,0
374,874,878,0,1,0
375,502,160,0,1,0
376,222,807,1,0,0
377,485,832,0,1,0
378,493,655,1,0,0
379,121,775,1,0,0
380,810,384,0,1,0
381,841,673,1,0,1
382,726,400,0,1,0
383,462,10,1,0,0
384,825,159,1,0,0
385,438,9,1,0,1
386,879,758,0,1,0
387,287,132,1,0,0
388,751,5,0,1,0
389,360,131,1,0,1
390,2,21,0,1,0
391,73,905,1,0,0
392,201,89,0,1,0
393,242,855,0,1,0
394,758,549,0,1,0
395,257,6,1,0,0
396,103,521,1,1,0
397,992,827,1,1,0
398,220,141,0,1,0
399,664,72,1,0,0
400,501,423,1,0,0
401,730,552,0,0,1
402,326,474,0,1,0
403,320,64,0,1,0
404,214,587,0,1,0
405,888,172,1,0,0
406,762,468,0,1,0
407,308,505,0,1,0
408,9,755,1,0,0
409,594,107,1,1,0
410,296,676,1,0,1
411,447,10,1,0,1
412,525,322,1,1,0
413,747,806,0,1,0
414,247,804,0,1,0
415,519,211,1,1,0
416,151,554,0,1,0
417,517,876,0,1,0
418,300,827,0,1,0
419,395,296,0,1,0
420,727,515,1,1,0
421,879,764,0,1,0
422,65,737,1,0,1
423,340,112,1,0,1
424,168,340,0,1,0
425,153,391,0,1,0
426,35,817,0,1,0
427,364,576,1,1,0
428,980,7,1,0,0
429,570,952,0,1,0
430,346,147,0,1,0
431,597,698,0,1,0
432,878,282,1,1,0
433,851,494,1,1,0
434,401,790,1,0,0
435,833,405,0,1,0
436,488,10,1,0,0
437,820,620,0,1,0
438,525,597,1,0,0
439,872,199,1,0,0
440,291,87,0,1,0
441,759,548,1,0,1
442,416,486,1,0,0
443,241,300,1,1,0
444,146,187,1,1,0
445,235,446,0,1,0
446,805,691,0,1,0
447,418,929,0,1,0
448,688,132,1,0,0
449,116,251,1,0,0
450,903,297,0,1,0
451,301,5,0,1,0
452,985,133,1,0,1
453,201,706,1,0,0
454,558,692,1,0,0
455,580,282,0,1,0
456,990,900,1,0,0
457,636,366,0,1,0
458,344,769,0,1,0
459,10,840,1,0,0
460,978,1,1,0,0
461,406,462,1,1,0
462,615,565,1,0,1
463,824,467,1,1,0
464,587,837,0,1,0
465,807,517,0,1,0
466,300,181,1,0,0
467,452,396,1,0,0
468,27,5,1,0,1
469,702,407,0,1,0
470,689,0,0,1,0
471,8,530,0,1,0
472,854,1,1,0,0
473,7,564,1,1,0
474,246,94,0,0,1
475,336,0,1,0,1
476,383,350,0,1,0
477,475,495,1,0,0
478,384,894,1,0,1
479,797,230,1,0,0
480,847,411,1,1,0
481,269,267,1,0,1
482,246,823,1,0,1
483,528,909,0,1,0
484,918,744,0,1,0
485,617,617,0,1,0
486,320,447,0,1,0
487,130,616,0,0,1
488,370,807,1,0,0
489,594,337,1,0,1
490,900,847,1,0,1
491,391,333,0,1,0
492,990,15,1,0,0
493,747,112,1,1,0
494,557,248,0,1,0
495,119,582,0,1,0
496,119,110,1,1,0
497,615,452,0,1,0
498,137,751,1,0,0
499,929,237,1,0,1
500,310,228,1,0,1
501,109,934,1,0,0
502,567,2,0,1,0
503,754,1,0,1,0
504,266,359,1,0,0
505,650,483,1,0,1
506,736,702,1,0,1
507,610,339,0,1,0
508,401,97,0,1,0
509,86,621,0,1,0
510,553,0,1,0,1
511,873,567,0,1,0
512,899,208,1,0,0
513,125,652,1,1,0
514,651,189,0,1,0
515,102,98,0,1,0
516,809,407,1,1,0
517,607,122,0,1,0
518,634,264,0,1,0
519,388,100,0,1,0
520,745,657,0,1,0
521,891,101,0,1,0
522,324,591,1,1,0
523,471,723,1,0,0
524,846,861,0,1,0
525,585,409,1,1,0
526,8,37,0,1,0
527,426,377,1,0,0
528,754,1,0,1,0
529,330,545,1,0,1
530,928,601,1,0,1
531,462,719,1,0,0
532,117,897,0,1,0
533,90,187,0,1,0
534,840,457,0,1,0
535,209,886,0,1,0
536,884,654,0,1,0
537,372,597,1,0,0
538,411,126,0,1,0
539,576,331,1,0,1
540,513,659,1,0,0
541,518,665,1,0,0
542,672,488,0,1,0
543,8,46,1,1,0
544,345,269,1,0,0
545,52,2,1,0,0
546,133,405,0,1,0
547,451,435,1,0,0
548,78,735,1,0,0
549,627,542,0,1,0
550,810,394,0,1,0
551,257,952,1,0,0
552,900,299,1,0,1
553,400,831,1,0,0
554,479,714,1,0,0
555,184,866,0,1,0
556,343,630,0,1,0
557,299,3,0,1,0
558,855,586,1,0,1
559,727,502,0,1,0
560,731,660,1,0,0
561,718,739,0,1,0
562,890,629,0,1,0
563,431,966,0,1,0
564,3,142,1,0,1
565,219,707,1,0,0
566,225,103,0,1,0
567,256,336,1,0,0
568,766,120,0,1,0
569,139,951,1,0,0
570,797,632,1,0,1
571,289,618,1,0,0
572,533,267,0,1,0
573,220,565,1,1,0
574,879,485,1,1,0
575,491,184,0,1,0
576,72,894,1,0,0
577,315,834,1,1,0
578,144,198,0,1,0
579,752,133,0,1,0
580,199,807,1,0,0
581,8,370,1,0,0
582,366,314,1,1,0
583,526,911,0,1,0
584,280,221,1,0,1
585,145,538,1,1,0
586,803,342,0,1,0
587,801,6,0,1,0
588,240,517,1,1,0
589,549,764,1,1,0
590,524,347,0,1,0
591,803,401,1,1,0
592,850,858,0,1,0
593,284,683,0,1,0
594,727,595,0,1,0
595,532,915,1,0,1
596,324,842,0,1,0
597,768,559,0,1,0
598,140,285,1,0,0
599,117,414,0,1,0
600,894,262,0,1,0
601,743,773,0,1,0
602,759,484,0,1,0
603,8,429,0,1,0
604,568,75,0,1,0
605,391,429,0,1,0
606,811,7,1,1,0
607,136,290,0,1,0
608,559,662,1,0,0
609,307,327,1,0,0
610,798,908,0,1,0
611,408,223,1,0,0
612,271,854,0,1,0
613,89,523,0,1,0
614,636,753,1,1,0
615,507,4,0,1,0
616,946,786,1,0,0
617,737,574,0,1,0
618,467,229,0,1,0
619,681,200,0,1,0
620,968,81,0,1,0
621,527,347,1,1,0
622,539,8,0,1,0
623,172,314,1,1,0
624,707,360,1,0,1
625,269,508,1,0,0
626,3,20,0,1,0
627,152,326,0,1,0
628,833,9,1,0,0
629,670,699,0,1,0
630,750,484,0,1,0
631,911,965,1,0,0
632,990,792,1,0,0
633,224,303,0,1,0
634,885,255,0,1,0
635,488,907,0,1,0
636,791,876,0,1,0
637,131,470,0,1,0
638,356,505,1,0,0
639,640,366,1,0,1
640,122,750,1,0,0
641,1,586,0,1,0
642,1,967,0,1,0
643,902,554,0,1,0
644,436,275,0,1,0
645,74,182,0,1,0
646,601,240,0,1,0
647,9,644,0,1,0
648,75,335,0,1,0
649,698,443,0,1,0
650,954,990,1,0,0
651,792,335,0,1,0
652,267,447,1,1,0
653,219,4,1,0,0
654,7,824,1,0,0
655,508,9,0,1,0
656,438,400,1,0,0
657,605,210,0,1,0
658,280,717,0,1,0
659,235,21,1,1,0
660,302,132,1,0,1
661,336,617,1,0,1
662,335,30,1,0,0
663,738,427,0,1,0
664,96,682,1,0,0
665,222,538,0,1,0
666,102,388,0,1,0
667,609,134,0,1,0
668,923,619,0,1,0
669,921,3,1,0,0
670,223,328,0,1,0
671,773,696,1,1,0
672,902,669,0,1,0
673,825,295,1,0,1
674,706,274,0,1,0
675,611,572,1,0,0
676,848,814,1,0,0
677,877,925,1,1,0
678,474,404,1,0,0
679,8,147,0,1,0
680,537,484,1,0,0
681,489,5,1,0,0
682,202,694,1,0,0
683,51,606,0,1,0
684,190,91,0,1,0
685,360,143,1,0,1
686,899,126,0,1,0
687,805,545,1,0,1
688,552,778,0,1,0
689,793,731,1,0,1
690,610,598,1,0,0
691,277,757,0,1,0
692,830,768,0,1,0
693,520,889,0,1,0
694,741,265,1,0,0
695,645,407,0,1,0
696,750,384,1,0,1
697,591,351,0,1,0
698,206,452,1,0,1
699,160,729,1,0,0
700,753,302,1,1,0
701,85,947,1,0,0
702,562,392,1,1,0
703,397,7,1,0,0
704,305,858,0,1,0
705,8,645,0,1,0
706,568,932,1,0,1
707,484,684,1,0,0
708,869,268,0,1,0
709,536,10,0,1,0
710,661,185,0,1,0
711,445,591,1,0,0
712,3,579,1,1,0
713,871,865,0,1,0
714,862,430,1,1,0
715,582,2,0,1,0
716,52,793,1,1,0
717,777,705,1,1,0
718,378,409,1,1,0
719,611,892,0,1,0
720,387,419,0,1,0
721,824,129,1,0,0
722,946,156,1,0,0
723,910,909,0,1,0
724,100,824,0,1,0
725,560,181,0,1,0
726,360,464,0,1,0
727,9,951,1,0,0
728,468,793,1,1,0
729,4,523,0,1,0
730,164,236,1,0,0
731,131,718,1,0,0
732,529,845,1,0,1
733,411,129,1,0,1
734,3,268,1,0,0
735,254,558,0,1,0
736,506,499,1,0,0
737,199,9,1,0,0
738,67,837,1,0,0
739,127,686,0,1,0
740,68,159,0,1,0
741,937,1,1,0,0
742,717,840,0,1,0
743,329,639,0,1,0
744,870,597,0,1,0
745,458,826,1,0,1
746,164,294,1,1,0
747,3,520,1,0,1
748,485,621,1,0,0
749,924,155,1,0,0
750,990,874,1,0,0
751,891,81,1,0,0
752,318,454,1,0,1
753,9,945,1,0,0
754,515,248,0,1,0
755,490,501,1,0,0
756,877,523,0,1,0
757,886,799,0,1,0
758,484,810,0,1,0
759,6,160,1,0,1
760,630,216,0,1,0
761,519,957,0,1,0
762,643,558,0,1,0
763,880,513,1,1,0
764,334,0,0,1,0
765,407,745,1,1,0
766,726,446,0,1,0
767,207,681,1,0,0
768,946,5,1,0,0
769,351,10,1,0,0
770,360,123,1,0,1
771,324,522,0,1,0
772,848,699,0,1,0
773,866,620,0,1,0
774,859,525,0,1,0
775,572,710,0,1,0
776,857,307,1,1,0
777,199,85,0,1,0
778,947,665,0,1,0
779,118,9,1,0,0
780,240,818,0,1,0
781,669,521,0,1,0
782,373,102,0,1,0
783,208,272,1,1,0
784,273,970,1,0,1
785,778,56,1,0,1
786,880,103,1,1,0
787,624,870,0,1,0
788,10,911,1,0,0
789,68,917,1,0,0
790,540,95,0,1,0
791,204,640,0,1,0
792,8,983,1,0,0
793,21,686,0,1,0
794,242,596,0,1,0
795,917,699,1,0,1
796,426,695,1,0,0
797,929,313,0,1,0
798,893,529,0,1,0
799,857,437,1,1,0
800,493,494,1,0,0
801,229,197,1,0,0
802,383,328,0,1,0
803,261,151,0,1,0
804,501,7,0,1,0
805,748,247,1,0,0
806,923,409,0,1,0
807,407,140,1,0,1
808,825,587,0,1,0
809,988,235,0,1,0
810,826,675,0,1,0
811,672,445,0,1,0
812,865,627,0,1,0
813,219,604,1,1,0
814,823,10,1,1,0
815,531,389,1,0,0
816,530,161,0,1,0
817,372,820,1,0,0
818,696,557,1,0,1
819,837,908,0,1,0
820,168,706,0,1,0
821,534,114,0,1,0
822,285,656,0,1,0
823,984,830,0,1,0
824,73,700,1,0,0
825,570,763,1,1,0
826,399,1,1,0,0
827,624,890,0,1,0
828,610,969,0,1,0
829,730,489,0,1,0
830,550,670,1,0,0
831,558,596,1,0,0
832,222,437,0,1,0
833,161,3,0,1,0
834,10,194,1,0,0
835,782,489,0,1,0
836,452,293,1,0,1
837,900,774,1,0,0
838,70,392,1,0,1
839,956,958,1,0,0
840,230,547,0,1,0
841,389,699,1,0,0
842,280,978,0,1,0
843,548,590,1,0,0
844,135,354,1,0,1
845,689,190,0,1,0
846,428,252,0,1,0
847,199,698,1,0,0
848,878,823,0,1,0
849,956,832,0,1,0
850,593,6,0,1,0
851,403,608,1,0,0
852,273,860,1,0,1
853,155,696,0,1,0
854,487,183,0,1,0
855,230,432,0,1,0
856,418,882,0,1,0
857,298,752,1,0,0
858,412,409,1,1,0
859,960,112,0,1,0
860,426,899,0,1,0
861,797,917,0,1,0
862,3,280,1,0,0
863,774,49,1,0,0
864,164,327,0,1,0
865,261,526,1,0,1
866,59,226,1,0,0
867,74,190,0,1,0
868,706,699,0,1,0
869,626,409,0,1,0
870,661,862,1,1,0
871,333,724,0,1,0
872,109,232,1,0,0
873,932,474,0,1,0
874,716,377,0,1,0
875,912,913,0,1,0
876,935,734,0,1,0
877,229,297,1,1,0
878,971,540,0,1,0
879,607,754,1,0,0
880,366,921,0,1,0
881,487,492,1,0,0
882,4,31,1,0,1
883,859,319,0,1,0
884,4,672,0,1,0
885,538,854,0,1,0
886,481,175,0,1,0
887,355,722,0,1,0
888,561,204,0,1,0
889,149,41,1,0,1
890,585,691,0,1,0
891,474,323,0,1,0
892,949,686,1,0,1
893,25,860,1,0,0
894,512,970,1,0,0
895,93,5,1,0,0
896,864,270,1,0,0
897,763,241,1,0,0
898,321,251,0,1,0
899,110,939,1,0,0
900,504,368,1,0,0
901,587,2,0,1,0
902,275,727,1,0,1
903,648,676,1,0,0
904,925,688,0,1,0
905,662,511,0,1,0
906,7,112,1,0,0
907,240,778,1,1,0
908,182,608,0,1,0
909,77,936,1,0,0
910,990,389,1,0,1
911,215,241,0,1,0
912,574,688,0,1,0
913,602,700,0,1,0
914,557,202,0,1,0
915,590,392,0,1,0
916,795,962,0,1,0
917,382,875,1,0,1
918,9,403,1,0,0
919,523,373,1,0,0
920,585,631,1,0,0
921,327,843,1,0,1
922,605,813,0,1,0
923,663,416,1,0,1
924,606,166,1,0,0
925,426,867,0,1,0
926,971,637,0,1,0
927,217,10,1,0,0
928,686,521,0,1,0
929,865,489,1,0,1
930,418,10,1,0,0
931,923,647,0,1,0
932,172,91,0,1,0
933,508,565,1,0,0
934,931,950,0,1,0
935,178,87,1,0,1
936,778,9,0,1,0
937,676,324,1,0,0
938,461,487,1,0,0
939,406,511,1,0,0
940,386,900,0,1,0
941,85,333,0,1,0
942,729,207,1,0,1
943,690,193,0,1,0
944,894,26,1,0,0
945,186,403,1,0,1
946,538,878,0,1,0
947,622,875,0,1,0
948,0,908,1,0,0
949,934,501,0,1,0
950,412,630,1,1,0
951,247,565,0,1,0
952,428,1,0,1,0
953,502,657,1,0,0
954,599,531,0,1,0
955,180,3,1,1,0
956,332,194,0,1,0
957,393,236,1,0,0
958,433,244,0,1,0
959,778,652,0,1,0
960,613,936,0,1,0
961,253,651,0,1,0
962,731,990,1,0,1
963,249,362,0,1,0
964,61,4,1,0,0
965,363,147,0,1,0
966,515,221,1,0,1
967,7,793,0,1,0
968,251,271,0,0,1
969,117,22,0,1,0
970,5,673,0,1,0
971,450,564,1,0,0
972,503,186,0,1,0
973,731,804,0,1,0
974,0,719,1,0,0
975,382,438,0,1,0
976,832,689,1,0,1
977,313,644,0,1,0
978,530,162,0,1,0
979,278,807,0,1,0
980,741,386,0,1,0
981,607,901,0,1,0
982,476,260,0,1,0
983,422,487,1,0,0
984,229,432,0,1,0
985,429,302,0,1,0
986,592,961,0,1,0
987,721,9,1,0,1
988,501,289,0,1,0
989,111,669,0,1,0
990,45,563,1,0,1
991,646,160,0,1,0
992,229,86,0,1,0
993,0,24,0,1,0
994,168,181,0,1,0
995,686,895,0,1,0
996,596,645,1,0,0
997,109,135,1,0,1
998,712,617,0,1,0
999,711,560,0,1,0
