Index,x,y,alive,infected,immune
0,806,311,0,1,0
1,6,697,1,0,1
2,957,195,0,0,1
3,558,891,1,0,1
4,963,805,0,1,0
5,405,125,0,1,0
6,494,95,0,1,0
7,0,559,0,1,0
8,336,781,1,0,1
9,865,604,0,1,0
10,427,155,0,1,0
11,593,106,0,1,0
12,515,6,0,1,0
13,40,337,0,1,0
14,872,227,0,1,0
15,93,776,0,1,0
16,497,347,1,0,1
17,790,706,0,1,0
18,949,140,0,1,0
19,655,815,0,1,0
20,941,542,0,1,0
21,332,325,0,1,0
22,422,804,0,1,0
23,243,165,1,0,1
24,212,399,0,1,0
25,8,153,0,1,0
26,795,5,0,1,0
27,703,405,0,1,0
28,102,129,0,1,0
29,499,896,0,1,0
30,677,678,0,1,0
31,561,7,0,1,0
32,750,866,1,0,1
33,972,280,1,0,1
34,255,843,0,1,0
35,281,2,0,1,0
36,629,9,1,0,1
37,942,671,0,1,0
38,0,585,0,1,0
39,387,753,0,1,0
40,227,19,0,1,0
41,651,546,1,0,1
42,525,192,1,0,1
43,158,419,0,1,0
44,480,284,0,1,0
45,217,134,0,1,0
46,542,901,1,0,1
47,735,542,0,1,0
48,745,332,0,1,0
49,489,156,0,1,0
50,529,934,0,1,0
51,858,702,0,1,0
52,142,390,0,1,0
53,180,350,0,1,0
54,302,782,0,1,0
55,563,268,0,0,1
56,715,168,0,1,0
57,537,277,0,1,0
58,164,368,0,1,0
59,990,407,0,1,0
60,175,668,0,1,0
61,594,2,0,1,0
62,432,924,0,1,0
63,145,436,0,1,0
64,6,962,0,1,0
65,9,349,1,0,1
66,23,816,0,1,0
67,791,805,0,1,0
68,635,780,0,1,0
69,685,925,0,1,0
70,605,812,0,1,0
71,747,10,0,1,0
72,511,766,0,1,0
73,582,751,0,1,0
74,335,8,0,1,0
75,990,163,1,0,1
76,124,328,0,1,0
77,424,250,1,0,1
78,328,744,1,0,1
79,972,75,0,1,0
80,131,496,0,1,0
81,756,855,0,1,0
82,121,113,0,1,0
83,296,952,0,1,0
84,371,547,0,1,0
85,203,300,0,1,0
86,390,632,1,0,1
87,857,572,0,1,0
88,619,110,0,1,0
89,613,4,0,1,0
90,244,175,0,1,0
91,220,493,0,1,0
92,280,535,0,1,0
93,522,947,0,1,0
94,636,331,0,1,0
95,217,909,0,1,0
96,771,869,0,1,0
97,508,579,0,1,0
98,117,46,0,1,0
99,720,203,0,1,0
100,247,263,0,1,0
101,753,435,1,0,1
102,669,915,1,0,1
103,9,33,0,0,1
104,659,432,1,0,1
105,590,568,1,1,0
106,866,283,0,1,0
107,641,202,0,1,0
108,893,338,0,1,0
109,804,569,0,0,1
110,372,897,1,0,1
111,6,776,0,1,0
112,803,435,0,1,0
113,867,325,0,1,0
114,561,268,0,1,0
115,889,575,0,1,0
116,53,910,1,0,0
117,701,839,0,1,0
118,413,8,1,0,0
119,211,726,0,1,0
120,684,467,1,0,1
121,858,522,0,1,0
122,0,481,1,0,0
123,624,28,1,0,0
124,281,424,0,1,0
125,862,557,1,0,1
126,808,3,0,1,0
127,674,770,0,1,0
128,234,770,1,0,1
129,531,4,0,1,0
130,480,881,0,1,0
131,6,180,1,0,0
132,903,249,0,1,0
133,2,274,0,1,0
134,641,610,0,1,0
135,317,447,0,1,0
136,190,158,0,1,0
137,543,537,0,1,0
138,625,747,1,0,1
139,596,168,1,0,1
140,7,421,0,1,0
141,597,639,1,0,1
142,535,372,0,1,0
143,790,182,0,1,0
144,395,629,0,1,0
145,175,79,0,1,0
146,477,587,1,0,0
147,456,699,0,1,0
148,743,347,0,1,0
149,267,197,0,1,0
150,152,225,1,0,1
151,685,337,0,1,0
152,385,449,1,0,1
153,352,348,0,1,0
154,1,901,1,0,0
155,82,159,0,1,0
156,558,567,1,1,0
157,196,272,0,1,0
158,444,715,0,1,0
159,853,632,0,1,0
160,790,729,0,1,0
161,153,582,0,1,0
162,820,799,0,1,0
163,664,201,0,1,0
164,78,563,0,1,0
165,543,902,0,1,0
166,813,311,0,1,0
167,251,190,0,1,0
168,238,0,0,1,0
169,883,7,1,0,0
170,566,677,1,0,1
171,972,505,0,1,0
172,152,370,0,1,0
173,2,926,1,0,0
174,196,832,0,1,0
175,78,32,1,0,0
176,596,426,0,1,0
177,384,408,0,1,0
178,398,661,0,1,0
179,709,4,0,1,0
180,522,128,0,1,0
181,964,633,0,1,0
182,455,860,0,1,0
183,716,268,1,0,0
184,353,316,1,1,0
185,535,68,1,0,0
186,860,272,1,0,1
187,736,446,0,1,0
188,394,990,0,1,0
189,843,62,1,0,0
190,933,533,0,1,0
191,950,2,0,1,0
192,899,235,0,1,0
193,471,218,0,1,0
194,3,537,0,1,0
195,529,267,0,1,0
196,6,676,1,0,1
197,966,990,0,1,0
198,727,968,0,1,0
199,798,559,0,1,0
200,526,604,1,0,0
201,192,865,0,1,0
202,196,834,0,1,0
203,947,9,0,1,0
204,5,719,1,0,0
205,697,879,0,1,0
206,176,274,1,0,1
207,775,365,0,1,0
208,282,594,0,1,0
209,797,46,1,0,1
210,233,990,1,0,0
211,704,801,0,1,0
212,37,597,0,1,0
213,580,855,0,1,0
214,990,506,1,0,0
215,486,696,1,1,0
216,349,84,0,1,0
217,459,300,0,1,0
218,701,379,0,1,0
219,309,10,1,0,1
220,8,785,0,0,1
221,753,202,0,1,0
222,4,550,0,1,0
223,432,96,0,1,0
224,290,466,0,1,0
225,662,678,0,1,0
226,330,534,1,0,1
227,490,657,1,0,0
228,949,724,0,1,0
229,461,309,1,0,1
230,311,157,0,1,0
231,6,120,1,0,1
232,784,132,0,1,0
233,204,748,0,1,0
234,424,644,0,1,0
235,685,484,0,1,0
236,370,845,0,1,0
237,308,9,0,1,0
238,488,408,1,1,0
239,249,892,0,1,0
240,194,130,0,0,1
241,269,947,0,1,0
242,262,227,0,1,0
243,179,346,1,0,1
244,261,812,0,1,0
245,833,596,1,0,1
246,779,221,1,0,1
247,557,830,0,1,0
248,321,1,0,1,0
249,688,784,0,1,0
250,888,601,0,1,0
251,901,667,1,0,1
252,694,618,0,1,0
253,660,105,1,0,0
254,128,242,1,0,0
255,130,442,0,1,0
256,661,420,0,0,1
257,751,606,0,1,0
258,580,576,0,1,0
259,810,828,1,0,1
260,811,443,0,1,0
261,566,502,0,1,0
262,1,515,0,1,0
263,869,623,0,1,0
264,62,617,0,1,0
265,181,364,0,1,0
266,40,899,1,0,0
267,252,19,0,0,1
268,748,125,0,1,0
269,892,1,1,0,0
270,814,710,1,0,1
271,763,302,1,0,0
272,858,958,1,0,1
273,460,687,0,1,0
274,126,356,1,0,1
275,112,0,0,1,0
276,519,159,0,0,1
277,705,649,1,0,1
278,529,523,1,0,0
279,384,6,1,0,0
280,246,199,0,1,0
281,191,731,0,1,0
282,510,642,1,0,1
283,990,904,1,0,0
284,875,782,0,1,0
285,821,7,0,1,0
286,823,966,1,0,1
287,2,39,0,1,0
288,4,695,0,1,0
289,148,701,0,1,0
290,569,368,0,1,0
291,868,116,1,0,1
292,31,861,1,0,0
293,3,244,0,1,0
294,51,902,1,0,1
295,229,653,0,1,0
296,251,709,0,1,0
297,323,119,0,1,0
298,672,758,0,1,0
299,59,272,1,0,1
300,461,744,1,0,1
301,715,592,1,0,1
302,182,162,0,0,1
303,9,498,0,1,0
304,536,225,0,1,0
305,942,4,0,1,0
306,753,97,0,1,0
307,578,287,1,0,1
308,838,10,1,0,0
309,460,244,1,0,1
310,855,331,0,1,0
311,778,538,0,1,0
312,209,782,0,1,0
313,352,9,1,0,0
314,7,244,0,1,0
315,910,742,0,1,0
316,1,790,0,1,0
317,787,751,0,0,1
318,552,795,0,1,0
319,61,990,1,0,0
320,742,862,0,1,0
321,751,573,1,0,1
322,790,806,0,1,0
323,829,638,1,0,1
324,4,503,0,1,0
325,593,840,0,1,0
326,282,64,0,1,0
327,792,484,0,1,0
328,132,498,0,1,0
329,86,414,0,1,0
330,620,798,0,1,0
331,4,150,0,1,0
332,717,950,0,1,0
333,228,874,0,1,0
334,208,392,0,1,0
335,773,665,0,1,0
336,856,325,0,1,0
337,423,130,0,1,0
338,758,7,0,1,0
339,8,707,1,0,0
340,893,677,0,1,0
341,857,628,0,1,0
342,551,669,0,1,0
343,557,0,0,1,0
344,954,932,1,0,0
345,487,582,1,0,0
346,169,226,1,0,1
347,274,483,0,1,0
348,254,488,0,1,0
349,796,96,0,1,0
350,101,831,1,0,1
351,491,261,1,0,1
352,366,942,0,1,0
353,841,767,0,1,0
354,838,913,0,1,0
355,7,791,1,0,1
356,152,673,0,1,0
357,92,414,0,1,0
358,584,550,0,1,0
359,662,891,0,1,0
360,359,327,0,1,0
361,5,816,0,1,0
362,713,3,0,1,0
363,608,356,1,0,1
364,851,860,0,1,0
365,846,854,0,1,0
366,347,170,0,1,0
367,440,609,0,1,0
368,254,391,0,1,0
369,190,502,1,0,1
370,645,890,0,1,0
371,3,886,1,0,0
372,774,629,1,0,1
373,367,7,0,1,0
374,880,898,0,1,0
375,524,145,0,1,0
376,206,826,0,1,0
377,509,884,0,1,0
378,506,651,1,0,0
379,109,870,0,1,0
380,830,443,0,1,0
381,859,668,1,0,1
382,705,465,0,1,0
383,462,10,1,0,0
384,829,170,1,0,0
385,438,4,1,0,1
386,882,784,0,1,0
387,302,143,0,1,0
388,751,1,0,1,0
389,420,102,1,0,1
390,0,21,0,1,0
391,23,895,1,0,0
392,183,48,0,1,0
393,269,810,0,1,0
394,767,567,0,1,0
395,257,2,1,0,0
396,59,488,0,1,0
397,5,827,0,1,0
398,247,233,0,1,0
399,714,124,1,1,0
400,548,456,1,0,0
401,743,492,0,0,1
402,359,488,0,1,0
403,326,88,0,1,0
404,109,554,0,1,0
405,918,120,1,1,0
406,700,427,0,1,0
407,281,476,0,1,0
408,3,755,1,0,0
409,577,75,0,1,0
410,322,671,1,0,1
411,447,10,1,0,1
412,533,305,0,1,0
413,748,791,0,1,0
414,233,872,0,1,0
415,483,203,1,0,1
416,177,488,0,1,0
417,576,911,0,1,0
418,294,875,0,1,0
419,418,263,0,1,0
420,732,490,0,1,0
421,892,754,0,1,0
422,39,682,1,0,1
423,286,67,1,0,1
424,205,404,0,1,0
425,129,388,0,1,0
426,53,781,0,1,0
427,306,541,1,0,1
428,980,1,1,0,0
429,585,990,0,1,0
430,336,173,0,1,0
431,602,695,0,1,0
432,885,281,0,1,0
433,816,479,1,0,1
434,443,804,0,1,0
435,847,392,0,1,0
436,488,10,1,0,0
437,801,616,0,1,0
438,501,663,1,1,0
439,882,162,1,1,0
440,281,7,0,1,0
441,712,588,1,0,1
442,425,464,1,0,0
443,278,289,0,1,0
444,131,223,0,0,1
445,287,459,0,1,0
446,782,627,0,1,0
447,401,905,0,1,0
448,643,91,1,0,0
449,63,280,1,0,0
450,908,278,0,1,0
451,301,0,0,1,0
452,952,145,1,0,1
453,250,685,1,0,1
454,625,630,0,1,0
455,595,205,0,1,0
456,990,900,1,0,0
457,649,354,0,1,0
458,325,816,0,1,0
459,10,840,1,0,0
460,978,9,1,0,0
461,470,378,1,0,1
462,633,608,1,0,1
463,823,575,1,0,1
464,588,857,0,1,0
465,846,484,0,1,0
466,223,204,1,0,1
467,475,457,1,0,0
468,27,8,1,0,1
469,737,354,0,1,0
470,689,8,0,1,0
471,9,530,0,1,0
472,854,5,1,0,0
473,2,564,1,0,1
474,316,90,0,0,1
475,336,2,1,0,1
476,310,356,0,1,0
477,562,533,0,1,0
478,429,853,1,0,1
479,722,248,1,0,0
480,812,448,0,1,0
481,230,231,1,0,1
482,249,827,1,0,1
483,539,965,0,1,0
484,868,741,0,1,0
485,626,603,0,1,0
486,330,478,0,1,0
487,95,531,0,0,1
488,366,826,0,1,0
489,599,383,1,0,1
490,882,817,1,0,1
491,403,352,0,1,0
492,990,15,1,0,0
493,743,100,0,1,0
494,571,207,0,1,0
495,83,591,0,1,0
496,138,173,0,1,0
497,645,466,0,1,0
498,177,823,1,0,1
499,938,212,1,0,1
500,337,229,1,0,1
501,93,933,1,0,0
502,567,8,0,1,0
503,754,8,0,1,0
504,211,304,0,1,0
505,626,462,1,0,1
506,683,684,1,0,1
507,625,390,0,1,0
508,349,146,0,1,0
509,145,644,0,1,0
510,553,4,1,0,1
511,952,510,0,1,0
512,874,207,1,0,0
513,32,676,1,0,1
514,660,180,0,1,0
515,149,109,0,1,0
516,851,376,0,1,0
517,588,174,0,1,0
518,694,234,0,1,0
519,377,118,0,1,0
520,710,691,0,1,0
521,922,81,0,1,0
522,270,552,1,0,1
523,464,737,1,1,0
524,815,863,0,1,0
525,601,394,1,0,1
526,1,37,0,1,0
527,454,407,1,0,1
528,754,9,0,1,0
529,283,540,1,0,1
530,913,505,1,0,1
531,473,732,1,1,0
532,126,903,0,1,0
533,71,232,0,1,0
534,826,365,0,1,0
535,270,860,0,1,0
536,869,684,0,1,0
537,380,566,0,1,0
538,420,116,0,1,0
539,599,387,1,0,1
540,455,657,0,1,0
541,469,714,0,1,0
542,659,479,0,1,0
543,0,46,0,1,0
544,303,293,1,0,0
545,52,4,0,1,0
546,135,416,0,1,0
547,429,408,0,1,0
548,71,810,0,0,1
549,634,574,0,1,0
550,775,360,0,1,0
551,237,925,0,1,0
552,948,261,1,0,1
553,363,818,1,0,1
554,455,757,1,1,0
555,210,844,0,1,0
556,345,610,0,1,0
557,299,9,0,1,0
558,857,552,1,0,1
559,691,530,0,1,0
560,768,662,0,1,0
561,689,737,0,1,0
562,820,596,0,1,0
563,435,990,0,1,0
564,5,142,1,0,1
565,201,732,0,1,0
566,167,106,0,1,0
567,246,344,0,1,0
568,745,132,0,1,0
569,210,0,0,1,0
570,762,639,1,0,1
571,259,624,0,1,0
572,621,354,0,1,0
573,183,526,1,0,1
574,894,525,0,1,0
575,518,209,0,1,0
576,36,879,1,0,0
577,329,807,1,0,1
578,163,153,0,1,0
579,737,133,0,1,0
580,217,773,0,1,0
581,7,370,1,0,0
582,361,318,0,1,0
583,516,958,0,1,0
584,320,230,1,0,1
585,165,516,0,1,0
586,787,341,0,1,0
587,801,2,0,1,0
588,283,595,0,1,0
589,570,784,0,1,0
590,426,355,0,1,0
591,807,391,1,0,1
592,810,840,0,1,0
593,255,707,0,1,0
594,796,600,0,1,0
595,585,895,1,0,1
596,334,833,0,1,0
597,770,599,0,1,0
598,145,329,0,1,0
599,101,365,0,1,0
600,912,261,0,1,0
601,705,802,0,1,0
602,711,473,0,1,0
603,0,429,0,1,0
604,496,91,0,1,0
605,390,364,0,1,0
606,811,6,1,0,1
607,139,293,0,1,0
608,509,617,1,0,0
609,407,425,0,1,0
610,774,934,0,1,0
611,439,239,0,1,0
612,321,859,0,1,0
613,32,515,0,1,0
614,590,767,1,0,1
615,507,0,0,1,0
616,916,809,1,0,0
617,727,594,0,1,0
618,444,266,0,1,0
619,684,227,0,1,0
620,2,76,0,1,0
621,521,296,0,1,0
622,539,4,0,1,0
623,153,372,0,1,0
624,694,355,1,0,1
625,267,509,0,1,0
626,6,20,0,1,0
627,111,331,0,1,0
628,833,5,1,0,0
629,639,644,0,1,0
630,754,459,0,1,0
631,898,882,0,1,0
632,990,792,1,0,0
633,159,245,0,1,0
634,847,245,0,1,0
635,552,866,0,1,0
636,753,802,0,1,0
637,187,442,0,1,0
638,357,550,1,0,0
639,660,353,1,0,1
640,171,769,0,1,0
641,2,586,0,1,0
642,7,967,0,1,0
643,922,609,0,1,0
644,547,277,0,1,0
645,53,193,0,1,0
646,625,201,0,1,0
647,4,644,0,1,0
648,95,236,0,1,0
649,718,391,0,1,0
650,954,990,0,1,0
651,735,338,0,1,0
652,272,454,0,1,0
653,219,5,0,1,0
654,2,824,0,1,0
655,508,4,0,1,0
656,366,389,0,1,0
657,680,228,0,1,0
658,294,740,0,1,0
659,258,53,1,0,1
660,279,105,1,0,1
661,325,612,1,0,1
662,354,169,1,0,1
663,672,394,0,1,0
664,137,585,0,1,0
665,232,561,0,1,0
666,136,404,0,1,0
667,574,86,0,1,0
668,940,642,0,1,0
669,921,9,1,0,0
670,243,373,0,1,0
671,778,685,0,1,0
672,919,682,0,1,0
673,728,274,1,0,1
674,742,325,0,1,0
675,671,570,0,1,0
676,811,886,0,1,0
677,894,886,0,1,0
678,498,406,1,1,0
679,4,147,0,1,0
680,551,490,0,1,0
681,489,2,1,0,0
682,138,724,0,1,0
683,2,604,0,1,0
684,201,58,0,1,0
685,392,234,1,0,1
686,836,113,0,1,0
687,794,570,1,0,1
688,583,788,0,1,0
689,810,750,1,0,1
690,604,567,0,1,0
691,213,723,0,1,0
692,777,758,0,1,0
693,426,844,0,1,0
694,666,324,1,0,0
695,689,407,0,1,0
696,840,442,1,0,1
697,566,343,0,1,0
698,187,464,1,0,1
699,100,686,0,1,0
700,776,300,1,0,1
701,106,932,1,0,0
702,531,416,0,1,0
703,397,6,1,0,0
704,299,868,0,1,0
705,1,645,0,1,0
706,550,4,1,0,1
707,497,711,0,1,0
708,849,291,0,1,0
709,536,10,0,1,0
710,662,170,0,1,0
711,366,596,0,1,0
712,5,579,0,1,0
713,871,811,0,1,0
714,898,440,0,1,0
715,582,1,0,1,0
716,77,856,0,1,0
717,775,743,1,0,1
718,420,383,1,0,1
719,626,887,0,1,0
720,452,393,0,1,0
721,871,68,0,1,0
722,963,135,0,1,0
723,909,881,0,1,0
724,118,859,0,1,0
725,591,164,0,1,0
726,300,502,0,1,0
727,5,951,1,0,0
728,513,889,0,0,1
729,1,523,0,1,0
730,229,249,0,1,0
731,132,720,0,1,0
732,496,768,1,0,1
733,436,182,1,0,1
734,9,268,0,1,0
735,175,569,0,1,0
736,571,485,0,1,0
737,199,8,1,0,0
738,63,855,0,1,0
739,153,687,0,1,0
740,108,94,0,1,0
741,937,0,0,1,0
742,704,800,0,1,0
743,348,639,0,1,0
744,801,594,0,1,0
745,453,855,1,0,1
746,151,270,1,0,1
747,1,520,1,0,1
748,504,655,0,1,0
749,948,120,0,1,0
750,990,874,1,0,0
751,897,95,0,1,0
752,305,524,1,0,1
753,1,945,1,0,0
754,480,243,0,1,0
755,553,582,0,1,0
756,814,510,0,1,0
757,811,800,0,1,0
758,508,773,0,1,0
759,1,160,1,0,1
760,523,182,0,1,0
761,575,989,0,1,0
762,611,538,0,1,0
763,779,484,0,1,0
764,334,5,0,1,0
765,383,737,1,0,1
766,748,464,0,1,0
767,251,757,1,0,1
768,946,5,0,1,0
769,351,10,1,0,0
770,455,177,1,0,1
771,301,442,0,1,0
772,824,655,0,1,0
773,890,645,0,1,0
774,857,565,0,1,0
775,570,685,0,1,0
776,807,400,1,0,1
777,109,86,0,1,0
778,868,665,0,1,0
779,118,6,0,1,0
780,260,814,0,1,0
781,665,571,0,1,0
782,353,161,0,1,0
783,174,250,1,0,1
784,228,4,1,0,1
785,711,128,1,0,1
786,800,154,1,0,1
787,647,862,0,1,0
788,10,911,1,0,0
789,125,892,1,0,0
790,515,116,0,1,0
791,199,623,0,1,0
792,4,983,1,0,0
793,0,688,0,1,0
794,228,591,0,1,0
795,922,716,1,0,1
796,414,714,1,1,0
797,974,186,0,1,0
798,942,507,0,1,0
799,915,470,0,1,0
800,489,456,1,0,0
801,236,174,0,1,0
802,367,273,0,1,0
803,273,150,0,1,0
804,501,1,0,1,0
805,802,252,1,0,0
806,876,405,0,1,0
807,405,111,1,0,1
808,844,597,0,1,0
809,1,242,0,1,0
810,862,614,0,1,0
811,649,451,0,1,0
812,895,639,0,1,0
813,126,636,1,0,1
814,823,10,0,1,0
815,541,365,0,1,0
816,538,142,0,1,0
817,367,867,0,1,0
818,751,484,1,0,1
819,797,917,0,1,0
820,170,713,0,1,0
821,510,77,0,1,0
822,273,644,0,1,0
823,990,839,0,1,0
824,0,640,1,1,0
825,522,795,0,1,0
826,399,4,1,0,0
827,686,904,0,1,0
828,599,914,0,1,0
829,761,469,0,1,0
830,625,662,0,1,0
831,582,593,0,1,0
832,229,434,0,1,0
833,161,0,0,1,0
834,10,194,1,1,0
835,789,566,0,1,0
836,433,322,1,0,1
837,878,788,0,1,0
838,4,381,1,0,1
839,963,0,0,1,0
840,247,560,0,1,0
841,407,681,0,1,0
842,286,0,0,1,0
843,564,585,1,1,0
844,136,381,1,0,1
845,679,136,0,1,0
846,425,259,0,1,0
847,232,626,0,1,0
848,861,812,0,1,0
849,990,856,0,1,0
850,593,4,0,1,0
851,393,581,0,1,0
852,329,801,1,0,1
853,198,650,0,1,0
854,429,227,0,1,0
855,224,417,0,1,0
856,445,889,0,1,0
857,291,722,1,1,0
858,418,423,0,0,1
859,890,178,0,1,0
860,397,854,0,1,0
861,757,948,0,1,0
862,7,280,0,1,0
863,772,27,1,0,0
864,235,399,0,1,0
865,209,540,1,0,1
866,86,262,0,1,0
867,32,191,0,1,0
868,656,740,0,1,0
869,665,435,0,1,0
870,683,803,1,0,1
871,348,708,0,1,0
872,9,208,0,1,0
873,885,525,0,1,0
874,650,387,0,1,0
875,908,954,0,1,0
876,946,698,0,1,0
877,218,295,0,1,0
878,909,510,0,1,0
879,646,716,1,0,1
880,337,952,0,1,0
881,481,542,1,0,0
882,3,31,1,0,1
883,854,291,0,1,0
884,8,672,0,1,0
885,530,827,0,1,0
886,505,93,0,1,0
887,339,709,0,1,0
888,610,227,0,1,0
889,174,10,1,0,1
890,611,690,0,1,0
891,462,304,0,1,0
892,965,690,1,0,1
893,2,851,1,0,0
894,516,990,0,1,0
895,93,0,1,0,0
896,894,243,0,1,0
897,789,195,1,0,0
898,301,217,0,1,0
899,90,980,1,0,0
900,455,425,1,0,1
901,587,1,0,1,0
902,272,739,1,0,1
903,644,684,0,1,0
904,980,713,0,1,0
905,647,528,0,1,0
906,1,112,1,0,0
907,258,758,1,0,1
908,251,559,0,1,0
909,72,990,1,0,0
910,990,389,1,0,1
911,222,270,0,1,0
912,590,695,0,1,0
913,604,732,0,1,0
914,565,245,0,1,0
915,615,329,0,1,0
916,759,7,0,1,0
917,360,884,1,0,1
918,2,403,1,0,0
919,556,445,0,1,0
920,608,710,0,1,0
921,325,828,1,0,1
922,637,748,0,1,0
923,649,492,1,0,1
924,509,168,0,1,0
925,411,866,0,1,0
926,7,660,0,1,0
927,217,10,0,1,0
928,725,542,0,1,0
929,823,499,1,0,1
930,418,10,1,0,0
931,900,626,0,1,0
932,205,38,0,1,0
933,535,552,1,1,0
934,953,915,0,1,0
935,180,114,1,0,1
936,778,3,0,1,0
937,643,270,0,1,0
938,425,478,1,0,0
939,371,517,0,1,0
940,373,958,0,1,0
941,138,313,0,1,0
942,705,185,1,0,1
943,746,204,0,1,0
944,963,27,0,1,0
945,212,415,1,0,1
946,532,879,0,1,0
947,681,831,0,1,0
948,9,908,1,0,0
949,8,458,0,1,0
950,393,600,1,0,1
951,216,638,0,1,0
952,428,1,0,1,0
953,502,715,1,0,1
954,587,528,0,1,0
955,180,7,0,1,0
956,341,176,0,1,0
957,362,253,1,0,1
958,419,228,0,1,0
959,798,681,0,1,0
960,612,927,0,1,0
961,189,624,0,1,0
962,731,990,1,0,1
963,262,351,0,1,0
964,61,5,1,1,0
965,386,133,0,1,0
966,529,285,1,0,1
967,8,793,0,1,0
968,301,301,0,0,1
969,63,10,0,1,0
970,0,673,0,1,0
971,509,637,1,0,0
972,566,150,0,1,0
973,796,775,0,1,0
974,0,719,1,0,0
975,376,415,0,1,0
976,834,719,1,0,1
977,305,619,0,1,0
978,450,168,0,1,0
979,270,789,0,1,0
980,714,409,0,1,0
981,605,900,0,1,0
982,463,267,0,1,0
983,439,489,1,0,0
984,205,426,0,1,0
985,424,320,0,1,0
986,590,0,0,1,0
987,721,3,1,0,1
988,532,273,0,1,0
989,102,649,0,1,0
990,115,585,1,0,1
991,712,135,0,1,0
992,255,46,0,1,0
993,3,24,0,1,0
994,140,164,0,1,0
995,726,885,0,1,0
996,702,640,0,1,0
997,15,84,1,0,1
998,696,636,0,1,0
999,692,543,0,1,0
