Index,x,y,alive,infected,immune
0,799,320,0,1,0
1,28,681,1,0,1
2,944,213,0,0,1
3,547,885,1,0,1
4,922,765,0,1,0
5,413,101,0,1,0
6,490,95,0,1,0
7,9,559,0,1,0
8,325,798,1,0,1
9,852,589,0,1,0
10,466,172,0,1,0
11,618,138,0,1,0
12,515,4,0,1,0
13,74,315,0,1,0
14,893,272,0,1,0
15,91,722,0,1,0
16,515,328,1,0,1
17,742,710,0,1,0
18,960,157,0,1,0
19,632,832,0,1,0
20,927,562,0,1,0
21,306,358,0,1,0
22,405,831,0,1,0
23,246,101,1,0,1
24,205,397,0,1,0
25,8,153,0,1,0
26,795,9,0,1,0
27,695,419,0,1,0
28,93,165,0,1,0
29,487,898,0,1,0
30,716,690,0,1,0
31,561,4,0,1,0
32,760,872,1,0,1
33,945,301,1,0,1
34,261,857,0,1,0
35,281,5,0,1,0
36,629,7,1,0,1
37,942,655,0,1,0
38,7,585,0,1,0
39,383,765,0,1,0
40,174,66,0,1,0
41,637,540,1,0,1
42,498,178,1,0,1
43,133,418,0,1,0
44,458,280,0,1,0
45,193,127,0,1,0
46,579,921,1,0,1
47,776,566,0,1,0
48,723,345,0,1,0
49,479,153,0,1,0
50,513,918,0,1,0
51,825,734,0,1,0
52,113,399,0,1,0
53,127,358,0,1,0
54,292,800,0,1,0
55,552,297,0,0,1
56,692,175,0,1,0
57,543,269,0,1,0
58,149,380,0,1,0
59,990,407,0,1,0
60,195,611,0,1,0
61,594,6,0,1,0
62,408,969,0,1,0
63,125,408,0,1,0
64,8,962,0,1,0
65,3,349,1,0,1
66,31,838,0,1,0
67,805,830,0,1,0
68,637,771,0,1,0
69,721,931,0,1,0
70,607,819,0,1,0
71,747,10,0,1,0
72,557,758,0,1,0
73,597,758,0,1,0
74,335,0,0,1,0
75,990,163,1,0,1
76,114,343,0,1,0
77,441,238,1,0,1
78,346,766,1,0,1
79,927,75,0,1,0
80,130,505,0,1,0
81,795,888,0,1,0
82,122,134,0,1,0
83,274,928,0,1,0
84,378,533,0,1,0
85,209,329,0,1,0
86,368,651,1,0,1
87,864,598,0,1,0
88,564,120,0,1,0
89,626,926,0,1,0
90,241,186,0,1,0
91,201,494,0,1,0
92,266,518,0,1,0
93,522,920,0,1,0
94,640,402,0,1,0
95,220,919,0,1,0
96,774,900,0,1,0
97,526,537,0,1,0
98,139,54,0,1,0
99,710,153,0,1,0
100,224,268,0,1,0
101,741,372,1,0,1
102,685,920,1,0,1
103,6,33,0,0,1
104,664,435,1,0,1
105,564,570,1,0,0
106,877,267,0,1,0
107,621,188,0,1,0
108,886,401,0,1,0
109,820,604,0,0,1
110,355,900,1,0,1
111,4,776,0,1,0
112,778,455,0,1,0
113,839,383,0,1,0
114,547,286,0,1,0
115,877,552,0,1,0
116,70,949,1,0,0
117,694,843,0,1,0
118,413,5,1,0,0
119,196,748,1,1,0
120,697,498,1,0,1
121,861,529,0,1,0
122,3,481,1,0,0
123,661,65,1,0,0
124,290,410,0,1,0
125,854,587,1,0,1
126,808,1,0,1,0
127,662,742,0,1,0
128,219,737,1,0,1
129,531,5,0,1,0
130,457,877,0,1,0
131,5,180,1,0,0
132,952,258,0,1,0
133,0,274,0,1,0
134,673,616,0,1,0
135,303,455,0,1,0
136,185,184,0,1,0
137,556,539,1,0,0
138,610,717,1,0,1
139,623,160,1,0,1
140,3,421,0,1,0
141,643,651,1,0,1
142,558,375,0,1,0
143,815,158,0,1,0
144,379,620,0,1,0
145,150,50,0,1,0
146,508,602,1,0,0
147,468,673,1,1,0
148,759,320,0,1,0
149,285,206,0,1,0
150,139,200,1,0,1
151,653,412,0,1,0
152,386,458,1,0,1
153,316,347,0,1,0
154,4,901,1,0,0
155,31,121,0,1,0
156,576,558,1,0,0
157,226,299,0,1,0
158,396,704,1,0,0
159,866,602,0,1,0
160,795,738,0,1,0
161,144,567,0,1,0
162,812,804,0,1,0
163,663,218,0,1,0
164,52,556,0,1,0
165,569,861,0,1,0
166,832,315,0,1,0
167,249,203,0,1,0
168,238,1,0,1,0
169,883,2,1,0,0
170,517,689,1,1,0
171,956,504,0,1,0
172,109,292,1,0,0
173,3,926,1,0,0
174,160,901,0,1,0
175,48,40,1,0,0
176,601,405,0,1,0
177,390,397,0,1,0
178,380,657,0,1,0
179,709,2,0,1,0
180,541,95,0,1,0
181,981,578,0,1,0
182,451,883,0,1,0
183,729,268,1,0,0
184,311,293,1,0,0
185,530,60,1,0,0
186,861,320,1,0,1
187,693,449,0,1,0
188,394,990,0,1,0
189,864,47,1,0,0
190,972,503,0,1,0
191,950,7,0,1,0
192,938,226,0,1,0
193,453,200,0,1,0
194,1,537,0,1,0
195,517,298,0,1,0
196,4,676,1,0,1
197,966,990,0,1,0
198,745,944,0,1,0
199,783,563,0,1,0
200,518,608,1,0,0
201,205,828,1,0,0
202,209,875,0,1,0
203,947,2,0,1,0
204,42,737,1,0,0
205,666,917,0,1,0
206,175,287,1,0,1
207,763,345,0,1,0
208,258,611,0,1,0
209,790,58,1,0,1
210,233,990,1,0,0
211,718,771,0,1,0
212,52,563,0,1,0
213,594,817,0,1,0
214,990,506,1,0,0
215,538,744,1,0,0
216,302,80,0,1,0
217,413,272,0,1,0
218,618,427,0,1,0
219,309,10,1,0,1
220,9,785,0,0,1
221,737,175,0,1,0
222,1,550,0,1,0
223,412,143,0,1,0
224,312,439,0,1,0
225,640,683,0,1,0
226,335,564,1,0,1
227,493,639,1,0,0
228,954,714,0,1,0
229,466,316,1,1,0
230,288,130,0,1,0
231,965,166,1,1,0
232,816,123,1,1,0
233,233,766,0,1,0
234,442,621,0,1,0
235,665,489,0,1,0
236,334,881,0,1,0
237,308,2,0,1,0
238,524,432,1,0,0
239,249,895,0,1,0
240,244,110,0,0,1
241,271,923,0,1,0
242,290,261,0,1,0
243,169,357,1,0,1
244,254,857,0,1,0
245,834,617,1,0,1
246,757,183,1,0,1
247,553,856,0,1,0
248,321,3,0,1,0
249,708,781,0,1,0
250,878,591,0,1,0
251,896,661,1,0,1
252,719,655,0,1,0
253,673,53,1,0,0
254,162,254,1,0,0
255,110,471,0,1,0
256,639,396,1,1,0
257,722,600,0,1,0
258,586,614,1,0,0
259,781,826,1,0,1
260,807,457,0,1,0
261,558,496,0,1,0
262,1,515,0,1,0
263,897,626,0,1,0
264,92,603,0,1,0
265,185,366,0,1,0
266,71,942,1,0,0
267,263,31,0,0,1
268,747,136,0,1,0
269,892,9,1,0,0
270,852,682,1,0,1
271,750,268,1,0,0
272,877,968,1,0,1
273,494,682,1,0,0
274,114,395,1,0,1
275,114,981,0,1,0
276,518,130,0,0,1
277,688,638,1,0,1
278,504,511,1,0,0
279,384,5,1,0,0
280,252,247,0,1,0
281,196,707,0,1,0
282,452,630,1,1,0
283,990,904,1,0,0
284,829,768,0,1,0
285,821,9,0,1,0
286,872,963,1,0,1
287,6,39,0,1,0
288,6,695,0,1,0
289,120,727,0,1,0
290,572,379,0,1,0
291,835,111,1,0,1
292,61,861,1,0,0
293,9,244,0,1,0
294,31,851,1,1,0
295,233,645,0,1,0
296,238,705,0,1,0
297,338,119,0,1,0
298,668,740,0,1,0
299,128,268,1,0,1
300,449,726,1,0,1
301,723,567,1,0,1
302,161,149,0,0,1
303,6,498,0,1,0
304,557,260,0,1,0
305,942,5,0,1,0
306,730,121,0,1,0
307,582,290,1,0,1
308,838,10,1,0,0
309,439,248,1,0,1
310,859,334,0,1,0
311,757,483,0,1,0
312,219,750,0,1,0
313,352,7,1,0,0
314,1,244,0,1,0
315,842,754,0,1,0
316,3,790,0,1,0
317,770,748,0,0,1
318,589,777,0,1,0
319,61,990,1,0,0
320,733,852,0,1,0
321,796,571,1,0,1
322,774,773,0,1,0
323,841,678,1,0,1
324,6,503,0,1,0
325,581,873,0,1,0
326,328,47,0,1,0
327,800,486,0,1,0
328,135,488,0,1,0
329,100,440,0,1,0
330,628,804,0,1,0
331,6,150,0,1,0
332,722,931,0,1,0
333,192,915,0,1,0
334,213,406,0,1,0
335,783,645,0,1,0
336,846,315,0,1,0
337,396,111,0,1,0
338,758,8,0,1,0
339,7,707,1,0,0
340,926,644,0,1,0
341,823,663,0,1,0
342,516,672,1,1,0
343,557,1,0,1,0
344,962,950,1,0,0
345,468,603,1,0,0
346,184,273,1,0,1
347,299,461,0,1,0
348,306,460,0,1,0
349,797,118,0,1,0
350,66,820,1,0,1
351,466,276,1,0,1
352,316,885,0,1,0
353,859,805,0,1,0
354,883,929,0,1,0
355,8,791,1,0,1
356,112,695,0,1,0
357,130,421,0,1,0
358,562,597,1,0,0
359,645,925,0,1,0
360,353,331,0,1,0
361,9,816,0,1,0
362,713,5,0,1,0
363,632,325,1,0,1
364,881,878,0,1,0
365,820,869,0,1,0
366,344,181,0,1,0
367,451,629,0,1,0
368,229,384,0,1,0
369,153,471,1,0,1
370,669,889,0,1,0
371,2,886,1,0,0
372,764,637,1,0,1
373,360,964,0,1,0
374,877,932,0,1,0
375,512,158,0,1,0
376,211,781,0,1,0
377,480,847,0,1,0
378,520,630,1,0,0
379,92,812,1,0,0
380,801,415,0,1,0
381,829,642,1,0,1
382,705,408,0,1,0
383,462,10,1,0,0
384,837,159,1,0,0
385,438,2,1,0,1
386,881,771,0,1,0
387,307,104,1,0,0
388,751,0,0,1,0
389,390,125,1,0,1
390,3,21,0,1,0
391,73,891,1,0,0
392,195,45,0,1,0
393,263,840,0,1,0
394,748,554,0,1,0
395,257,7,1,0,0
396,57,496,0,1,0
397,9,827,0,1,0
398,234,165,0,1,0
399,687,131,1,0,0
400,536,443,1,0,0
401,727,509,0,0,1
402,356,478,0,1,0
403,315,79,0,1,0
404,143,572,0,1,0
405,918,170,1,0,0
406,740,474,0,1,0
407,331,512,0,1,0
408,3,755,1,0,0
409,599,92,0,1,0
410,309,610,1,0,1
411,447,10,1,0,1
412,549,298,0,1,0
413,760,792,0,1,0
414,240,825,0,1,0
415,490,241,1,0,1
416,144,540,0,1,0
417,569,915,0,1,0
418,316,850,0,1,0
419,400,246,0,1,0
420,727,538,0,1,0
421,884,763,0,1,0
422,65,707,1,0,1
423,292,86,1,0,1
424,164,360,0,1,0
425,136,394,0,1,0
426,74,784,0,1,0
427,330,566,1,0,1
428,980,3,1,0,0
429,583,955,0,1,0
430,346,138,0,1,0
431,578,700,0,1,0
432,875,288,0,1,0
433,840,463,1,0,1
434,412,803,1,0,0
435,833,396,0,1,0
436,488,10,1,0,0
437,788,609,0,1,0
438,522,645,1,0,0
439,860,189,1,0,0
440,297,50,0,1,0
441,753,585,1,0,1
442,432,459,1,0,0
443,237,273,0,1,0
444,114,218,0,0,1
445,297,457,0,1,0
446,796,696,0,1,0
447,389,931,0,1,0
448,657,98,1,0,0
449,100,264,1,0,0
450,912,316,0,1,0
451,301,0,0,1,0
452,930,132,1,0,1
453,235,644,1,1,0
454,627,624,0,1,0
455,619,216,0,1,0
456,990,900,1,0,0
457,640,372,0,1,0
458,325,810,0,1,0
459,10,840,1,0,0
460,978,7,1,0,0
461,443,393,1,0,1
462,605,557,1,0,1
463,839,538,1,0,1
464,572,815,0,1,0
465,831,493,0,1,0
466,253,178,1,0,1
467,477,442,1,0,0
468,27,9,1,0,1
469,710,376,0,1,0
470,689,6,0,1,0
471,7,530,0,1,0
472,854,2,1,0,0
473,6,564,1,0,1
474,274,77,0,0,1
475,336,0,1,0,1
476,314,375,0,1,0
477,521,479,1,0,0
478,386,852,1,0,1
479,772,234,1,0,0
480,839,428,0,1,0
481,255,258,1,0,1
482,262,791,1,0,1
483,551,959,0,1,0
484,911,754,0,1,0
485,616,633,0,1,0
486,331,483,0,1,0
487,127,537,0,0,1
488,360,793,1,0,0
489,599,391,1,0,1
490,886,808,1,0,1
491,401,310,0,1,0
492,990,15,1,0,0
493,767,100,0,1,0
494,524,233,0,1,0
495,87,580,0,1,0
496,134,164,0,1,0
497,644,414,0,1,0
498,155,768,1,1,0
499,913,238,1,0,1
500,321,245,1,0,1
501,99,943,1,0,0
502,567,9,0,1,0
503,754,5,0,1,0
504,224,337,0,1,0
505,639,472,1,0,1
506,704,672,1,0,1
507,607,373,0,1,0
508,353,97,0,1,0
509,118,634,0,1,0
510,553,2,1,0,1
511,901,501,0,1,0
512,889,194,1,0,0
513,78,664,1,0,1
514,661,180,0,1,0
515,151,95,0,1,0
516,839,371,0,1,0
517,606,202,0,1,0
518,654,241,0,1,0
519,376,107,0,1,0
520,712,681,0,1,0
521,896,92,0,1,0
522,309,586,1,0,1
523,501,729,1,0,0
524,827,852,0,1,0
525,603,394,1,0,1
526,8,37,0,1,0
527,412,411,1,0,1
528,754,1,0,1,0
529,300,520,1,0,1
530,900,528,1,0,1
531,499,725,1,0,0
532,117,909,0,1,0
533,47,224,0,1,0
534,852,408,0,1,0
535,231,876,0,1,0
536,872,678,0,1,0
537,377,542,0,1,0
538,447,154,0,1,0
539,579,369,1,0,1
540,496,713,0,1,0
541,500,708,0,1,0
542,684,463,0,1,0
543,1,46,0,1,0
544,312,291,1,0,0
545,52,3,1,0,0
546,121,421,0,1,0
547,430,442,0,1,0
548,115,743,1,1,0
549,603,541,0,1,0
550,769,377,0,1,0
551,265,913,0,1,0
552,930,309,1,0,1
553,378,827,1,1,0
554,537,737,1,0,0
555,183,852,0,1,0
556,356,581,0,1,0
557,299,9,0,1,0
558,874,579,1,0,1
559,696,513,0,1,0
560,774,658,0,1,0
561,690,750,0,1,0
562,872,601,0,1,0
563,435,990,0,1,0
564,4,142,1,0,1
565,216,729,1,0,0
566,192,122,0,1,0
567,250,376,0,1,0
568,748,131,0,1,0
569,204,989,0,1,0
570,808,644,1,0,1
571,246,630,0,1,0
572,558,316,0,1,0
573,232,521,1,0,1
574,870,492,0,1,0
575,507,201,0,1,0
576,48,900,1,0,0
577,331,829,1,0,1
578,170,151,0,1,0
579,718,119,0,1,0
580,189,755,0,1,0
581,1,370,1,0,0
582,377,332,0,1,0
583,502,951,0,1,0
584,324,243,1,0,1
585,123,547,0,1,0
586,794,343,0,1,0
587,801,0,0,1,0
588,251,574,0,1,0
589,548,787,0,1,0
590,431,311,0,1,0
591,801,373,1,0,1
592,814,838,0,1,0
593,277,688,0,1,0
594,779,592,0,1,0
595,589,880,1,0,1
596,325,841,0,1,0
597,728,578,0,1,0
598,153,314,0,1,0
599,93,373,0,1,0
600,935,245,0,1,0
601,742,785,0,1,0
602,731,448,0,1,0
603,1,429,0,1,0
604,529,86,0,1,0
605,364,416,0,1,0
606,811,7,1,0,1
607,143,336,0,1,0
608,548,656,1,0,0
609,335,394,0,1,0
610,753,950,0,1,0
611,422,276,0,1,0
612,328,872,0,1,0
613,55,553,0,1,0
614,598,748,1,0,1
615,507,8,0,1,0
616,946,791,1,0,0
617,731,610,0,1,0
618,453,224,0,1,0
619,661,188,0,1,0
620,8,76,0,1,0
621,539,342,0,1,0
622,539,5,0,1,0
623,135,338,0,1,0
624,702,348,1,0,1
625,240,483,0,1,0
626,1,20,0,1,0
627,176,351,0,1,0
628,833,7,1,0,0
629,657,642,0,1,0
630,743,517,0,1,0
631,895,932,0,1,0
632,990,792,1,0,0
633,189,280,0,1,0
634,873,285,0,1,0
635,523,870,0,1,0
636,785,832,0,1,0
637,186,475,0,1,0
638,363,535,1,0,0
639,649,365,1,0,1
640,185,716,0,1,0
641,6,586,0,1,0
642,9,967,0,1,0
643,917,578,0,1,0
644,503,257,0,1,0
645,62,197,0,1,0
646,607,186,0,1,0
647,0,644,0,1,0
648,80,281,0,1,0
649,693,423,0,1,0
650,954,990,0,1,0
651,798,325,0,1,0
652,261,416,0,1,0
653,219,4,1,0,0
654,0,824,0,1,0
655,508,8,0,1,0
656,395,406,0,1,0
657,654,210,0,1,0
658,271,713,0,1,0
659,262,52,1,0,1
660,301,117,1,0,1
661,356,601,1,0,1
662,343,129,1,1,0
663,702,395,0,1,0
664,130,596,0,1,0
665,253,534,0,1,0
666,123,395,0,1,0
667,562,135,0,1,0
668,920,648,0,1,0
669,921,4,1,0,0
670,250,370,0,1,0
671,802,666,0,1,0
672,899,658,0,1,0
673,775,306,1,0,1
674,706,299,0,1,0
675,664,589,1,1,0
676,821,858,0,1,0
677,878,906,0,1,0
678,483,380,1,0,0
679,2,147,0,1,0
680,561,501,1,1,0
681,489,9,1,0,0
682,179,735,1,0,0
683,8,604,0,1,0
684,200,73,0,1,0
685,413,182,1,0,1
686,880,82,0,1,0
687,803,558,1,0,1
688,545,790,0,1,0
689,809,743,1,0,1
690,601,572,0,1,0
691,247,741,0,1,0
692,820,743,0,1,0
693,457,876,0,1,0
694,684,275,1,0,0
695,673,410,0,1,0
696,797,419,1,0,1
697,559,346,0,1,0
698,209,461,1,0,1
699,129,679,0,1,0
700,737,302,1,0,1
701,82,953,1,0,0
702,511,430,0,1,0
703,397,9,1,0,0
704,279,853,0,1,0
705,6,645,0,1,0
706,558,980,1,0,1
707,486,691,0,1,0
708,852,293,0,1,0
709,536,10,0,1,0
710,683,160,0,1,0
711,416,569,1,1,0
712,7,579,0,1,0
713,886,819,0,1,0
714,906,438,0,1,0
715,582,7,0,1,0
716,102,858,0,1,0
717,786,716,1,0,1
718,410,369,1,0,1
719,627,900,0,1,0
720,441,425,0,1,0
721,823,112,1,0,0
722,973,183,0,1,0
723,929,882,0,1,0
724,119,832,0,1,0
725,556,210,0,1,0
726,293,463,0,1,0
727,4,951,1,0,0
728,486,855,0,0,1
729,9,523,0,1,0
730,205,209,0,1,0
731,146,697,0,1,0
732,505,787,1,0,1
733,447,159,1,0,1
734,0,268,0,1,0
735,158,571,0,1,0
736,555,460,1,0,0
737,199,7,1,0,0
738,38,822,0,1,0
739,132,710,0,1,0
740,111,113,0,1,0
741,937,2,0,1,0
742,696,817,0,1,0
743,349,629,0,1,0
744,841,619,0,1,0
745,452,847,1,0,1
746,178,296,1,0,1
747,3,520,1,0,1
748,474,674,0,1,0
749,927,113,1,0,0
750,990,874,1,0,0
751,929,108,0,1,0
752,296,507,1,0,1
753,9,945,1,0,0
754,527,271,0,1,0
755,513,523,1,0,0
756,868,516,0,1,0
757,879,835,0,1,0
758,488,800,0,1,0
759,9,160,1,0,1
760,585,214,0,1,0
761,583,954,0,1,0
762,649,521,0,1,0
763,795,501,0,1,0
764,334,1,0,1,0
765,400,720,1,0,1
766,699,464,0,1,0
767,262,757,1,0,1
768,946,5,0,1,0
769,351,10,1,0,0
770,403,176,1,0,1
771,333,498,0,1,0
772,871,687,0,1,0
773,903,587,0,1,0
774,858,576,0,1,0
775,591,713,0,1,0
776,842,398,1,0,1
777,134,55,0,1,0
778,895,655,0,1,0
779,118,2,1,0,0
780,240,803,0,1,0
781,623,569,0,1,0
782,396,145,0,1,0
783,171,223,1,0,1
784,228,9,1,0,1
785,725,89,1,0,1
786,866,158,1,0,1
787,622,857,0,1,0
788,10,911,1,0,0
789,91,940,1,0,0
790,521,121,0,1,0
791,170,645,0,1,0
792,2,983,1,0,0
793,6,688,0,1,0
794,220,585,0,1,0
795,933,717,1,0,1
796,432,710,1,0,0
797,958,221,0,1,0
798,914,546,0,1,0
799,877,482,0,1,0
800,461,457,1,0,0
801,252,188,0,1,0
802,375,276,0,1,0
803,250,153,0,1,0
804,501,9,0,1,0
805,802,252,1,0,0
806,864,389,0,1,0
807,401,105,1,0,1
808,815,622,0,1,0
809,3,242,0,1,0
810,847,655,0,1,0
811,681,397,0,1,0
812,881,639,0,1,0
813,159,634,1,0,1
814,823,10,0,1,0
815,526,350,0,1,0
816,544,163,0,1,0
817,400,865,0,1,0
818,683,528,1,0,1
819,799,921,0,1,0
820,156,692,0,1,0
821,535,100,0,1,0
822,249,645,0,1,0
823,990,839,0,1,0
824,27,701,1,0,0
825,521,794,0,1,0
826,399,4,1,0,0
827,649,880,0,1,0
828,596,943,0,1,0
829,760,487,0,1,0
830,601,673,0,1,0
831,601,584,1,0,0
832,250,437,0,1,0
833,161,3,0,1,0
834,10,194,1,0,0
835,793,510,0,1,0
836,470,333,1,0,1
837,877,797,0,1,0
838,44,404,1,0,1
839,963,2,1,1,0
840,231,543,0,1,0
841,375,719,1,1,0
842,269,975,0,1,0
843,536,585,1,0,0
844,152,380,1,0,1
845,671,147,0,1,0
846,439,244,0,1,0
847,200,629,0,1,0
848,885,832,0,1,0
849,990,856,0,1,0
850,593,5,0,1,0
851,406,588,0,1,0
852,318,775,1,0,1
853,186,661,0,1,0
854,442,182,0,1,0
855,187,397,0,1,0
856,437,907,0,1,0
857,313,756,1,0,0
858,383,423,0,0,1
859,928,135,0,1,0
860,383,859,0,1,0
861,769,950,0,1,0
862,6,280,0,1,0
863,769,44,1,0,0
864,205,330,0,1,0
865,247,572,1,0,1
866,105,246,0,1,0
867,78,211,0,1,0
868,680,699,0,1,0
869,702,410,0,1,0
870,689,819,1,0,1
871,364,723,0,1,0
872,40,200,0,1,0
873,915,524,0,1,0
874,657,355,0,1,0
875,923,941,0,1,0
876,950,730,0,1,0
877,231,277,0,1,0
878,931,531,0,1,0
879,604,740,1,0,1
880,373,975,0,1,0
881,467,524,1,0,0
882,4,31,1,0,1
883,858,300,0,1,0
884,4,672,0,1,0
885,576,841,0,1,0
886,504,152,0,1,0
887,380,733,0,1,0
888,574,221,0,1,0
889,174,10,1,0,1
890,595,662,0,1,0
891,471,288,0,1,0
892,956,678,1,0,1
893,1,851,1,0,0
894,516,990,0,1,0
895,93,4,1,0,0
896,880,269,0,1,0
897,762,207,1,0,0
898,303,195,0,1,0
899,86,971,1,0,0
900,446,378,1,0,1
901,587,8,0,1,0
902,269,765,1,0,1
903,629,680,0,1,0
904,954,722,0,1,0
905,647,505,0,1,0
906,0,112,1,0,0
907,273,775,1,0,1
908,212,586,0,1,0
909,82,983,1,0,0
910,990,389,1,0,1
911,190,269,0,1,0
912,592,663,0,1,0
913,594,719,0,1,0
914,554,229,0,1,0
915,619,361,0,1,0
916,767,982,0,1,0
917,394,860,1,0,1
918,0,403,1,0,0
919,579,400,0,1,0
920,575,699,0,1,0
921,293,848,1,0,1
922,617,774,0,1,0
923,646,481,1,0,1
924,535,134,0,1,0
925,444,832,0,1,0
926,963,661,0,1,0
927,217,10,1,0,0
928,688,523,0,1,0
929,820,496,1,0,1
930,418,10,1,0,0
931,910,631,0,1,0
932,163,57,0,1,0
933,498,553,1,0,0
934,932,954,0,1,0
935,159,113,1,0,1
936,778,1,0,1,0
937,653,292,1,1,0
938,433,472,1,0,0
939,381,509,1,0,0
940,360,930,0,1,0
941,117,305,0,1,0
942,704,180,1,0,1
943,728,178,0,1,0
944,942,23,1,0,0
945,176,400,1,0,1
946,517,889,0,1,0
947,624,837,0,1,0
948,1,908,1,0,0
949,960,480,0,1,0
950,393,586,1,0,1
951,234,595,0,1,0
952,428,1,0,1,0
953,506,665,1,1,0
954,607,532,0,1,0
955,180,0,0,1,0
956,338,168,0,1,0
957,391,262,1,1,0
958,397,277,0,1,0
959,794,681,0,1,0
960,584,964,0,1,0
961,235,606,0,1,0
962,731,990,1,0,1
963,258,339,0,1,0
964,61,3,1,0,0
965,358,137,0,1,0
966,501,262,1,0,1
967,3,793,0,1,0
968,273,293,0,0,1
969,73,32,0,1,0
970,0,673,0,1,0
971,483,625,1,0,0
972,543,152,0,1,0
973,788,776,0,1,0
974,2,719,1,0,0
975,349,421,0,1,0
976,827,674,1,0,1
977,302,620,0,1,0
978,484,162,0,1,0
979,246,782,0,1,0
980,723,410,0,1,0
981,637,871,0,1,0
982,458,233,0,1,0
983,437,493,1,0,0
984,212,454,0,1,0
985,444,321,0,1,0
986,575,968,0,1,0
987,721,8,1,0,1
988,523,289,0,1,0
989,106,652,0,1,0
990,87,580,1,0,1
991,706,137,0,1,0
992,236,60,0,1,0
993,7,24,0,1,0
994,163,178,0,1,0
995,740,890,0,1,0
996,653,625,0,1,0
997,73,102,1,0,1
998,706,611,0,1,0
999,689,550,0,1,0
