Index,x,y,alive,infected,immune
0,783,310,0,1,0
1,26,686,1,0,1
2,963,192,0,0,1
3,517,839,1,0,1
4,898,767,0,1,0
5,429,104,0,1,0
6,475,83,0,1,0
7,1,559,0,1,0
8,303,792,1,0,1
9,878,576,0,1,0
10,423,149,0,1,0
11,626,148,0,1,0
12,498,960,0,1,0
13,73,307,0,1,0
14,860,273,0,1,0
15,54,748,0,1,0
16,500,291,1,0,1
17,770,682,0,1,0
18,985,174,0,1,0
19,618,818,0,1,0
20,941,583,0,1,0
21,312,376,0,1,0
22,410,833,0,1,0
23,239,96,1,0,1
24,217,394,0,1,0
25,2,153,0,1,0
26,795,9,0,1,0
27,689,433,0,1,0
28,76,132,0,1,0
29,481,886,0,1,0
30,716,715,0,1,0
31,561,1,0,1,0
32,762,907,1,0,1
33,964,285,1,0,1
34,271,854,0,1,0
35,281,0,0,1,0
36,629,7,1,0,1
37,923,676,0,1,0
38,2,585,0,1,0
39,414,765,0,1,0
40,178,39,0,1,0
41,648,553,1,0,1
42,488,172,1,0,1
43,116,413,0,1,0
44,479,295,0,1,0
45,214,109,0,1,0
46,554,908,1,0,1
47,798,589,0,1,0
48,720,349,0,1,0
49,455,165,0,1,0
50,504,898,0,1,0
51,847,693,0,1,0
52,97,390,0,1,0
53,145,358,0,1,0
54,295,791,0,1,0
55,562,290,0,0,1
56,693,166,0,1,0
57,541,254,0,1,0
58,180,392,0,1,0
59,990,407,0,1,0
60,219,594,0,1,0
61,594,7,0,1,0
62,374,977,0,1,0
63,153,417,0,1,0
64,2,962,0,1,0
65,0,349,1,0,1
66,42,803,0,1,0
67,798,825,0,1,0
68,625,767,0,1,0
69,732,905,0,1,0
70,582,834,0,1,0
71,747,10,0,1,0
72,560,764,0,1,0
73,603,755,0,1,0
74,335,1,0,1,0
75,990,163,1,0,1
76,116,355,0,1,0
77,430,254,1,0,1
78,365,748,1,0,1
79,931,78,0,1,0
80,116,524,0,1,0
81,773,857,0,1,0
82,118,117,0,1,0
83,270,920,0,1,0
84,366,539,0,1,0
85,207,323,0,1,0
86,368,675,1,0,1
87,843,611,0,1,0
88,535,151,0,1,0
89,654,912,0,1,0
90,270,219,0,1,0
91,235,508,0,1,0
92,271,493,0,1,0
93,507,928,0,1,0
94,670,417,0,1,0
95,214,928,0,1,0
96,771,942,0,1,0
97,542,537,0,1,0
98,146,44,0,1,0
99,669,172,0,1,0
100,224,271,0,1,0
101,725,374,1,0,1
102,695,901,1,0,1
103,4,33,0,0,1
104,677,465,1,0,1
105,582,587,1,0,0
106,861,262,0,1,0
107,599,198,0,1,0
108,875,404,0,1,0
109,805,598,0,0,1
110,352,874,1,1,0
111,0,776,0,1,0
112,753,442,0,1,0
113,835,376,0,1,0
114,573,316,0,1,0
115,906,532,0,1,0
116,77,973,1,0,0
117,720,849,0,1,0
118,413,5,1,0,0
119,195,747,1,0,0
120,709,509,1,0,1
121,883,536,0,1,0
122,2,481,1,0,0
123,681,99,1,0,0
124,290,399,0,1,0
125,827,625,1,0,1
126,808,1,0,1,0
127,672,757,0,1,0
128,210,747,1,0,1
129,531,2,0,1,0
130,441,864,0,1,0
131,7,180,1,0,0
132,921,272,0,1,0
133,9,274,0,1,0
134,654,616,0,1,0
135,308,428,0,1,0
136,208,207,0,1,0
137,575,560,1,0,0
138,615,690,1,0,1
139,625,166,1,0,1
140,4,421,0,1,0
141,636,671,1,0,1
142,577,397,1,1,0
143,788,152,0,1,0
144,366,622,0,1,0
145,173,65,0,1,0
146,507,576,1,0,0
147,468,677,1,0,0
148,764,333,0,1,0
149,299,174,0,1,0
150,101,200,1,0,1
151,656,404,0,1,0
152,366,429,1,0,1
153,319,364,0,1,0
154,7,901,1,0,0
155,66,125,0,1,0
156,583,562,1,0,0
157,221,301,0,1,0
158,420,715,1,0,0
159,875,599,0,1,0
160,805,735,0,1,0
161,147,573,0,1,0
162,803,793,0,1,0
163,648,197,0,1,0
164,52,546,0,1,0
165,550,868,0,1,0
166,861,326,0,1,0
167,254,218,0,1,0
168,238,8,0,1,0
169,883,3,1,0,0
170,516,673,1,1,0
171,963,515,0,1,0
172,117,247,1,0,0
173,1,926,1,0,0
174,132,903,1,1,0
175,41,63,1,0,0
176,612,400,0,1,0
177,383,422,0,1,0
178,415,639,0,1,0
179,709,2,0,1,0
180,511,84,0,1,0
181,965,596,0,1,0
182,445,885,0,1,0
183,742,248,1,0,0
184,314,315,1,0,0
185,515,35,1,0,0
186,861,333,1,0,1
187,692,480,0,1,0
188,394,990,0,1,0
189,841,72,1,0,0
190,943,533,0,1,0
191,950,8,0,1,0
192,918,226,0,1,0
193,462,216,0,1,0
194,4,537,0,1,0
195,521,335,0,1,0
196,9,676,1,0,1
197,966,990,1,0,0
198,771,926,0,1,0
199,841,568,0,1,0
200,516,594,1,0,0
201,186,797,1,0,0
202,236,854,0,1,0
203,947,8,0,1,0
204,48,721,1,0,0
205,659,944,0,1,0
206,183,295,1,1,0
207,774,296,0,1,0
208,270,630,0,1,0
209,802,54,1,0,1
210,233,990,1,0,0
211,735,777,0,1,0
212,82,590,0,1,0
213,588,795,0,1,0
214,990,506,1,0,0
215,524,732,1,0,0
216,302,69,0,1,0
217,380,265,0,1,0
218,629,415,0,1,0
219,309,10,1,0,1
220,4,785,0,0,1
221,729,172,0,1,0
222,8,550,0,1,0
223,392,143,0,1,0
224,268,458,0,1,0
225,659,653,0,1,0
226,334,543,1,1,0
227,484,658,1,0,0
228,955,719,0,1,0
229,439,321,1,0,0
230,278,151,0,1,0
231,963,173,1,0,0
232,811,138,1,0,0
233,223,760,0,1,0
234,453,632,0,1,0
235,672,488,0,1,0
236,342,883,0,1,0
237,308,8,0,1,0
238,527,406,1,0,0
239,234,891,0,1,0
240,265,101,0,0,1
241,267,924,0,1,0
242,328,261,0,1,0
243,205,367,1,0,1
244,233,848,0,1,0
245,829,610,1,0,1
246,762,171,1,0,1
247,556,864,0,1,0
248,321,9,0,1,0
249,675,790,0,1,0
250,866,571,0,1,0
251,897,641,1,0,1
252,716,645,0,1,0
253,662,48,1,0,0
254,185,265,1,0,0
255,101,462,0,1,0
256,647,419,1,1,0
257,729,597,0,1,0
258,576,602,1,0,0
259,779,813,1,0,1
260,834,473,0,1,0
261,544,530,1,1,0
262,3,515,0,1,0
263,887,640,0,1,0
264,92,596,0,1,0
265,167,383,0,1,0
266,84,928,1,0,0
267,243,59,0,0,1
268,732,142,0,1,0
269,892,8,1,0,0
270,859,662,1,0,1
271,746,274,1,0,0
272,873,954,1,0,1
273,483,681,1,0,0
274,122,402,1,0,1
275,143,976,0,1,0
276,513,136,0,0,1
277,671,588,1,1,0
278,527,478,1,0,0
279,384,0,1,0,0
280,271,252,0,1,0
281,191,703,0,1,0
282,468,631,1,0,0
283,990,904,1,0,0
284,810,751,0,1,0
285,821,5,0,1,0
286,883,954,1,0,1
287,8,39,0,1,0
288,3,695,0,1,0
289,120,738,0,1,0
290,564,392,0,1,0
291,827,120,1,0,1
292,70,869,1,0,0
293,5,244,0,1,0
294,57,854,1,1,0
295,237,667,0,1,0
296,258,719,0,1,0
297,335,132,0,1,0
298,680,729,0,1,0
299,112,256,1,0,1
300,453,703,1,0,1
301,693,564,1,0,1
302,138,147,0,0,1
303,4,498,0,1,0
304,549,275,0,1,0
305,942,8,1,1,0
306,714,135,0,1,0
307,596,286,1,0,1
308,838,10,1,0,0
309,448,288,1,0,1
310,846,323,0,1,0
311,754,497,0,1,0
312,230,747,0,1,0
313,352,3,1,0,0
314,2,244,0,1,0
315,848,749,0,1,0
316,8,790,0,1,0
317,754,749,0,0,1
318,589,770,0,1,0
319,61,990,1,0,0
320,718,858,0,1,0
321,789,594,1,0,1
322,788,759,0,1,0
323,827,648,1,0,1
324,9,503,0,1,0
325,572,865,0,1,0
326,347,69,0,1,0
327,812,494,0,1,0
328,134,488,0,1,0
329,114,457,0,1,0
330,621,783,0,1,0
331,4,150,0,1,0
332,700,927,0,1,0
333,179,919,0,1,0
334,217,407,0,1,0
335,812,669,0,1,0
336,845,292,0,1,0
337,378,103,0,1,0
338,758,3,0,1,0
339,7,707,1,0,0
340,922,652,0,1,0
341,817,688,0,1,0
342,491,660,1,0,0
343,557,6,0,1,0
344,952,953,1,0,0
345,438,586,1,0,0
346,203,270,1,0,1
347,323,455,0,1,0
348,329,447,0,1,0
349,787,133,0,1,0
350,66,823,1,0,1
351,489,282,1,0,1
352,343,888,0,1,0
353,831,808,0,1,0
354,901,949,0,1,0
355,8,791,1,0,1
356,85,702,0,1,0
357,113,429,0,1,0
358,558,602,1,0,0
359,634,925,0,1,0
360,370,352,0,1,0
361,7,816,0,1,0
362,713,3,0,1,0
363,625,316,1,0,1
364,880,882,0,1,0
365,829,846,0,1,0
366,345,191,0,1,0
367,431,623,0,1,0
368,222,388,0,1,0
369,172,437,1,0,1
370,667,882,0,1,0
371,1,886,1,0,0
372,757,623,1,0,1
373,368,973,0,1,0
374,859,920,0,1,0
375,504,152,0,1,0
376,211,790,0,1,0
377,507,853,0,1,0
378,499,655,1,0,0
379,100,795,1,0,0
380,801,393,0,1,0
381,834,662,1,0,1
382,717,421,0,1,0
383,462,10,1,0,0
384,824,155,1,0,0
385,438,0,1,0,1
386,877,749,0,1,0
387,302,111,1,0,0
388,751,0,0,1,0
389,382,139,1,0,1
390,0,21,0,1,0
391,81,906,1,0,0
392,200,80,0,1,0
393,296,825,0,1,0
394,738,550,0,1,0
395,257,1,1,0,0
396,71,509,0,1,0
397,7,827,0,1,0
398,216,162,0,1,0
399,666,98,1,0,0
400,549,437,1,0,0
401,728,541,0,0,1
402,366,488,0,1,0
403,310,87,0,1,0
404,170,569,0,1,0
405,911,154,1,0,0
406,752,484,0,1,0
407,309,488,0,1,0
408,4,755,1,0,0
409,600,78,0,1,0
410,293,645,1,0,1
411,447,10,1,0,1
412,538,307,1,1,0
413,756,792,0,1,0
414,237,837,0,1,0
415,505,234,1,0,1
416,153,529,0,1,0
417,537,883,0,1,0
418,286,844,0,1,0
419,401,265,0,1,0
420,717,538,0,1,0
421,883,752,0,1,0
422,72,715,1,0,1
423,309,82,1,0,1
424,144,344,0,1,0
425,145,393,0,1,0
426,61,803,0,1,0
427,342,561,1,0,1
428,980,2,1,0,0
429,560,968,0,1,0
430,359,132,0,1,0
431,566,706,0,1,0
432,891,285,0,1,0
433,850,482,1,0,1
434,393,801,1,0,0
435,811,386,0,1,0
436,488,10,1,0,0
437,805,609,0,1,0
438,497,616,1,0,0
439,867,180,1,0,0
440,304,68,0,1,0
441,741,571,1,0,1
442,446,482,1,0,0
443,222,247,0,1,0
444,103,216,0,0,1
445,266,446,0,1,0
446,809,695,0,1,0
447,406,935,0,1,0
448,681,79,1,0,0
449,88,274,1,0,0
450,902,309,0,1,0
451,301,7,0,1,0
452,961,111,1,0,1
453,195,668,1,0,0
454,606,645,0,1,0
455,611,248,0,1,0
456,990,900,1,0,0
457,648,394,0,1,0
458,337,804,0,1,0
459,10,840,1,0,0
460,978,2,1,0,0
461,411,403,1,0,1
462,600,544,1,0,1
463,835,519,1,1,0
464,539,817,0,1,0
465,833,509,0,1,0
466,267,148,1,1,0
467,463,424,1,0,0
468,27,2,1,0,1
469,736,387,0,1,0
470,689,5,0,1,0
471,2,530,0,1,0
472,854,3,1,0,0
473,2,564,1,0,1
474,260,86,0,0,1
475,336,2,1,0,1
476,348,374,0,1,0
477,481,474,1,0,0
478,377,869,1,0,1
479,782,224,1,0,0
480,836,442,0,1,0
481,279,231,1,0,1
482,254,794,1,0,1
483,548,912,0,1,0
484,923,756,0,1,0
485,618,611,0,1,0
486,343,480,0,1,0
487,124,591,0,0,1
488,358,792,1,0,0
489,602,384,1,0,1
490,884,829,1,0,1
491,382,319,0,1,0
492,990,15,1,0,0
493,786,96,0,1,0
494,557,248,0,1,0
495,113,565,0,1,0
496,157,131,0,1,0
497,607,429,0,1,0
498,142,763,1,1,0
499,900,265,1,0,1
500,313,219,1,0,1
501,121,952,1,0,0
502,567,6,0,1,0
503,754,2,0,1,0
504,245,361,0,1,0
505,626,463,1,0,1
506,719,715,1,0,1
507,611,359,0,1,0
508,348,114,0,1,0
509,99,634,0,1,0
510,553,6,1,0,1
511,870,529,0,1,0
512,889,173,1,0,0
513,80,671,1,0,1
514,644,167,0,1,0
515,114,102,0,1,0
516,817,380,0,1,0
517,604,149,0,1,0
518,644,228,0,1,0
519,398,102,0,1,0
520,724,651,0,1,0
521,914,94,0,1,0
522,306,585,1,0,1
523,479,720,1,0,0
524,814,855,0,1,0
525,628,417,1,1,0
526,3,37,0,1,0
527,397,400,1,1,0
528,754,9,0,1,0
529,308,563,1,0,1
530,903,530,1,0,1
531,496,708,1,0,0
532,106,906,0,1,0
533,69,204,0,1,0
534,831,413,0,1,0
535,231,876,0,1,0
536,864,664,0,1,0
537,358,547,0,1,0
538,413,159,0,1,0
539,576,369,1,0,1
540,513,701,0,1,0
541,513,697,1,1,0
542,677,474,0,1,0
543,5,46,0,1,0
544,312,304,1,0,0
545,52,6,1,0,0
546,126,425,0,1,0
547,429,414,1,1,0
548,74,741,1,0,0
549,606,559,0,1,0
550,756,382,0,1,0
551,265,935,1,0,0
552,894,301,1,0,1
553,392,857,1,1,0
554,518,751,1,0,0
555,164,873,0,1,0
556,330,581,0,1,0
557,299,5,0,1,0
558,857,565,1,0,1
559,717,528,0,1,0
560,756,651,0,1,0
561,696,752,0,1,0
562,885,613,0,1,0
563,435,990,0,1,0
564,7,142,1,0,1
565,205,711,1,0,0
566,174,99,0,1,0
567,261,347,0,1,0
568,766,95,0,1,0
569,172,961,0,1,0
570,818,629,1,0,1
571,277,626,1,1,0
572,537,310,0,1,0
573,215,538,1,0,1
574,872,484,0,1,0
575,485,188,0,1,0
576,58,899,1,0,0
577,310,849,1,0,1
578,176,173,0,1,0
579,764,139,0,1,0
580,224,787,1,0,0
581,6,370,1,0,0
582,370,311,0,1,0
583,510,940,0,1,0
584,310,214,1,0,1
585,128,544,0,1,0
586,787,342,0,1,0
587,801,0,0,1,0
588,259,553,0,1,0
589,531,778,0,1,0
590,439,311,0,1,0
591,826,348,1,0,1
592,821,849,0,1,0
593,275,684,0,1,0
594,767,594,0,1,0
595,554,902,1,0,1
596,316,823,0,1,0
597,741,580,0,1,0
598,136,329,0,1,0
599,97,365,0,1,0
600,932,258,0,1,0
601,714,779,0,1,0
602,758,463,0,1,0
603,7,429,0,1,0
604,531,74,0,1,0
605,375,416,0,1,0
606,811,8,1,0,1
607,136,326,0,1,0
608,556,659,1,0,0
609,319,376,0,1,0
610,771,939,0,1,0
611,436,279,0,1,0
612,329,884,0,1,0
613,56,541,0,1,0
614,615,749,1,0,1
615,507,5,0,1,0
616,930,797,1,0,0
617,728,623,0,1,0
618,457,217,0,1,0
619,649,213,0,1,0
620,5,76,0,1,0
621,527,318,0,1,0
622,539,7,0,1,0
623,140,337,0,1,0
624,704,375,1,0,1
625,248,480,0,1,0
626,9,20,0,1,0
627,182,336,0,1,0
628,833,9,1,0,0
629,650,637,0,1,0
630,765,502,0,1,0
631,910,950,1,1,0
632,990,792,1,0,0
633,207,288,0,1,0
634,862,294,0,1,0
635,507,883,0,1,0
636,793,849,0,1,0
637,167,472,0,1,0
638,376,540,1,0,0
639,646,366,1,0,1
640,152,742,1,1,0
641,0,586,0,1,0
642,5,967,0,1,0
643,918,569,0,1,0
644,464,264,0,1,0
645,80,189,0,1,0
646,606,225,0,1,0
647,8,644,0,1,0
648,69,301,0,1,0
649,715,398,0,1,0
650,954,990,0,1,0
651,795,319,0,1,0
652,250,413,0,1,0
653,219,2,1,0,0
654,9,824,0,1,0
655,508,4,0,1,0
656,407,402,0,1,0
657,639,228,0,1,0
658,281,709,0,1,0
659,265,47,1,0,1
660,281,118,1,0,1
661,337,608,1,0,1
662,319,87,1,1,0
663,704,420,0,1,0
664,109,619,0,1,0
665,220,529,0,1,0
666,126,421,0,1,0
667,564,128,0,1,0
668,915,634,0,1,0
669,921,9,1,0,0
670,224,379,0,1,0
671,815,696,0,1,0
672,892,658,0,1,0
673,797,289,1,0,1
674,688,309,0,1,0
675,624,562,1,0,0
676,818,867,1,1,0
677,876,927,0,1,0
678,474,378,1,0,0
679,9,147,0,1,0
680,549,498,1,0,0
681,489,8,1,0,0
682,185,725,1,0,0
683,22,601,0,1,0
684,192,89,0,1,0
685,391,164,1,0,1
686,892,108,0,1,0
687,809,539,1,0,1
688,560,785,0,1,0
689,826,723,1,0,1
690,611,564,1,0,0
691,277,750,0,1,0
692,854,738,0,1,0
693,478,878,0,1,0
694,709,265,1,0,0
695,635,398,0,1,0
696,777,389,1,0,1
697,565,352,0,1,0
698,194,455,1,0,1
699,161,696,1,1,0
700,768,317,1,0,1
701,90,922,1,0,0
702,509,416,0,1,0
703,397,4,1,0,0
704,270,847,0,1,0
705,9,645,0,1,0
706,580,955,1,0,1
707,504,693,1,1,0
708,855,257,0,1,0
709,536,10,0,1,0
710,684,167,0,1,0
711,422,591,1,0,0
712,5,579,0,1,0
713,886,831,0,1,0
714,878,423,0,1,0
715,582,6,0,1,0
716,70,844,0,1,0
717,766,719,1,0,1
718,398,395,1,0,1
719,653,879,0,1,0
720,387,405,0,1,0
721,810,94,1,0,0
722,969,160,1,0,0
723,915,918,0,1,0
724,120,838,0,1,0
725,542,206,0,1,0
726,328,473,0,1,0
727,4,951,1,0,0
728,484,828,0,0,1
729,1,523,0,1,0
730,180,209,1,1,0
731,142,729,0,1,0
732,509,820,1,0,1
733,441,155,1,0,1
734,2,268,0,1,0
735,188,578,0,1,0
736,525,470,1,0,0
737,199,0,1,0,0
738,50,834,1,1,0
739,139,707,0,1,0
740,98,139,0,1,0
741,937,5,1,1,0
742,711,808,0,1,0
743,361,620,0,1,0
744,838,623,0,1,0
745,463,852,1,0,1
746,173,330,1,0,1
747,6,520,1,0,1
748,501,654,1,0,0
749,918,126,1,0,0
750,990,874,1,0,0
751,946,86,0,1,0
752,318,476,1,0,1
753,8,945,1,0,0
754,532,249,0,1,0
755,492,506,1,0,0
756,860,505,0,1,0
757,895,822,0,1,0
758,492,775,0,1,0
759,0,160,1,0,1
760,608,226,0,1,0
761,558,949,0,1,0
762,647,535,0,1,0
763,813,503,0,1,0
764,334,2,0,1,0
765,391,754,1,0,1
766,725,472,0,1,0
767,261,766,1,1,0
768,946,9,0,1,0
769,351,10,1,0,0
770,381,150,1,0,1
771,340,489,0,1,0
772,863,690,0,1,0
773,897,608,0,1,0
774,849,551,0,1,0
775,587,706,0,1,0
776,856,356,1,0,1
777,147,87,0,1,0
778,934,646,0,1,0
779,118,4,1,0,0
780,236,819,0,1,0
781,639,574,0,1,0
782,376,123,0,1,0
783,188,234,1,0,1
784,228,4,1,0,1
785,748,89,1,0,1
786,892,133,1,1,0
787,592,863,0,1,0
788,10,911,1,0,0
789,88,929,1,0,0
790,538,125,0,1,0
791,183,654,0,1,0
792,1,983,1,0,0
793,3,688,0,1,0
794,214,573,0,1,0
795,920,709,1,0,1
796,418,690,1,0,0
797,952,250,0,1,0
798,894,527,0,1,0
799,862,482,0,1,0
800,481,497,1,0,0
801,270,159,0,1,0
802,402,291,0,1,0
803,273,163,0,1,0
804,501,3,0,1,0
805,784,220,1,0,0
806,890,405,0,1,0
807,408,116,1,0,1
808,811,639,0,1,0
809,7,242,0,1,0
810,830,682,0,1,0
811,688,408,0,1,0
812,865,630,0,1,0
813,158,628,1,0,1
814,823,10,0,1,0
815,505,362,0,1,0
816,526,158,0,1,0
817,387,877,1,1,0
818,699,560,1,0,1
819,810,919,0,1,0
820,143,671,0,1,0
821,534,109,0,1,0
822,251,657,0,1,0
823,990,839,0,1,0
824,45,707,1,0,0
825,541,787,0,1,0
826,399,7,1,0,0
827,640,879,0,1,0
828,609,949,0,1,0
829,717,494,0,1,0
830,610,690,0,1,0
831,588,575,1,0,0
832,256,437,0,1,0
833,161,6,0,1,0
834,10,194,1,0,0
835,774,515,0,1,0
836,448,301,1,0,1
837,914,762,1,1,0
838,50,418,1,0,1
839,968,972,1,0,0
840,230,552,0,1,0
841,394,708,1,0,0
842,255,970,0,1,0
843,550,584,1,0,0
844,147,343,1,0,1
845,711,167,0,1,0
846,444,257,0,1,0
847,190,663,0,1,0
848,884,830,0,1,0
849,989,851,0,1,0
850,593,8,0,1,0
851,436,598,1,1,0
852,315,812,1,0,1
853,177,679,0,1,0
854,479,177,0,1,0
855,195,423,0,1,0
856,424,886,0,1,0
857,313,775,1,0,0
858,406,434,1,1,0
859,919,139,0,1,0
860,404,872,0,1,0
861,793,929,0,1,0
862,9,280,0,1,0
863,762,44,1,0,0
864,192,331,0,1,0
865,273,553,1,0,1
866,98,230,0,1,0
867,82,198,0,1,0
868,677,692,0,1,0
869,669,418,0,1,0
870,682,841,1,0,1
871,361,730,0,1,0
872,52,209,0,1,0
873,905,518,0,1,0
874,674,374,0,1,0
875,906,936,0,1,0
876,950,731,0,1,0
877,221,268,0,1,0
878,919,556,0,1,0
879,603,760,1,1,0
880,363,959,0,1,0
881,473,504,1,0,0
882,8,31,1,0,1
883,847,318,0,1,0
884,1,672,0,1,0
885,571,878,0,1,0
886,475,155,0,1,0
887,352,726,0,1,0
888,580,212,0,1,0
889,166,25,1,0,1
890,579,696,0,1,0
891,490,290,0,1,0
892,951,679,1,0,1
893,24,851,1,0,0
894,516,990,1,1,0
895,93,1,1,0,0
896,852,291,0,1,0
897,748,200,1,0,0
898,313,221,0,1,0
899,100,965,1,0,0
900,482,356,1,1,0
901,587,8,0,1,0
902,265,756,1,0,1
903,639,674,0,1,0
904,956,691,0,1,0
905,653,494,0,1,0
906,7,112,1,0,0
907,243,776,1,0,1
908,199,595,0,1,0
909,72,944,1,0,0
910,990,389,1,0,1
911,193,289,0,1,0
912,605,650,0,1,0
913,607,708,0,1,0
914,561,230,0,1,0
915,625,390,0,1,0
916,796,957,0,1,0
917,396,873,1,0,1
918,5,403,1,0,0
919,555,390,1,1,0
920,590,644,1,0,0
921,301,833,1,0,1
922,633,797,0,1,0
923,672,461,1,0,1
924,575,139,0,1,0
925,428,843,0,1,0
926,984,664,0,1,0
927,217,10,1,0,0
928,677,531,0,1,0
929,846,506,1,0,1
930,418,10,1,0,0
931,924,646,0,1,0
932,167,86,0,1,0
933,495,564,1,0,0
934,927,976,0,1,0
935,147,75,1,0,1
936,778,6,0,1,0
937,667,300,1,1,0
938,429,449,1,0,0
939,376,511,1,0,0
940,379,905,0,1,0
941,100,295,0,1,0
942,698,194,1,0,1
943,697,145,0,1,0
944,914,25,1,0,0
945,164,374,1,0,1
946,489,881,0,1,0
947,631,833,0,1,0
948,0,908,1,0,0
949,941,515,0,1,0
950,384,567,1,0,1
951,237,591,0,1,0
952,428,6,0,1,0
953,502,656,1,0,0
954,613,518,0,1,0
955,180,3,0,1,0
956,331,196,0,1,0
957,393,238,1,0,0
958,401,288,0,1,0
959,786,655,0,1,0
960,609,967,0,1,0
961,233,647,0,1,0
962,731,990,1,0,1
963,272,355,0,1,0
964,61,4,1,0,0
965,334,127,0,1,0
966,510,265,1,0,1
967,7,793,0,1,0
968,271,304,0,0,1
969,62,15,0,1,0
970,7,673,0,1,0
971,483,599,1,0,0
972,508,145,0,1,0
973,754,786,0,1,0
974,1,719,1,0,0
975,349,442,0,1,0
976,811,664,1,0,1
977,309,649,0,1,0
978,510,155,0,1,0
979,262,773,0,1,0
980,715,393,0,1,0
981,626,882,0,1,0
982,457,221,0,1,0
983,444,486,1,0,0
984,219,435,0,1,0
985,444,313,0,1,0
986,582,973,0,1,0
987,721,8,1,0,1
988,518,299,0,1,0
989,115,675,0,1,0
990,63,579,1,0,1
991,690,126,0,1,0
992,224,52,0,1,0
993,7,24,0,1,0
994,192,172,0,1,0
995,711,868,0,1,0
996,636,616,1,1,0
997,72,93,1,0,1
998,715,607,0,1,0
999,706,555,0,1,0
