Index,x,y,alive,infected,immune
0,795,309,0,1,0
1,3,697,1,0,1
2,959,194,0,0,1
3,551,884,1,0,1
4,970,799,0,1,0
5,405,113,0,1,0
6,490,98,0,1,0
7,9,559,0,1,0
8,332,780,1,0,1
9,869,592,0,1,0
10,435,163,0,1,0
11,596,104,0,1,0
12,515,7,0,1,0
13,57,322,0,1,0
14,868,232,0,1,0
15,89,772,0,1,0
16,487,357,1,0,1
17,782,719,0,1,0
18,960,151,0,1,0
19,639,818,0,1,0
20,941,549,0,1,0
21,335,318,0,1,0
22,435,793,0,1,0
23,249,164,1,0,1
24,208,403,0,1,0
25,7,153,0,1,0
26,795,6,0,1,0
27,722,395,0,1,0
28,106,137,0,1,0
29,504,888,0,1,0
30,664,667,0,1,0
31,561,2,0,1,0
32,763,864,1,0,1
33,957,266,1,0,1
34,262,856,0,1,0
35,281,3,0,1,0
36,629,1,1,0,1
37,943,687,0,1,0
38,1,585,0,1,0
39,370,754,0,1,0
40,227,32,0,1,0
41,644,563,1,0,1
42,526,180,1,0,1
43,141,417,0,1,0
44,473,277,0,1,0
45,223,132,0,1,0
46,548,904,1,0,1
47,738,546,0,1,0
48,746,324,0,1,0
49,489,169,0,1,0
50,530,925,0,1,0
51,860,716,0,1,0
52,138,391,0,1,0
53,175,348,0,1,0
54,313,780,0,1,0
55,564,273,0,0,1
56,716,171,0,1,0
57,538,275,0,1,0
58,167,369,0,1,0
59,990,407,0,1,0
60,180,666,0,1,0
61,594,4,0,1,0
62,436,941,0,1,0
63,132,430,0,1,0
64,8,962,0,1,0
65,6,349,1,0,1
66,27,814,0,1,0
67,802,813,0,1,0
68,649,770,0,1,0
69,689,928,0,1,0
70,601,798,0,1,0
71,747,10,0,1,0
72,513,759,0,1,0
73,591,758,0,1,0
74,335,2,0,1,0
75,990,163,1,0,1
76,133,331,0,1,0
77,431,249,1,0,1
78,344,751,1,0,1
79,963,76,0,1,0
80,134,498,0,1,0
81,745,867,0,1,0
82,139,124,0,1,0
83,295,949,0,1,0
84,373,557,0,1,0
85,194,300,0,1,0
86,391,647,1,0,1
87,856,564,0,1,0
88,618,111,0,1,0
89,613,5,0,1,0
90,256,174,0,1,0
91,215,496,0,1,0
92,279,548,0,1,0
93,517,944,0,1,0
94,633,335,0,1,0
95,219,917,0,1,0
96,774,868,0,1,0
97,492,591,0,1,0
98,117,35,0,1,0
99,708,190,0,1,0
100,238,252,0,1,0
101,742,429,1,0,1
102,682,929,1,0,1
103,0,33,0,0,1
104,655,430,1,0,1
105,587,595,1,1,0
106,871,276,0,1,0
107,633,193,0,1,0
108,899,342,0,1,0
109,807,559,0,0,1
110,366,893,1,0,1
111,6,776,0,1,0
112,793,445,0,1,0
113,857,333,0,1,0
114,558,262,0,1,0
115,896,575,0,1,0
116,46,898,1,0,0
117,685,840,0,1,0
118,413,7,1,0,0
119,201,722,0,1,0
120,698,482,1,0,1
121,852,522,0,1,0
122,8,481,1,0,0
123,630,32,1,0,0
124,266,418,0,1,0
125,861,575,1,0,1
126,808,0,0,1,0
127,662,770,0,1,0
128,217,764,1,0,1
129,531,9,0,1,0
130,485,895,0,1,0
131,1,180,1,0,0
132,898,253,0,1,0
133,1,274,0,1,0
134,640,617,0,1,0
135,304,463,0,1,0
136,180,152,0,1,0
137,541,529,0,1,0
138,617,733,1,0,1
139,601,162,1,0,1
140,5,421,0,1,0
141,593,629,1,0,1
142,539,381,0,1,0
143,785,176,0,1,0
144,411,628,0,1,0
145,177,73,0,1,0
146,476,585,1,0,0
147,459,693,0,1,0
148,754,348,0,1,0
149,278,195,0,1,0
150,159,212,1,0,1
151,679,337,0,1,0
152,394,452,1,0,1
153,340,336,0,1,0
154,1,901,1,0,0
155,78,151,0,1,0
156,550,576,1,0,0
157,181,263,0,1,0
158,428,723,0,1,0
159,842,631,0,1,0
160,800,716,0,1,0
161,157,576,0,1,0
162,828,816,0,1,0
163,676,217,0,1,0
164,83,561,0,1,0
165,543,902,0,1,0
166,825,310,0,1,0
167,246,198,0,1,0
168,238,2,0,1,0
169,883,1,1,0,0
170,562,672,1,0,1
171,968,512,0,1,0
172,141,360,0,1,0
173,7,926,1,0,0
174,190,834,0,1,0
175,87,30,1,0,0
176,592,423,0,1,0
177,378,419,0,1,0
178,398,664,0,1,0
179,709,9,0,1,0
180,542,129,0,1,0
181,956,627,0,1,0
182,454,855,0,1,0
183,727,264,1,0,0
184,349,302,1,1,0
185,538,68,1,0,0
186,859,286,1,0,1
187,721,428,0,1,0
188,394,990,0,1,0
189,831,55,1,0,0
190,929,537,0,1,0
191,950,7,0,1,0
192,900,238,0,1,0
193,463,214,0,1,0
194,8,537,0,1,0
195,539,270,0,1,0
196,5,676,1,0,1
197,966,990,0,1,0
198,721,962,0,1,0
199,817,556,0,1,0
200,546,602,1,0,0
201,196,871,0,1,0
202,200,838,0,1,0
203,947,2,0,1,0
204,6,719,1,0,0
205,690,874,0,1,0
206,179,285,1,0,1
207,781,356,0,1,0
208,283,602,0,1,0
209,797,41,1,0,1
210,233,990,1,0,0
211,718,797,0,1,0
212,32,597,0,1,0
213,599,843,0,1,0
214,990,506,1,0,0
215,505,722,1,1,0
216,341,97,0,1,0
217,457,287,0,1,0
218,694,397,0,1,0
219,309,10,1,0,1
220,3,785,0,0,1
221,748,197,0,1,0
222,7,550,0,1,0
223,433,100,0,1,0
224,302,459,0,1,0
225,662,672,0,1,0
226,327,543,1,0,1
227,489,646,1,0,0
228,960,724,0,1,0
229,451,320,1,0,1
230,311,138,0,1,0
231,7,120,1,0,1
232,792,142,0,1,0
233,205,745,0,1,0
234,423,636,0,1,0
235,672,495,0,1,0
236,358,837,0,1,0
237,308,5,0,1,0
238,503,415,1,1,0
239,246,895,0,1,0
240,199,129,0,0,1
241,275,935,0,1,0
242,272,225,0,1,0
243,183,347,1,0,1
244,261,812,0,1,0
245,830,606,1,0,1
246,764,213,1,0,1
247,545,825,0,1,0
248,321,0,0,1,0
249,706,784,0,1,0
250,871,604,0,1,0
251,914,673,1,0,1
252,698,628,0,1,0
253,671,98,1,0,0
254,133,234,1,0,0
255,124,453,0,1,0
256,649,412,0,0,1
257,736,605,0,1,0
258,577,592,0,1,0
259,800,837,1,0,1
260,824,435,0,1,0
261,563,502,0,1,0
262,7,515,0,1,0
263,880,603,0,1,0
264,57,613,0,1,0
265,194,368,0,1,0
266,34,908,1,0,0
267,245,24,0,0,1
268,745,115,0,1,0
269,892,1,1,0,0
270,821,711,1,0,1
271,750,296,1,0,0
272,875,958,1,0,1
273,465,681,0,1,0
274,123,345,1,0,1
275,112,1,0,1,0
276,527,164,0,0,1
277,717,646,1,0,1
278,512,519,1,0,0
279,384,1,1,0,0
280,243,206,0,1,0
281,190,717,0,1,0
282,506,639,1,0,1
283,990,904,1,0,0
284,881,786,0,1,0
285,821,0,0,1,0
286,836,969,1,0,1
287,9,39,0,1,0
288,1,695,0,1,0
289,153,693,0,1,0
290,572,359,0,1,0
291,851,114,1,0,1
292,22,860,1,0,0
293,8,244,0,1,0
294,48,896,1,0,1
295,218,638,0,1,0
296,247,699,0,1,0
297,321,126,0,1,0
298,677,756,0,1,0
299,56,263,1,0,1
300,455,750,1,0,1
301,715,587,1,0,1
302,173,156,0,0,1
303,4,498,0,1,0
304,541,229,0,1,0
305,942,6,0,1,0
306,739,107,0,1,0
307,567,288,1,0,1
308,838,10,1,0,0
309,456,256,1,0,1
310,850,326,0,1,0
311,786,522,0,1,0
312,207,780,0,1,0
313,352,6,1,0,0
314,0,244,0,1,0
315,893,747,0,1,0
316,9,790,0,1,0
317,796,741,0,0,1
318,563,803,0,1,0
319,61,990,1,0,0
320,758,861,0,1,0
321,756,567,1,0,1
322,787,826,0,1,0
323,836,632,1,0,1
324,0,503,0,1,0
325,578,841,0,1,0
326,281,63,0,1,0
327,802,490,0,1,0
328,136,495,0,1,0
329,94,426,0,1,0
330,616,806,0,1,0
331,3,150,0,1,0
332,730,951,0,1,0
333,210,857,0,1,0
334,218,391,0,1,0
335,756,659,0,1,0
336,865,329,0,1,0
337,418,135,0,1,0
338,758,2,0,1,0
339,5,707,1,0,0
340,910,672,0,1,0
341,847,627,0,1,0
342,548,657,0,1,0
343,557,0,0,1,0
344,955,945,1,0,0
345,493,570,1,0,0
346,170,223,1,0,1
347,287,475,0,1,0
348,244,477,0,1,0
349,794,94,0,1,0
350,108,837,1,0,1
351,477,260,1,0,1
352,361,924,0,1,0
353,851,766,0,1,0
354,853,912,0,1,0
355,0,791,1,0,1
356,144,668,0,1,0
357,102,401,0,1,0
358,587,565,1,1,0
359,669,892,0,1,0
360,370,329,0,1,0
361,4,816,0,1,0
362,713,4,0,1,0
363,602,359,1,0,1
364,837,856,0,1,0
365,837,840,0,1,0
366,348,174,0,1,0
367,429,612,0,1,0
368,254,388,0,1,0
369,186,488,1,0,1
370,654,894,0,1,0
371,6,886,1,0,0
372,768,621,1,0,1
373,367,2,0,1,0
374,882,894,0,1,0
375,525,152,0,1,0
376,206,821,0,1,0
377,511,875,0,1,0
378,519,636,1,0,0
379,114,859,0,1,0
380,841,447,0,1,0
381,845,652,1,0,1
382,712,469,0,1,0
383,462,10,1,0,0
384,831,173,1,0,0
385,438,0,1,0,1
386,869,782,0,1,0
387,317,140,0,1,0
388,751,1,0,1,0
389,417,99,1,0,1
390,9,21,0,1,0
391,35,888,1,0,0
392,168,47,0,1,0
393,286,814,0,1,0
394,773,573,0,1,0
395,257,7,1,0,0
396,63,473,0,1,0
397,1,827,0,1,0
398,253,218,0,1,0
399,715,124,1,0,0
400,553,446,1,0,0
401,744,492,0,0,1
402,361,489,0,1,0
403,320,79,0,1,0
404,105,566,0,1,0
405,908,108,1,1,0
406,696,433,0,1,0
407,284,481,0,1,0
408,3,755,1,0,0
409,566,88,0,1,0
410,311,666,1,0,1
411,447,10,1,0,1
412,525,289,0,1,0
413,750,785,0,1,0
414,218,854,0,1,0
415,489,216,1,0,1
416,181,502,0,1,0
417,584,913,0,1,0
418,285,862,0,1,0
419,406,254,0,1,0
420,736,490,0,1,0
421,893,759,0,1,0
422,38,683,1,0,1
423,287,68,1,0,1
424,196,412,0,1,0
425,128,386,0,1,0
426,46,772,0,1,0
427,317,538,1,0,1
428,980,6,1,0,0
429,585,990,0,1,0
430,346,185,0,1,0
431,607,704,0,1,0
432,887,286,0,1,0
433,811,478,1,0,1
434,426,805,0,1,0
435,838,381,0,1,0
436,488,10,1,0,0
437,789,629,0,1,0
438,501,662,1,1,0
439,876,178,1,0,0
440,281,0,0,1,0
441,723,583,1,0,1
442,434,471,1,0,0
443,272,290,0,1,0
444,116,219,0,0,1
445,299,461,0,1,0
446,785,617,0,1,0
447,401,911,0,1,0
448,651,96,1,0,0
449,73,285,1,0,0
450,906,289,0,1,0
451,301,4,0,1,0
452,948,149,1,0,1
453,249,683,1,0,1
454,641,627,0,1,0
455,605,218,0,1,0
456,990,900,1,0,0
457,650,363,0,1,0
458,326,826,0,1,0
459,10,840,1,0,0
460,978,5,1,0,0
461,466,375,1,0,1
462,629,597,1,0,1
463,839,569,1,0,1
464,591,840,0,1,0
465,833,491,0,1,0
466,229,201,1,0,1
467,459,455,1,0,0
468,27,4,1,0,1
469,740,372,0,1,0
470,689,5,0,1,0
471,7,530,0,1,0
472,854,9,1,0,0
473,7,564,1,0,1
474,303,78,0,0,1
475,336,4,1,0,1
476,311,337,0,1,0
477,564,528,0,1,0
478,429,857,1,0,1
479,734,239,1,0,0
480,817,447,0,1,0
481,236,231,1,0,1
482,237,816,1,0,1
483,537,946,0,1,0
484,858,748,0,1,0
485,628,597,0,1,0
486,331,463,0,1,0
487,96,529,0,0,1
488,349,836,1,1,0
489,609,397,1,0,1
490,878,821,1,0,1
491,411,344,0,1,0
492,990,15,1,0,0
493,740,96,0,1,0
494,563,214,0,1,0
495,69,584,0,1,0
496,137,186,0,1,0
497,640,468,0,1,0
498,180,820,1,0,1
499,948,209,1,0,1
500,338,229,1,0,1
501,97,937,1,0,0
502,567,8,0,1,0
503,754,3,0,1,0
504,191,298,0,1,0
505,618,461,1,0,1
506,690,682,1,0,1
507,626,408,0,1,0
508,359,140,0,1,0
509,147,641,0,1,0
510,553,3,1,0,1
511,936,524,0,1,0
512,890,210,1,0,0
513,46,662,1,0,1
514,648,185,0,1,0
515,150,97,0,1,0
516,840,383,0,1,0
517,590,174,0,1,0
518,686,233,0,1,0
519,380,109,0,1,0
520,719,686,0,1,0
521,908,79,0,1,0
522,267,561,1,0,1
523,466,759,1,1,0
524,818,859,0,1,0
525,612,398,1,0,1
526,7,37,0,1,0
527,452,400,1,0,1
528,754,2,0,1,0
529,286,533,1,0,1
530,921,501,1,0,1
531,471,735,1,0,0
532,123,897,0,1,0
533,66,226,0,1,0
534,835,366,0,1,0
535,266,871,0,1,0
536,875,681,0,1,0
537,376,555,0,1,0
538,434,121,0,1,0
539,608,395,1,0,1
540,450,665,0,1,0
541,478,708,0,1,0
542,659,481,0,1,0
543,5,46,0,1,0
544,296,305,1,0,0
545,52,5,0,1,0
546,128,417,0,1,0
547,440,395,0,1,0
548,86,806,0,0,1
549,641,585,0,1,0
550,760,345,0,1,0
551,237,923,0,1,0
552,941,256,1,0,1
553,377,807,1,0,1
554,487,764,1,1,0
555,210,837,0,1,0
556,340,618,0,1,0
557,299,6,0,1,0
558,860,561,1,0,1
559,675,532,0,1,0
560,763,657,0,1,0
561,701,723,0,1,0
562,808,594,0,1,0
563,435,990,0,1,0
564,3,142,1,0,1
565,198,735,0,1,0
566,166,91,0,1,0
567,232,341,0,1,0
568,757,124,0,1,0
569,210,4,0,1,0
570,768,641,1,0,1
571,252,622,0,1,0
572,621,345,0,1,0
573,189,511,1,0,1
574,894,519,0,1,0
575,523,208,0,1,0
576,39,864,1,0,0
577,326,804,1,0,1
578,177,146,0,1,0
579,738,138,0,1,0
580,217,769,0,1,0
581,7,370,1,0,0
582,359,317,0,1,0
583,511,959,0,1,0
584,327,233,1,0,1
585,155,517,0,1,0
586,795,331,0,1,0
587,801,5,0,1,0
588,281,599,0,1,0
589,553,771,0,1,0
590,431,350,0,1,0
591,821,391,1,0,1
592,820,841,0,1,0
593,262,706,0,1,0
594,784,597,0,1,0
595,581,889,1,0,1
596,328,839,0,1,0
597,757,597,0,1,0
598,146,334,0,1,0
599,102,364,0,1,0
600,916,253,0,1,0
601,715,798,0,1,0
602,709,471,0,1,0
603,3,429,0,1,0
604,486,92,0,1,0
605,376,376,0,1,0
606,811,6,1,0,1
607,132,291,0,1,0
608,517,617,1,0,0
609,393,410,0,1,0
610,777,937,0,1,0
611,442,232,0,1,0
612,320,849,0,1,0
613,25,515,0,1,0
614,589,757,1,0,1
615,507,6,0,1,0
616,930,820,1,0,0
617,723,597,0,1,0
618,437,263,0,1,0
619,675,216,0,1,0
620,4,76,0,1,0
621,517,296,0,1,0
622,539,5,0,1,0
623,150,367,0,1,0
624,680,364,1,0,1
625,258,520,0,1,0
626,7,20,0,1,0
627,114,337,0,1,0
628,833,2,1,0,0
629,646,645,0,1,0
630,750,461,0,1,0
631,885,894,0,1,0
632,990,792,1,0,0
633,154,253,0,1,0
634,847,235,0,1,0
635,571,873,0,1,0
636,754,811,0,1,0
637,187,432,0,1,0
638,352,560,1,0,0
639,659,343,1,0,1
640,174,780,0,1,0
641,1,586,0,1,0
642,3,967,0,1,0
643,940,609,0,1,0
644,540,272,0,1,0
645,62,197,0,1,0
646,624,202,0,1,0
647,1,644,0,1,0
648,95,237,0,1,0
649,717,386,0,1,0
650,954,990,0,1,0
651,744,345,0,1,0
652,261,444,0,1,0
653,219,4,0,1,0
654,8,824,0,1,0
655,508,2,0,1,0
656,383,399,0,1,0
657,686,234,0,1,0
658,297,739,0,1,0
659,263,49,1,0,1
660,287,105,1,0,1
661,337,618,1,0,1
662,353,165,1,0,1
663,671,395,0,1,0
664,139,592,0,1,0
665,230,557,0,1,0
666,128,412,0,1,0
667,571,84,0,1,0
668,948,655,0,1,0
669,921,9,1,0,0
670,257,367,0,1,0
671,779,675,0,1,0
672,920,679,0,1,0
673,719,290,1,0,1
674,738,311,0,1,0
675,670,566,0,1,0
676,812,894,0,1,0
677,883,874,0,1,0
678,497,402,1,0,0
679,0,147,0,1,0
680,562,488,0,1,0
681,489,1,1,0,0
682,125,734,0,1,0
683,3,604,0,1,0
684,200,45,0,1,0
685,408,248,1,0,1
686,851,118,0,1,0
687,791,566,1,0,1
688,568,789,0,1,0
689,796,739,1,0,1
690,600,565,0,1,0
691,215,727,0,1,0
692,779,758,0,1,0
693,436,848,0,1,0
694,678,324,1,0,0
695,672,417,0,1,0
696,840,433,1,0,1
697,569,326,0,1,0
698,198,455,1,0,1
699,99,684,0,1,0
700,768,299,1,0,1
701,98,937,1,0,0
702,521,410,0,1,0
703,397,5,1,0,0
704,295,853,0,1,0
705,4,645,0,1,0
706,550,3,1,0,1
707,506,708,0,1,0
708,855,281,0,1,0
709,536,10,0,1,0
710,662,164,0,1,0
711,378,595,0,1,0
712,4,579,0,1,0
713,883,817,0,1,0
714,888,426,0,1,0
715,582,2,0,1,0
716,90,873,0,1,0
717,771,739,1,0,1
718,424,382,1,0,1
719,630,891,0,1,0
720,436,393,0,1,0
721,864,67,0,1,0
722,968,139,0,1,0
723,913,882,0,1,0
724,119,850,0,1,0
725,589,181,0,1,0
726,317,491,0,1,0
727,0,951,1,0,0
728,511,882,0,0,1
729,3,523,0,1,0
730,235,248,0,1,0
731,141,709,0,1,0
732,511,770,1,0,1
733,436,170,1,0,1
734,0,268,0,1,0
735,175,569,0,1,0
736,566,488,0,1,0
737,199,8,1,0,0
738,57,844,0,1,0
739,142,671,0,1,0
740,106,105,0,1,0
741,937,3,0,1,0
742,700,792,0,1,0
743,345,648,0,1,0
744,811,605,0,1,0
745,452,858,1,0,1
746,150,279,1,0,1
747,3,520,1,0,1
748,498,670,0,1,0
749,959,112,0,1,0
750,990,874,1,0,0
751,913,89,0,1,0
752,306,520,1,0,1
753,0,945,1,0,0
754,486,230,0,1,0
755,552,562,0,1,0
756,801,510,0,1,0
757,823,807,0,1,0
758,507,783,0,1,0
759,5,160,1,0,1
760,526,178,0,1,0
761,564,969,0,1,0
762,606,532,0,1,0
763,797,486,0,1,0
764,334,0,0,1,0
765,389,722,1,0,1
766,749,452,0,1,0
767,246,739,1,0,1
768,946,9,0,1,0
769,351,10,1,0,0
770,449,184,1,0,1
771,310,452,0,1,0
772,836,670,0,1,0
773,898,631,0,1,0
774,850,570,0,1,0
775,582,696,0,1,0
776,818,402,1,0,1
777,110,76,0,1,0
778,867,668,0,1,0
779,118,0,0,1,0
780,263,804,0,1,0
781,662,572,0,1,0
782,352,163,0,1,0
783,166,238,1,0,1
784,228,7,1,0,1
785,714,129,1,0,1
786,808,155,1,0,1
787,646,873,0,1,0
788,10,911,1,0,0
789,107,895,1,0,0
790,516,111,0,1,0
791,180,620,0,1,0
792,3,983,1,0,0
793,5,688,0,1,0
794,239,586,0,1,0
795,911,721,1,0,1
796,420,726,1,1,0
797,965,185,0,1,0
798,935,512,0,1,0
799,902,475,0,1,0
800,489,458,1,0,0
801,244,167,0,1,0
802,362,284,0,1,0
803,279,132,0,1,0
804,501,3,0,1,0
805,817,257,1,0,0
806,873,402,0,1,0
807,411,118,1,0,1
808,858,593,0,1,0
809,2,242,0,1,0
810,865,613,0,1,0
811,657,451,0,1,0
812,912,653,0,1,0
813,140,637,1,0,1
814,823,10,0,1,0
815,526,375,0,1,0
816,530,156,0,1,0
817,367,880,0,1,0
818,734,493,1,0,1
819,787,931,0,1,0
820,170,713,0,1,0
821,517,82,0,1,0
822,259,648,0,1,0
823,990,839,0,1,0
824,9,640,1,0,0
825,524,798,0,1,0
826,399,6,1,0,0
827,688,901,0,1,0
828,602,921,0,1,0
829,762,468,0,1,0
830,616,672,0,1,0
831,597,599,0,1,0
832,233,428,0,1,0
833,161,4,0,1,0
834,10,194,1,1,0
835,791,564,0,1,0
836,441,328,1,0,1
837,877,793,0,1,0
838,8,381,1,0,1
839,963,4,0,1,0
840,247,561,0,1,0
841,419,681,0,1,0
842,286,6,0,1,0
843,569,588,1,0,0
844,135,379,1,0,1
845,664,144,0,1,0
846,423,256,0,1,0
847,233,611,0,1,0
848,863,819,0,1,0
849,990,856,0,1,0
850,593,1,0,1,0
851,404,584,0,1,0
852,329,790,1,0,1
853,200,639,0,1,0
854,443,228,0,1,0
855,214,404,0,1,0
856,435,888,0,1,0
857,289,727,1,1,0
858,417,428,0,0,1
859,885,166,0,1,0
860,400,873,0,1,0
861,755,951,0,1,0
862,7,280,0,1,0
863,768,30,1,0,0
864,226,401,0,1,0
865,223,539,1,0,1
866,101,256,0,1,0
867,31,187,0,1,0
868,660,738,0,1,0
869,670,440,0,1,0
870,669,798,1,0,1
871,350,690,0,1,0
872,8,208,0,1,0
873,886,519,0,1,0
874,644,387,0,1,0
875,913,952,0,1,0
876,954,688,0,1,0
877,223,279,0,1,0
878,903,523,0,1,0
879,627,709,1,0,1
880,338,954,0,1,0
881,489,546,1,0,0
882,0,31,1,0,1
883,855,294,0,1,0
884,0,672,0,1,0
885,542,823,0,1,0
886,508,96,0,1,0
887,353,717,0,1,0
888,597,230,0,1,0
889,174,10,1,0,1
890,614,680,0,1,0
891,446,297,0,1,0
892,969,677,1,0,1
893,5,851,1,0,0
894,516,990,0,1,0
895,93,6,1,0,0
896,890,245,0,1,0
897,771,207,1,0,0
898,309,223,0,1,0
899,86,974,1,0,0
900,445,415,1,0,1
901,587,9,0,1,0
902,283,752,1,0,1
903,644,695,0,1,0
904,972,720,0,1,0
905,635,526,0,1,0
906,9,112,1,0,0
907,270,772,1,0,1
908,244,555,0,1,0
909,72,990,1,0,0
910,990,389,1,0,1
911,215,266,0,1,0
912,596,695,0,1,0
913,595,743,0,1,0
914,578,245,0,1,0
915,612,333,0,1,0
916,759,6,0,1,0
917,351,898,1,0,1
918,9,403,1,0,0
919,562,436,0,1,0
920,595,709,0,1,0
921,319,813,1,0,1
922,639,766,0,1,0
923,638,485,1,0,1
924,499,152,0,1,0
925,430,856,0,1,0
926,8,660,0,1,0
927,217,10,0,1,0
928,731,535,0,1,0
929,825,504,1,0,1
930,418,10,1,0,0
931,890,628,0,1,0
932,191,50,0,1,0
933,516,568,1,1,0
934,960,917,0,1,0
935,187,124,1,0,1
936,778,8,0,1,0
937,639,259,0,1,0
938,422,479,1,0,0
939,376,525,0,1,0
940,371,970,0,1,0
941,147,304,0,1,0
942,710,181,1,0,1
943,746,200,0,1,0
944,975,33,0,1,0
945,214,411,1,0,1
946,519,880,0,1,0
947,668,837,0,1,0
948,6,908,1,0,0
949,2,458,0,1,0
950,378,602,1,0,1
951,221,642,0,1,0
952,428,6,0,1,0
953,512,699,1,0,1
954,601,539,0,1,0
955,180,5,0,1,0
956,331,183,0,1,0
957,359,238,1,0,1
958,424,228,0,1,0
959,785,686,0,1,0
960,603,935,0,1,0
961,195,618,0,1,0
962,731,990,1,0,1
963,257,358,0,1,0
964,61,2,1,1,0
965,376,130,0,1,0
966,521,270,1,0,1
967,6,793,0,1,0
968,299,298,0,0,1
969,63,10,0,1,0
970,3,673,0,1,0
971,497,632,1,0,0
972,556,167,0,1,0
973,800,773,0,1,0
974,9,719,1,0,0
975,367,424,0,1,0
976,836,716,1,0,1
977,313,608,0,1,0
978,435,178,0,1,0
979,263,794,0,1,0
980,714,402,0,1,0
981,596,892,0,1,0
982,469,257,0,1,0
983,434,488,1,0,0
984,198,445,0,1,0
985,416,318,0,1,0
986,590,2,0,1,0
987,721,7,1,0,1
988,524,269,0,1,0
989,99,650,0,1,0
990,113,588,1,0,1
991,715,130,0,1,0
992,256,60,0,1,0
993,2,24,0,1,0
994,141,163,0,1,0
995,721,881,0,1,0
996,694,645,0,1,0
997,23,73,1,0,1
998,684,641,0,1,0
999,697,542,0,1,0
