Index,x,y,alive,infected,immune
0,772,310,0,1,0
1,38,625,1,0,1
2,951,227,0,0,1
3,519,848,1,0,1
4,898,712,0,1,0
5,445,142,0,1,0
6,445,21,0,1,0
7,966,536,0,1,0
8,298,766,1,0,1
9,858,597,0,1,0
10,388,135,0,1,0
11,670,146,0,1,0
12,562,940,0,1,0
13,83,300,0,1,0
14,850,283,0,1,0
15,82,795,0,1,0
16,542,323,1,0,1
17,779,627,0,1,0
18,962,205,0,1,0
19,594,847,0,1,0
20,958,608,0,1,0
21,343,366,0,1,0
22,484,777,0,1,0
23,247,79,1,0,1
24,186,401,0,1,0
25,3,153,0,1,0
26,795,4,0,1,0
27,692,486,0,1,0
28,98,144,0,1,0
29,532,924,0,1,0
30,688,748,0,1,0
31,561,1,0,1,0
32,776,874,1,0,1
33,957,384,1,0,1
34,232,892,0,1,0
35,281,6,0,1,0
36,629,8,1,0,1
37,881,707,0,1,0
38,44,586,0,1,0
39,405,757,0,1,0
40,173,41,0,1,0
41,680,513,1,0,1
42,479,183,1,0,1
43,135,407,0,1,0
44,446,301,0,1,0
45,184,125,0,1,0
46,521,897,1,0,1
47,761,578,0,1,0
48,716,342,0,1,0
49,427,169,0,1,0
50,507,903,0,1,0
51,901,751,0,1,0
52,133,400,0,1,0
53,148,379,0,1,0
54,289,886,0,1,0
55,548,325,0,0,1
56,718,158,0,1,0
57,565,268,0,1,0
58,179,410,0,1,0
59,990,407,0,1,0
60,232,532,0,1,0
61,594,4,0,1,0
62,371,950,0,1,0
63,165,476,0,1,0
64,1,962,0,1,0
65,971,369,1,0,1
66,70,814,0,1,0
67,777,847,0,1,0
68,613,768,0,1,0
69,673,926,0,1,0
70,594,803,0,1,0
71,760,27,0,1,0
72,605,816,0,1,0
73,619,739,0,1,0
74,335,8,0,1,0
75,990,163,1,0,1
76,120,349,0,1,0
77,416,245,1,0,1
78,344,733,1,0,1
79,920,102,0,1,0
80,104,503,0,1,0
81,770,837,0,1,0
82,169,147,0,1,0
83,185,896,0,1,0
84,350,525,0,1,0
85,201,396,0,1,0
86,406,704,1,0,1
87,858,583,0,1,0
88,550,167,0,1,0
89,625,928,0,1,0
90,309,184,0,1,0
91,224,516,0,1,0
92,279,429,0,1,0
93,477,889,0,1,0
94,661,465,0,1,0
95,195,951,0,1,0
96,722,929,0,1,0
97,638,520,0,1,0
98,72,36,0,1,0
99,661,151,0,1,0
100,215,304,1,1,0
101,795,413,1,0,0
102,681,870,1,1,0
103,2,33,1,1,0
104,670,466,1,1,0
105,552,587,1,0,0
106,879,248,1,0,0
107,633,198,0,1,0
108,860,388,1,1,0
109,781,631,1,1,0
110,353,848,1,0,0
111,5,776,1,0,0
112,766,448,1,1,0
113,875,322,1,0,0
114,566,342,0,1,0
115,866,548,0,1,0
116,99,979,1,0,0
117,727,859,0,1,0
118,413,8,1,0,0
119,147,743,1,0,0
120,686,503,1,1,0
121,853,507,1,1,0
122,971,502,1,0,0
123,694,91,1,0,0
124,298,335,1,0,0
125,835,634,1,0,1
126,808,5,1,1,0
127,642,769,1,0,0
128,222,728,1,0,0
129,531,3,0,1,0
130,384,771,1,0,0
131,8,180,1,0,0
132,927,259,0,1,0
133,59,255,0,1,0
134,701,574,0,1,0
135,323,488,1,0,0
136,219,209,1,1,0
137,552,611,1,0,0
138,655,714,1,1,0
139,602,160,1,0,1
140,3,421,0,1,0
141,596,720,1,0,0
142,490,378,1,0,0
143,752,108,0,1,0
144,398,707,1,0,0
145,187,77,0,1,0
146,551,528,1,0,0
147,428,632,1,0,0
148,679,362,0,1,0
149,288,182,0,1,0
150,87,182,1,0,1
151,633,365,1,0,0
152,384,402,1,0,0
153,379,348,1,1,0
154,4,901,1,0,0
155,118,164,0,1,0
156,555,524,1,0,0
157,157,300,1,1,0
158,380,700,1,0,0
159,841,609,0,1,0
160,820,739,0,1,0
161,120,556,1,0,0
162,717,767,1,0,0
163,634,164,1,1,0
164,78,545,0,1,0
165,562,845,0,1,0
166,900,274,1,0,0
167,302,199,0,1,0
168,238,9,1,0,0
169,867,946,1,0,0
170,507,712,1,0,0
171,922,529,0,1,0
172,161,226,1,0,0
173,6,926,1,0,0
174,70,836,1,0,0
175,77,103,1,0,0
176,624,378,0,1,0
177,370,401,1,0,0
178,390,629,1,0,0
179,709,7,1,0,0
180,555,102,1,0,0
181,938,610,0,1,0
182,432,942,1,0,0
183,764,249,1,0,0
184,333,298,1,0,0
185,525,70,1,0,0
186,822,379,1,0,1
187,660,502,0,1,0
188,395,950,1,0,0
189,821,94,1,0,0
190,935,546,1,0,0
191,927,955,1,0,0
192,928,236,0,1,0
193,502,239,0,1,0
194,966,528,0,1,0
195,520,233,0,1,0
196,9,676,1,0,1
197,967,942,1,0,0
198,769,887,1,0,0
199,830,600,0,1,0
200,547,614,1,0,0
201,179,784,1,0,0
202,278,847,0,1,0
203,947,7,1,0,0
204,38,749,1,0,0
205,631,927,0,1,0
206,224,341,1,0,0
207,758,322,1,1,0
208,276,579,1,0,0
209,759,132,1,1,0
210,226,971,1,0,0
211,709,799,1,0,0
212,118,608,0,1,0
213,626,776,0,1,0
214,990,506,1,0,0
215,545,766,1,0,0
216,274,59,0,1,0
217,400,261,1,1,0
218,640,426,1,1,0
219,309,10,1,0,0
220,7,785,1,1,0
221,779,153,0,1,0
222,2,550,1,0,0
223,344,179,0,1,0
224,283,439,0,1,0
225,671,639,1,0,0
226,394,551,1,0,0
227,520,633,1,0,0
228,937,721,0,1,0
229,436,341,1,0,0
230,272,153,1,0,0
231,927,163,1,0,0
232,818,131,1,0,0
233,233,746,1,0,0
234,387,639,1,1,0
235,630,496,0,1,0
236,354,843,1,0,0
237,308,1,1,0,0
238,472,387,1,0,0
239,223,912,0,1,0
240,239,68,1,1,0
241,283,887,0,1,0
242,325,240,0,1,0
243,213,302,1,0,1
244,288,880,0,1,0
245,861,579,1,0,1
246,727,103,1,1,0
247,541,832,0,1,0
248,321,6,0,1,0
249,680,854,0,1,0
250,861,593,0,1,0
251,909,674,1,1,0
252,726,702,0,1,0
253,636,32,1,0,0
254,169,257,1,0,0
255,115,447,0,1,0
256,635,390,1,0,0
257,731,582,0,1,0
258,581,545,1,0,0
259,729,816,1,1,0
260,849,518,0,1,0
261,460,549,1,0,0
262,5,515,1,1,0
263,953,623,0,1,0
264,70,623,0,1,0
265,167,388,1,1,0
266,103,919,1,0,0
267,271,39,1,1,0
268,747,135,0,1,0
269,892,1,1,0,0
270,800,688,1,0,0
271,768,217,1,0,0
272,857,931,1,0,1
273,497,697,1,0,0
274,179,420,1,0,1
275,167,927,0,1,0
276,463,65,0,0,1
277,629,621,1,0,0
278,500,494,1,0,0
279,384,7,1,0,0
280,228,249,1,0,0
281,192,723,1,0,0
282,532,713,1,0,0
283,958,894,1,0,0
284,806,760,1,0,0
285,821,1,1,0,0
286,864,958,1,1,0
287,5,39,0,1,0
288,1,695,1,0,0
289,216,718,1,0,0
290,554,345,1,0,0
291,891,99,1,1,0
292,68,863,1,0,0
293,7,244,1,0,0
294,28,853,1,0,0
295,235,630,1,0,0
296,231,682,1,0,0
297,380,145,0,1,0
298,734,721,0,1,0
299,64,288,1,0,0
300,425,753,1,1,0
301,685,568,1,1,0
302,96,147,0,0,1
303,9,498,0,1,0
304,594,244,0,1,0
305,942,3,1,0,0
306,733,127,0,1,0
307,618,238,1,1,0
308,838,10,1,0,0
309,470,292,1,1,0
310,932,338,1,0,0
311,736,476,1,1,0
312,241,789,1,1,0
313,352,2,1,0,0
314,5,244,1,0,0
315,889,669,0,1,0
316,8,790,1,1,0
317,767,717,0,0,1
318,522,676,1,0,0
319,61,990,1,0,0
320,652,834,1,0,0
321,790,657,1,0,1
322,832,730,0,1,0
323,758,621,1,0,1
324,9,503,0,1,0
325,622,814,0,1,0
326,358,88,1,0,0
327,868,440,1,0,0
328,123,479,1,0,0
329,151,451,1,0,0
330,683,789,1,0,0
331,3,150,0,1,0
332,668,928,0,1,0
333,199,909,0,1,0
334,270,437,1,1,0
335,814,687,1,1,0
336,841,325,1,1,0
337,452,57,0,1,0
338,758,5,0,1,0
339,4,707,1,0,0
340,867,605,0,1,0
341,806,708,1,0,0
342,501,660,1,0,0
343,557,8,0,1,0
344,957,949,1,0,0
345,494,576,1,0,0
346,220,293,1,1,0
347,301,482,0,1,0
348,250,450,0,1,0
349,790,191,1,0,0
350,105,808,1,0,0
351,540,284,1,0,1
352,427,874,1,0,0
353,776,728,1,0,0
354,864,902,1,1,0
355,83,796,1,1,0
356,143,703,1,0,0
357,118,424,0,1,0
358,566,643,1,0,0
359,623,952,0,1,0
360,322,414,0,1,0
361,7,816,1,0,0
362,716,987,0,1,0
363,662,355,1,1,0
364,858,879,1,1,0
365,850,812,0,1,0
366,318,154,0,1,0
367,401,691,1,0,0
368,244,405,1,0,0
369,140,487,1,0,1
370,668,877,0,1,0
371,0,886,1,0,0
372,730,529,1,1,0
373,383,922,0,1,0
374,883,849,0,1,0
375,462,174,0,1,0
376,147,787,1,0,0
377,499,819,0,1,0
378,525,617,1,0,0
379,153,786,1,0,0
380,763,350,0,1,0
381,823,703,1,1,0
382,795,402,1,1,0
383,462,10,1,0,0
384,854,173,1,0,0
385,432,989,1,1,0
386,883,737,0,1,0
387,281,140,1,0,0
388,751,4,0,1,0
389,378,152,1,1,0
390,2,21,0,1,0
391,59,899,1,0,0
392,201,133,0,1,0
393,273,862,0,1,0
394,735,517,1,1,0
395,257,1,1,0,0
396,66,481,1,0,0
397,931,824,1,0,0
398,205,189,0,1,0
399,701,86,1,0,0
400,531,415,1,0,0
401,728,560,0,0,1
402,318,489,1,1,0
403,293,57,1,0,0
404,237,645,1,0,0
405,879,191,1,0,0
406,740,478,1,1,0
407,326,515,1,1,0
408,3,755,1,0,0
409,620,109,1,0,0
410,277,700,1,1,0
411,449,29,1,1,0
412,471,357,1,0,0
413,716,848,0,1,0
414,237,780,1,0,0
415,501,224,1,0,0
416,123,594,0,1,0
417,471,904,0,1,0
418,294,860,1,1,0
419,371,282,1,0,0
420,705,479,1,0,0
421,826,761,0,1,0
422,36,638,1,1,0
423,402,81,1,1,0
424,118,305,0,1,0
425,133,372,0,1,0
426,36,788,0,1,0
427,369,581,1,0,0
428,980,1,1,0,0
429,591,972,0,1,0
430,331,76,1,0,0
431,566,702,1,0,0
432,905,294,1,0,0
433,865,456,1,0,0
434,389,792,1,0,0
435,851,419,1,0,0
436,488,10,1,0,0
437,842,648,0,1,0
438,483,600,1,0,0
439,855,193,1,0,0
440,294,41,0,1,0
441,741,528,1,0,1
442,457,489,1,0,0
443,263,329,1,0,0
444,162,239,1,0,0
445,246,425,1,0,0
446,809,689,1,0,0
447,437,895,0,1,0
448,710,123,1,0,0
449,130,254,1,0,0
450,926,325,1,0,0
451,319,952,0,1,0
452,938,124,1,0,0
453,192,702,1,0,0
454,573,685,1,0,0
455,576,345,1,1,0
456,990,900,1,0,0
457,616,332,0,1,0
458,340,754,0,1,0
459,10,840,1,0,0
460,978,4,1,0,0
461,366,456,1,0,0
462,612,564,1,0,1
463,817,431,1,0,0
464,590,831,0,1,0
465,811,542,0,1,0
466,286,134,1,0,0
467,476,431,1,0,0
468,27,0,1,0,1
469,685,379,0,1,0
470,686,983,0,1,0
471,37,512,0,1,0
472,854,2,1,0,0
473,5,564,1,0,0
474,277,105,1,1,0
475,336,4,1,1,0
476,358,399,1,0,0
477,506,472,1,0,0
478,392,916,1,0,1
479,818,246,1,0,0
480,862,464,1,0,0
481,296,260,1,1,0
482,215,872,1,0,1
483,494,874,0,1,0
484,940,729,0,1,0
485,653,568,0,1,0
486,300,434,0,1,0
487,97,644,1,1,0
488,342,808,1,0,0
489,571,318,1,0,1
490,909,864,1,1,0
491,371,277,0,1,0
492,990,15,1,0,0
493,803,77,1,0,0
494,607,264,0,1,0
495,86,614,0,1,0
496,97,97,1,0,0
497,599,474,0,1,0
498,160,766,1,0,0
499,950,238,1,1,0
500,314,236,1,1,0
501,110,925,1,0,0
502,567,6,0,1,0
503,754,6,0,1,0
504,245,321,1,0,0
505,637,483,1,1,0
506,751,771,1,1,0
507,601,358,0,1,0
508,435,64,0,1,0
509,108,615,1,1,0
510,553,9,1,1,0
511,888,524,0,1,0
512,933,192,1,0,0
513,110,706,1,0,0
514,620,182,0,1,0
515,151,133,0,1,0
516,841,433,1,0,0
517,595,118,1,1,0
518,616,261,0,1,0
519,429,129,0,1,0
520,822,658,0,1,0
521,851,143,1,0,0
522,348,631,1,0,0
523,491,682,1,0,0
524,852,893,0,1,0
525,565,406,1,0,0
526,1,37,0,1,0
527,427,369,1,0,0
528,754,0,0,1,0
529,291,521,1,0,1
530,915,603,1,0,1
531,448,734,1,0,0
532,152,907,1,1,0
533,137,190,0,1,0
534,841,445,1,0,0
535,219,906,0,1,0
536,848,648,0,1,0
537,394,607,1,0,0
538,390,92,1,0,0
539,538,341,1,1,0
540,516,687,1,0,0
541,543,651,1,0,0
542,691,428,1,0,0
543,959,77,1,0,0
544,338,265,1,0,0
545,44,945,1,0,0
546,118,381,0,1,0
547,416,454,1,0,0
548,62,728,1,0,0
549,647,536,0,1,0
550,773,435,0,1,0
551,217,974,1,0,0
552,884,324,1,1,0
553,355,788,1,0,0
554,471,719,1,0,0
555,135,893,1,0,0
556,324,645,1,0,0
557,328,972,0,1,0
558,827,600,1,0,1
559,776,508,0,1,0
560,723,643,1,0,0
561,674,731,1,0,0
562,878,598,0,1,0
563,392,880,0,1,0
564,8,142,1,0,1
565,223,735,1,0,0
566,283,101,1,1,0
567,278,317,1,0,0
568,730,132,1,1,0
569,156,940,1,0,0
570,801,602,1,0,1
571,310,649,1,0,0
572,523,277,0,1,0
573,239,623,1,0,0
574,871,451,1,0,0
575,513,168,0,1,0
576,74,877,1,0,0
577,320,827,1,0,0
578,225,168,1,0,0
579,721,142,0,1,0
580,181,779,1,0,0
581,1,370,1,0,0
582,352,312,1,0,0
583,517,917,0,1,0
584,293,155,1,1,0
585,151,559,1,0,0
586,798,274,1,0,0
587,801,1,1,1,0
588,182,515,1,0,0
589,562,763,1,0,0
590,565,361,1,1,0
591,813,429,1,0,0
592,811,845,0,1,0
593,272,706,1,0,0
594,775,601,0,1,0
595,544,926,1,0,1
596,302,859,0,1,0
597,773,497,1,1,0
598,158,232,1,0,0
599,151,464,1,1,0
600,885,270,1,0,0
601,790,812,0,1,0
602,774,528,0,1,0
603,0,429,0,1,0
604,587,109,0,1,0
605,350,417,1,1,0
606,808,959,1,0,0
607,158,347,0,1,0
608,579,638,1,0,0
609,252,332,1,0,0
610,774,882,1,0,0
611,354,260,1,0,0
612,246,891,0,1,0
613,77,523,0,1,0
614,640,814,1,0,0
615,507,4,0,1,0
616,946,773,1,0,0
617,683,566,0,1,0
618,486,239,0,1,0
619,678,224,0,1,0
620,978,122,0,1,0
621,487,379,1,0,0
622,539,4,0,1,0
623,175,307,1,0,0
624,766,353,1,1,0
625,320,563,1,0,0
626,2,20,0,1,0
627,151,317,1,0,0
628,833,2,1,0,0
629,648,745,0,1,0
630,770,475,1,0,0
631,925,955,1,0,0
632,944,810,1,0,0
633,194,290,1,1,0
634,873,300,1,1,0
635,493,927,0,1,0
636,802,870,0,1,0
637,117,418,0,1,0
638,365,487,1,0,0
639,643,368,1,1,0
640,110,770,1,0,0
641,978,593,0,1,0
642,6,967,0,1,0
643,883,609,0,1,0
644,436,239,0,1,0
645,78,224,0,1,0
646,566,291,1,0,0
647,9,644,0,1,0
648,82,333,0,1,0
649,683,453,0,1,0
650,954,990,1,0,0
651,835,294,1,1,0
652,212,449,1,0,0
653,219,5,1,0,0
654,1,824,1,0,0
655,508,2,0,1,0
656,438,441,1,0,0
657,597,196,0,1,0
658,295,738,0,1,0
659,203,52,1,0,0
660,285,58,1,1,0
661,353,665,1,0,0
662,350,55,1,0,0
663,743,467,0,1,0
664,138,713,1,0,0
665,222,525,1,0,0
666,145,402,0,1,0
667,620,139,1,0,0
668,887,623,0,1,0
669,921,7,1,0,0
670,170,284,1,1,0
671,768,720,1,0,0
672,896,684,0,1,0
673,791,310,1,0,1
674,714,255,0,1,0
675,600,597,1,0,0
676,805,775,1,0,0
677,928,937,1,0,0
678,436,385,1,0,0
679,9,147,1,1,0
680,566,473,1,0,0
681,489,7,1,0,0
682,206,658,1,0,0
683,38,589,0,1,0
684,173,98,0,1,0
685,373,128,1,0,1
686,922,124,0,1,0
687,814,499,1,1,0
688,620,777,1,1,0
689,798,684,1,0,0
690,601,618,1,0,0
691,281,701,1,1,0
692,776,781,1,1,0
693,536,883,0,1,0
694,709,281,1,0,0
695,649,418,0,1,0
696,827,398,1,0,1
697,543,347,1,1,0
698,265,458,1,1,0
699,193,736,1,0,0
700,719,300,1,0,0
701,36,950,1,0,0
702,547,420,1,0,0
703,397,0,1,0,0
704,338,886,0,1,0
705,9,645,1,1,0
706,542,904,1,1,0
707,496,726,1,0,0
708,852,310,0,1,0
709,536,10,1,1,0
710,654,210,0,1,0
711,450,598,1,0,0
712,3,579,1,0,0
713,859,857,0,1,0
714,857,435,1,0,0
715,582,9,0,1,0
716,93,760,1,0,0
717,760,713,1,0,0
718,377,419,1,0,0
719,615,892,1,1,0
720,355,404,1,0,0
721,821,125,1,0,0
722,938,172,1,0,0
723,892,901,1,1,0
724,58,805,0,1,0
725,544,192,1,0,0
726,388,441,1,0,0
727,1,951,1,0,0
728,412,730,1,0,0
729,2,523,0,1,0
730,190,205,1,0,0
731,96,672,1,0,0
732,547,850,1,0,1
733,356,183,1,0,1
734,9,268,1,0,0
735,258,560,1,1,0
736,531,486,1,0,0
737,199,9,1,0,0
738,47,850,1,0,0
739,127,712,1,0,0
740,59,157,0,1,0
741,937,6,1,0,0
742,711,829,0,1,0
743,353,628,1,0,0
744,894,575,0,1,0
745,416,823,1,0,1
746,132,303,1,0,0
747,3,520,1,1,0
748,470,608,1,0,0
749,899,159,1,0,0
750,990,874,1,0,0
751,883,44,1,0,0
752,310,452,1,1,0
753,3,945,1,0,0
754,584,224,0,1,0
755,493,500,1,0,0
756,865,521,0,1,0
757,885,814,0,1,0
758,484,813,1,0,0
759,8,160,1,0,1
760,611,193,0,1,0
761,539,942,0,1,0
762,637,550,0,1,0
763,869,450,1,0,0
764,334,3,0,1,0
765,460,751,1,0,0
766,728,457,1,0,0
767,172,703,1,0,0
768,958,22,1,0,0
769,369,33,1,0,0
770,372,150,1,0,1
771,331,532,1,1,0
772,861,720,1,1,0
773,862,615,0,1,0
774,875,548,0,1,0
775,609,725,0,1,0
776,886,365,1,0,0
777,208,112,0,1,0
778,941,643,1,0,0
779,118,8,1,0,0
780,231,809,1,0,0
781,669,534,0,1,0
782,347,99,1,0,0
783,195,268,1,0,0
784,311,927,1,1,0
785,780,130,1,1,0
786,875,48,1,0,0
787,584,786,0,1,0
788,10,911,1,0,0
789,61,938,1,0,0
790,547,108,0,1,0
791,223,590,0,1,0
792,1,983,1,0,0
793,35,697,0,1,0
794,261,585,0,1,0
795,947,693,1,0,1
796,465,633,1,0,0
797,921,310,1,0,0
798,880,590,0,1,0
799,840,428,1,0,0
800,488,491,1,0,0
801,265,238,1,0,0
802,369,281,1,1,0
803,274,154,1,1,0
804,501,4,0,1,0
805,754,241,1,0,0
806,930,373,0,1,0
807,387,135,1,1,0
808,773,588,1,0,0
809,918,254,1,0,0
810,834,616,0,1,0
811,715,403,1,1,0
812,873,617,0,1,0
813,216,635,1,0,0
814,823,10,1,0,0
815,549,398,1,0,0
816,525,201,1,0,0
817,391,807,1,0,0
818,711,508,1,0,1
819,867,893,0,1,0
820,131,696,1,0,0
821,536,43,0,1,0
822,336,650,0,1,0
823,895,858,1,1,0
824,87,679,1,0,0
825,576,761,1,0,0
826,408,32,1,0,0
827,613,899,0,1,0
828,581,926,0,1,0
829,755,490,0,1,0
830,538,657,1,0,0
831,599,596,1,0,0
832,224,415,0,1,0
833,173,19,1,1,0
834,10,194,1,0,0
835,773,442,0,1,0
836,430,295,1,1,0
837,949,794,1,0,0
838,114,388,1,0,1
839,900,955,1,0,0
840,219,561,0,1,0
841,373,675,1,0,0
842,294,956,0,1,0
843,493,606,1,0,0
844,184,363,1,0,1
845,671,154,0,1,0
846,426,285,0,1,0
847,243,728,1,0,0
848,847,781,0,1,0
849,895,853,1,1,0
850,593,8,1,1,0
851,371,609,1,0,0
852,235,818,1,1,0
853,118,646,1,0,0
854,472,194,0,1,0
855,269,418,0,1,0
856,394,886,0,1,0
857,326,787,1,0,0
858,427,426,1,0,0
859,944,131,0,1,0
860,408,913,0,1,0
861,805,910,1,1,0
862,1,280,1,0,0
863,776,73,1,0,0
864,223,293,1,1,0
865,239,549,1,0,1
866,108,235,1,0,0
867,32,207,0,1,0
868,769,673,1,1,0
869,612,387,1,0,0
870,681,842,1,0,0
871,316,735,0,1,0
872,128,236,1,0,0
873,905,403,1,0,0
874,696,395,0,1,0
875,951,931,1,0,0
876,897,728,0,1,0
877,225,325,1,0,0
878,901,565,1,0,0
879,590,744,1,0,0
880,325,940,0,1,0
881,487,472,1,0,0
882,0,31,1,0,1
883,834,354,0,1,0
884,7,672,0,1,0
885,527,839,0,1,0
886,526,180,1,0,0
887,335,701,0,1,0
888,570,219,1,0,0
889,155,50,1,1,0
890,627,705,0,1,0
891,438,319,0,1,0
892,901,706,1,1,0
893,32,821,1,0,0
894,479,963,1,0,0
895,93,0,1,0,0
896,894,255,1,0,0
897,730,205,1,0,0
898,310,237,1,1,0
899,109,921,1,0,0
900,463,389,1,0,0
901,587,0,0,1,0
902,320,722,1,1,0
903,669,676,1,0,0
904,875,694,1,1,0
905,683,525,0,1,0
906,3,112,1,0,0
907,258,784,1,0,0
908,144,615,0,1,0
909,114,961,1,0,0
910,990,389,1,0,1
911,216,221,0,1,0
912,606,695,1,1,0
913,635,704,0,1,0
914,528,198,0,1,0
915,601,388,1,0,0
916,843,974,1,1,0
917,355,887,1,1,0
918,6,403,1,0,0
919,517,400,1,0,0
920,589,606,1,0,0
921,348,908,1,1,0
922,579,839,0,1,0
923,665,410,1,1,0
924,597,144,1,0,0
925,436,843,0,1,0
926,940,598,0,1,0
927,217,10,1,0,0
928,673,499,0,1,0
929,868,516,1,1,0
930,419,40,1,0,0
931,924,619,1,1,0
932,196,99,0,1,0
933,550,578,1,0,0
934,967,889,1,0,0
935,155,103,1,1,0
936,778,8,1,1,0
937,693,313,1,0,0
938,486,480,1,0,0
939,431,516,1,0,0
940,407,844,0,1,0
941,119,335,0,1,0
942,653,170,1,1,0
943,643,158,1,1,0
944,861,49,1,0,0
945,191,412,1,0,0
946,525,866,0,1,0
947,605,821,1,0,0
948,2,908,1,0,0
949,919,510,1,1,0
950,325,609,1,0,0
951,218,603,1,0,0
952,428,0,1,1,0
953,500,666,1,0,0
954,603,520,0,1,0
955,203,21,1,0,0
956,308,248,0,1,0
957,433,222,1,0,0
958,485,322,1,0,0
959,782,656,1,1,0
960,682,940,0,1,0
961,264,691,1,1,0
962,731,990,1,0,1
963,270,409,1,1,0
964,61,3,1,0,0
965,353,140,1,1,0
966,519,201,1,1,0
967,8,793,0,1,0
968,231,281,1,1,0
969,149,66,1,1,0
970,2,673,0,1,0
971,456,582,1,0,0
972,472,200,0,1,0
973,737,817,0,1,0
974,6,719,1,0,0
975,400,426,1,0,0
976,818,672,1,0,1
977,366,655,0,1,0
978,526,147,0,1,0
979,240,796,0,1,0
980,770,357,0,1,0
981,628,891,1,0,0
982,483,242,0,1,0
983,462,442,1,0,0
984,227,414,1,1,0
985,438,273,0,1,0
986,644,949,0,1,0
987,721,6,1,0,0
988,500,318,0,1,0
989,136,654,1,0,0
990,78,567,1,0,1
991,668,148,0,1,0
992,225,77,0,1,0
993,5,24,0,1,0
994,219,219,1,1,0
995,729,908,0,1,0
996,584,645,1,0,0
997,113,153,1,1,0
998,727,609,1,0,0
999,736,557,0,1,0
