Index,x,y,alive,infected,immune
0,790,315,0,1,0
1,21,679,1,0,1
2,942,221,0,0,1
3,548,886,1,0,1
4,921,764,0,1,0
5,405,102,0,1,0
6,486,97,0,1,0
7,4,559,0,1,0
8,331,790,1,0,1
9,846,587,0,1,0
10,467,174,0,1,0
11,617,136,0,1,0
12,515,3,0,1,0
13,66,310,0,1,0
14,891,272,0,1,0
15,82,732,0,1,0
16,522,323,1,0,1
17,747,717,0,1,0
18,952,159,0,1,0
19,630,830,0,1,0
20,918,570,0,1,0
21,306,354,0,1,0
22,397,825,0,1,0
23,241,98,1,0,1
24,202,395,0,1,0
25,0,153,0,1,0
26,795,5,0,1,0
27,692,422,0,1,0
28,101,163,0,1,0
29,484,894,0,1,0
30,707,692,0,1,0
31,561,6,0,1,0
32,762,882,1,0,1
33,937,294,1,0,1
34,254,857,0,1,0
35,281,9,0,1,0
36,629,0,1,0,1
37,942,661,0,1,0
38,6,585,0,1,0
39,378,772,0,1,0
40,177,56,0,1,0
41,640,547,1,0,1
42,504,180,1,0,1
43,139,425,0,1,0
44,466,279,0,1,0
45,199,130,0,1,0
46,576,915,1,0,1
47,767,568,0,1,0
48,731,336,0,1,0
49,475,143,0,1,0
50,521,912,0,1,0
51,831,737,0,1,0
52,110,402,0,1,0
53,118,351,0,1,0
54,297,806,0,1,0
55,546,296,0,0,1
56,693,183,0,1,0
57,544,268,0,1,0
58,139,380,0,1,0
59,990,407,0,1,0
60,200,619,0,1,0
61,594,8,0,1,0
62,408,964,0,1,0
63,115,416,0,1,0
64,2,962,0,1,0
65,8,349,1,0,1
66,38,843,0,1,0
67,795,821,0,1,0
68,647,775,0,1,0
69,715,922,0,1,0
70,610,814,0,1,0
71,747,10,0,1,0
72,562,759,0,1,0
73,597,751,0,1,0
74,335,7,0,1,0
75,990,163,1,0,1
76,123,348,0,1,0
77,435,239,1,0,1
78,342,763,1,0,1
79,930,65,0,1,0
80,129,514,0,1,0
81,796,895,0,1,0
82,129,130,0,1,0
83,277,938,0,1,0
84,374,527,0,1,0
85,210,336,0,1,0
86,374,652,1,0,1
87,854,599,0,1,0
88,565,113,0,1,0
89,623,928,0,1,0
90,244,190,0,1,0
91,203,504,0,1,0
92,268,516,0,1,0
93,528,925,0,1,0
94,635,406,0,1,0
95,211,921,0,1,0
96,779,905,0,1,0
97,520,541,0,1,0
98,132,46,0,1,0
99,720,153,0,1,0
100,225,271,0,1,0
101,735,375,1,0,1
102,685,912,1,0,1
103,7,33,0,0,1
104,661,444,1,0,1
105,572,567,1,0,0
106,884,269,0,1,0
107,621,178,0,1,0
108,883,397,0,1,0
109,818,596,0,0,1
110,353,894,1,0,1
111,0,776,0,1,0
112,777,460,0,1,0
113,849,382,0,1,0
114,551,277,0,1,0
115,881,545,0,1,0
116,75,946,1,0,0
117,697,850,0,1,0
118,413,6,1,0,0
119,197,736,1,1,0
120,697,490,1,0,1
121,867,530,0,1,0
122,5,481,1,0,0
123,653,62,1,0,0
124,291,408,0,1,0
125,858,594,1,0,1
126,808,0,0,1,0
127,661,734,0,1,0
128,221,736,1,0,1
129,531,2,0,1,0
130,449,873,0,1,0
131,5,180,1,0,0
132,943,261,0,1,0
133,4,274,0,1,0
134,679,612,0,1,0
135,306,458,0,1,0
136,189,194,0,1,0
137,550,529,1,0,0
138,607,727,1,0,1
139,625,162,1,0,1
140,0,421,0,1,0
141,635,644,1,0,1
142,557,381,0,1,0
143,818,154,0,1,0
144,376,615,0,1,0
145,157,60,0,1,0
146,509,604,1,0,0
147,468,691,1,1,0
148,756,321,0,1,0
149,285,200,0,1,0
150,142,198,1,0,1
151,661,403,0,1,0
152,384,450,1,0,1
153,311,352,0,1,0
154,4,901,1,0,0
155,40,128,0,1,0
156,573,551,1,0,0
157,217,289,0,1,0
158,396,706,1,0,0
159,867,612,0,1,0
160,794,735,0,1,0
161,134,567,0,1,0
162,815,808,0,1,0
163,664,217,0,1,0
164,58,550,0,1,0
165,559,866,0,1,0
166,831,324,0,1,0
167,251,205,0,1,0
168,238,3,0,1,0
169,883,7,1,0,0
170,521,689,1,1,0
171,961,501,0,1,0
172,106,293,1,0,0
173,7,926,1,0,0
174,163,893,0,1,0
175,51,31,1,0,0
176,596,398,0,1,0
177,396,407,0,1,0
178,386,651,0,1,0
179,709,6,0,1,0
180,538,99,0,1,0
181,975,587,0,1,0
182,460,875,0,1,0
183,728,267,1,0,0
184,317,298,1,0,0
185,535,63,1,0,0
186,869,320,1,0,1
187,701,450,0,1,0
188,394,990,0,1,0
189,871,45,1,0,0
190,971,509,0,1,0
191,950,7,0,1,0
192,932,216,0,1,0
193,456,209,0,1,0
194,2,537,0,1,0
195,511,298,0,1,0
196,8,676,1,0,1
197,966,990,0,1,0
198,748,938,0,1,0
199,778,554,0,1,0
200,522,618,1,0,0
201,208,828,1,0,0
202,202,881,0,1,0
203,947,8,0,1,0
204,49,741,1,0,0
205,662,909,0,1,0
206,176,278,1,0,1
207,765,351,0,1,0
208,248,619,0,1,0
209,782,67,1,0,1
210,233,990,1,0,0
211,714,780,0,1,0
212,60,569,0,1,0
213,598,808,0,1,0
214,990,506,1,0,0
215,528,743,1,0,0
216,293,88,0,1,0
217,420,271,0,1,0
218,619,425,0,1,0
219,309,10,1,0,1
220,9,785,0,0,1
221,747,184,0,1,0
222,3,550,0,1,0
223,408,136,0,1,0
224,316,431,0,1,0
225,649,691,0,1,0
226,335,566,1,0,1
227,502,644,1,0,0
228,946,722,0,1,0
229,482,323,1,1,0
230,292,122,0,1,0
231,972,153,1,1,0
232,821,115,1,1,0
233,238,761,0,1,0
234,435,617,0,1,0
235,661,484,0,1,0
236,325,871,0,1,0
237,308,6,0,1,0
238,532,441,1,0,0
239,253,888,0,1,0
240,239,108,0,0,1
241,278,932,0,1,0
242,284,265,0,1,0
243,174,358,1,0,1
244,253,854,0,1,0
245,831,607,1,0,1
246,761,176,1,0,1
247,545,866,0,1,0
248,321,0,0,1,0
249,698,780,0,1,0
250,878,596,0,1,0
251,899,670,1,0,1
252,713,652,0,1,0
253,663,63,1,0,0
254,159,245,1,0,0
255,101,465,0,1,0
256,637,404,1,1,0
257,727,610,0,1,0
258,577,622,1,0,0
259,789,829,1,0,1
260,810,457,0,1,0
261,566,486,0,1,0
262,4,515,0,1,0
263,891,626,0,1,0
264,102,599,0,1,0
265,193,374,0,1,0
266,64,945,1,0,0
267,263,34,0,0,1
268,747,136,0,1,0
269,892,3,1,0,0
270,843,689,1,0,1
271,752,261,1,0,0
272,885,967,1,0,1
273,492,683,1,0,0
274,119,387,1,0,1
275,112,991,0,1,0
276,517,137,0,0,1
277,694,628,1,0,1
278,504,507,1,0,0
279,384,5,1,0,0
280,249,242,0,1,0
281,206,704,0,1,0
282,456,623,1,1,0
283,990,904,1,0,0
284,833,762,0,1,0
285,821,0,0,1,0
286,878,954,1,0,1
287,8,39,0,1,0
288,9,695,0,1,0
289,124,723,0,1,0
290,580,372,0,1,0
291,831,118,1,0,1
292,61,859,1,0,0
293,7,244,0,1,0
294,22,845,1,1,0
295,235,642,0,1,0
296,240,707,0,1,0
297,345,128,0,1,0
298,666,733,0,1,0
299,119,259,1,0,1
300,439,731,1,0,1
301,732,557,1,0,1
302,153,151,0,0,1
303,8,498,0,1,0
304,567,257,0,1,0
305,942,1,0,1,0
306,723,113,0,1,0
307,590,297,1,0,1
308,838,10,1,0,0
309,443,256,1,0,1
310,863,336,0,1,0
311,752,489,0,1,0
312,216,757,0,1,0
313,352,8,1,0,0
314,1,244,0,1,0
315,842,749,0,1,0
316,4,790,0,1,0
317,773,756,0,0,1
318,598,786,0,1,0
319,61,990,1,0,0
320,733,850,0,1,0
321,787,571,1,0,1
322,776,768,0,1,0
323,838,669,1,0,1
324,8,503,0,1,0
325,578,863,0,1,0
326,332,47,0,1,0
327,807,482,0,1,0
328,133,490,0,1,0
329,110,445,0,1,0
330,624,794,0,1,0
331,2,150,0,1,0
332,725,937,0,1,0
333,202,914,0,1,0
334,210,410,0,1,0
335,788,645,0,1,0
336,854,312,0,1,0
337,404,110,0,1,0
338,758,7,0,1,0
339,2,707,1,0,0
340,919,650,0,1,0
341,832,662,0,1,0
342,524,673,1,1,0
343,557,5,0,1,0
344,971,945,1,0,0
345,461,599,1,0,0
346,174,269,1,0,1
347,304,453,0,1,0
348,297,469,0,1,0
349,806,118,0,1,0
350,74,828,1,0,1
351,472,276,1,0,1
352,326,884,0,1,0
353,856,813,0,1,0
354,880,924,0,1,0
355,3,791,1,0,1
356,120,695,0,1,0
357,123,430,0,1,0
358,562,587,1,0,0
359,651,918,0,1,0
360,350,341,0,1,0
361,3,816,0,1,0
362,713,1,0,1,0
363,642,325,1,0,1
364,878,887,0,1,0
365,811,864,0,1,0
366,348,179,0,1,0
367,451,619,0,1,0
368,237,381,0,1,0
369,161,461,1,0,1
370,670,897,0,1,0
371,8,886,1,0,0
372,766,643,1,0,1
373,362,971,0,1,0
374,879,923,0,1,0
375,514,159,0,1,0
376,204,791,0,1,0
377,480,851,0,1,0
378,528,632,1,0,0
379,99,819,1,0,0
380,810,421,0,1,0
381,828,638,1,0,1
382,696,403,0,1,0
383,462,10,1,0,0
384,843,161,1,0,0
385,438,6,1,0,1
386,878,774,0,1,0
387,300,113,1,0,0
388,751,4,0,1,0
389,395,131,1,0,1
390,2,21,0,1,0
391,76,888,1,0,0
392,190,36,0,1,0
393,272,837,0,1,0
394,744,547,0,1,0
395,257,6,1,0,0
396,64,494,0,1,0
397,1,827,0,1,0
398,237,172,0,1,0
399,691,140,1,0,0
400,544,436,1,0,0
401,735,501,0,0,1
402,355,488,0,1,0
403,318,69,0,1,0
404,152,565,0,1,0
405,922,167,1,0,0
406,736,464,0,1,0
407,335,507,0,1,0
408,3,755,1,0,0
409,591,90,0,1,0
410,319,602,1,0,1
411,447,10,1,0,1
412,549,306,0,1,0
413,766,798,0,1,0
414,241,817,0,1,0
415,494,237,1,0,1
416,152,533,0,1,0
417,578,916,0,1,0
418,326,853,0,1,0
419,410,252,0,1,0
420,724,538,0,1,0
421,881,765,0,1,0
422,55,700,1,0,1
423,282,93,1,0,1
424,170,369,0,1,0
425,137,400,0,1,0
426,64,774,0,1,0
427,330,569,1,0,1
428,980,4,1,0,0
429,578,953,0,1,0
430,356,147,0,1,0
431,568,709,0,1,0
432,882,287,0,1,0
433,830,468,1,0,1
434,402,802,1,0,0
435,836,404,0,1,0
436,488,10,1,0,0
437,785,607,0,1,0
438,528,647,1,0,0
439,869,189,1,0,0
440,300,48,0,1,0
441,751,589,1,0,1
442,434,465,1,0,0
443,236,275,0,1,0
444,124,217,0,0,1
445,307,449,0,1,0
446,798,690,0,1,0
447,388,930,0,1,0
448,652,93,1,0,0
449,92,267,1,0,0
450,910,318,0,1,0
451,301,0,0,1,0
452,934,123,1,0,1
453,244,640,1,1,0
454,618,629,0,1,0
455,621,216,0,1,0
456,990,900,1,0,0
457,632,375,0,1,0
458,333,816,0,1,0
459,10,840,1,0,0
460,978,2,1,0,0
461,436,389,1,0,1
462,612,550,1,0,1
463,837,547,1,0,1
464,576,810,0,1,0
465,840,490,0,1,0
466,247,186,1,0,1
467,470,443,1,0,0
468,27,7,1,0,1
469,720,368,0,1,0
470,689,7,0,1,0
471,8,530,0,1,0
472,854,1,1,0,0
473,9,564,1,0,1
474,282,67,0,0,1
475,336,3,1,0,1
476,315,370,0,1,0
477,526,488,1,0,0
478,385,842,1,0,1
479,779,242,1,0,0
480,842,423,0,1,0
481,248,267,1,0,1
482,270,794,1,0,1
483,552,967,0,1,0
484,914,753,0,1,0
485,609,623,0,1,0
486,330,488,0,1,0
487,124,544,0,0,1
488,355,791,1,0,0
489,599,395,1,0,1
490,880,803,1,0,1
491,397,315,0,1,0
492,990,15,1,0,0
493,761,104,0,1,0
494,521,231,0,1,0
495,87,585,0,1,0
496,135,156,0,1,0
497,639,416,0,1,0
498,167,771,1,1,0
499,920,230,1,0,1
500,319,239,1,0,1
501,92,935,1,0,0
502,567,2,0,1,0
503,754,2,0,1,0
504,225,345,0,1,0
505,649,477,1,0,1
506,697,665,1,0,1
507,614,370,0,1,0
508,354,101,0,1,0
509,116,629,0,1,0
510,553,8,1,0,1
511,896,509,0,1,0
512,884,199,1,0,0
513,83,656,1,0,1
514,666,186,0,1,0
515,158,86,0,1,0
516,848,380,0,1,0
517,596,197,0,1,0
518,659,235,0,1,0
519,368,106,0,1,0
520,721,691,0,1,0
521,894,82,0,1,0
522,306,591,1,0,1
523,503,735,1,0,0
524,819,859,0,1,0
525,594,394,1,0,1
526,2,37,0,1,0
527,403,404,1,0,1
528,754,8,0,1,0
529,310,530,1,0,1
530,902,528,1,0,1
531,492,729,1,0,0
532,122,910,0,1,0
533,40,227,0,1,0
534,849,402,0,1,0
535,240,886,0,1,0
536,880,685,0,1,0
537,385,541,0,1,0
538,443,145,0,1,0
539,579,368,1,0,1
540,487,707,0,1,0
541,492,716,0,1,0
542,684,460,0,1,0
543,1,46,0,1,0
544,313,292,1,0,0
545,52,9,1,0,0
546,111,412,0,1,0
547,438,442,0,1,0
548,119,743,1,1,0
549,604,551,0,1,0
550,769,373,0,1,0
551,260,922,0,1,0
552,937,303,1,0,1
553,385,825,1,1,0
554,530,743,1,0,0
555,177,844,0,1,0
556,347,575,0,1,0
557,299,1,0,1,0
558,864,587,1,0,1
559,698,508,0,1,0
560,765,649,0,1,0
561,685,747,0,1,0
562,878,611,0,1,0
563,435,990,0,1,0
564,7,142,1,0,1
565,213,724,1,0,0
566,191,115,0,1,0
567,244,376,0,1,0
568,748,125,0,1,0
569,210,994,0,1,0
570,810,637,1,0,1
571,254,628,0,1,0
572,565,318,0,1,0
573,232,512,1,0,1
574,867,489,0,1,0
575,507,205,0,1,0
576,51,899,1,0,0
577,330,830,1,0,1
578,171,152,0,1,0
579,725,109,0,1,0
580,196,761,0,1,0
581,0,370,1,0,0
582,375,332,0,1,0
583,509,958,0,1,0
584,315,253,1,0,1
585,118,554,0,1,0
586,789,336,0,1,0
587,801,4,0,1,0
588,246,579,0,1,0
589,556,788,0,1,0
590,434,320,0,1,0
591,807,366,1,0,1
592,805,830,0,1,0
593,270,696,0,1,0
594,782,598,0,1,0
595,585,874,1,0,1
596,321,835,0,1,0
597,730,586,0,1,0
598,143,321,0,1,0
599,94,379,0,1,0
600,930,242,0,1,0
601,735,788,0,1,0
602,739,456,0,1,0
603,9,429,0,1,0
604,521,80,0,1,0
605,373,411,0,1,0
606,811,4,1,0,1
607,133,334,0,1,0
608,553,658,1,0,0
609,344,404,0,1,0
610,743,943,0,1,0
611,429,283,0,1,0
612,320,875,0,1,0
613,63,546,0,1,0
614,595,744,1,0,1
615,507,9,0,1,0
616,954,785,1,0,0
617,723,604,0,1,0
618,446,222,0,1,0
619,669,197,0,1,0
620,8,76,0,1,0
621,530,336,0,1,0
622,539,9,0,1,0
623,133,347,0,1,0
624,696,352,1,0,1
625,235,477,0,1,0
626,6,20,0,1,0
627,181,358,0,1,0
628,833,4,1,0,0
629,650,652,0,1,0
630,750,513,0,1,0
631,894,933,0,1,0
632,990,792,1,0,0
633,196,280,0,1,0
634,878,287,0,1,0
635,527,862,0,1,0
636,776,831,0,1,0
637,189,467,0,1,0
638,365,531,1,0,0
639,657,375,1,0,1
640,187,723,0,1,0
641,4,586,0,1,0
642,5,967,0,1,0
643,911,580,0,1,0
644,508,266,0,1,0
645,57,192,0,1,0
646,602,185,0,1,0
647,1,644,0,1,0
648,72,272,0,1,0
649,701,421,0,1,0
650,954,990,0,1,0
651,805,329,0,1,0
652,258,409,0,1,0
653,219,3,1,0,0
654,9,824,0,1,0
655,508,8,0,1,0
656,399,399,0,1,0
657,655,206,0,1,0
658,275,715,0,1,0
659,266,42,1,0,1
660,297,114,1,0,1
661,350,607,1,0,1
662,347,131,1,1,0
663,712,390,0,1,0
664,132,603,0,1,0
665,244,528,0,1,0
666,116,391,0,1,0
667,561,126,0,1,0
668,912,651,0,1,0
669,921,0,1,0,0
670,257,365,0,1,0
671,811,676,0,1,0
672,904,668,0,1,0
673,769,308,1,0,1
674,706,297,0,1,0
675,676,577,1,1,0
676,819,854,0,1,0
677,868,902,0,1,0
678,493,378,1,0,0
679,0,147,0,1,0
680,568,493,1,1,0
681,489,7,1,0,0
682,175,741,1,0,0
683,5,604,0,1,0
684,208,63,0,1,0
685,411,188,1,0,1
686,874,82,0,1,0
687,793,568,1,0,1
688,554,780,0,1,0
689,817,737,1,0,1
690,601,579,0,1,0
691,239,734,0,1,0
692,812,743,0,1,0
693,449,878,0,1,0
694,684,271,1,0,0
695,674,404,0,1,0
696,807,426,1,0,1
697,568,351,0,1,0
698,209,456,1,0,1
699,135,685,0,1,0
700,747,306,1,0,1
701,80,960,1,0,0
702,510,422,0,1,0
703,397,7,1,0,0
704,275,862,0,1,0
705,3,645,0,1,0
706,558,988,1,0,1
707,494,681,0,1,0
708,846,302,0,1,0
709,536,10,0,1,0
710,675,152,0,1,0
711,410,586,1,1,0
712,1,579,0,1,0
713,896,819,0,1,0
714,900,432,0,1,0
715,582,3,0,1,0
716,99,861,0,1,0
717,791,713,1,0,1
718,406,365,1,0,1
719,636,907,0,1,0
720,446,415,0,1,0
721,832,111,1,1,0
722,982,173,0,1,0
723,920,882,0,1,0
724,126,836,0,1,0
725,559,204,0,1,0
726,294,472,0,1,0
727,4,951,1,0,0
728,479,851,0,0,1
729,3,523,0,1,0
730,209,216,0,1,0
731,140,706,0,1,0
732,502,784,1,0,1
733,448,159,1,0,1
734,3,268,0,1,0
735,152,573,0,1,0
736,561,455,1,0,0
737,199,6,1,0,0
738,36,827,0,1,0
739,137,716,0,1,0
740,106,113,0,1,0
741,937,4,0,1,0
742,695,820,0,1,0
743,355,629,0,1,0
744,837,614,0,1,0
745,456,857,1,0,1
746,176,297,1,0,1
747,7,520,1,0,1
748,477,673,0,1,0
749,926,116,1,1,0
750,990,874,1,0,0
751,936,106,0,1,0
752,286,499,1,0,1
753,3,945,1,0,0
754,532,264,0,1,0
755,522,527,1,0,0
756,860,520,0,1,0
757,885,826,0,1,0
758,478,798,0,1,0
759,9,160,1,0,1
760,590,211,0,1,0
761,588,945,0,1,0
762,644,528,0,1,0
763,789,502,0,1,0
764,334,0,0,1,0
765,396,724,1,0,1
766,700,456,0,1,0
767,268,749,1,0,1
768,946,2,0,1,0
769,351,10,1,0,0
770,412,181,1,0,1
771,326,491,0,1,0
772,876,682,0,1,0
773,894,597,0,1,0
774,859,568,0,1,0
775,591,706,0,1,0
776,843,396,1,0,1
777,131,61,0,1,0
778,890,649,0,1,0
779,118,3,1,0,0
780,246,806,0,1,0
781,629,568,0,1,0
782,389,152,0,1,0
783,171,230,1,0,1
784,228,9,1,0,1
785,724,97,1,0,1
786,857,156,1,0,1
787,618,861,0,1,0
788,10,911,1,0,0
789,92,944,1,0,0
790,524,114,0,1,0
791,177,653,0,1,0
792,4,983,1,0,0
793,2,688,0,1,0
794,226,582,0,1,0
795,929,718,1,0,1
796,435,711,1,0,0
797,966,212,0,1,0
798,919,551,0,1,0
799,873,478,0,1,0
800,455,450,1,0,0
801,248,183,0,1,0
802,375,285,0,1,0
803,243,157,0,1,0
804,501,0,0,1,0
805,800,249,1,0,0
806,872,380,0,1,0
807,397,110,1,0,1
808,808,618,0,1,0
809,5,242,0,1,0
810,845,657,0,1,0
811,674,399,0,1,0
812,884,645,0,1,0
813,167,627,1,0,1
814,823,10,0,1,0
815,523,350,0,1,0
816,539,158,0,1,0
817,400,872,0,1,0
818,692,519,1,0,1
819,791,928,0,1,0
820,157,685,0,1,0
821,545,91,0,1,0
822,253,639,0,1,0
823,990,839,0,1,0
824,35,692,1,0,0
825,528,803,0,1,0
826,399,8,1,0,0
827,654,886,0,1,0
828,589,933,0,1,0
829,761,478,0,1,0
830,595,679,0,1,0
831,596,594,1,1,0
832,241,435,0,1,0
833,161,2,0,1,0
834,10,194,1,0,0
835,783,520,0,1,0
836,468,341,1,0,1
837,879,789,0,1,0
838,35,401,1,0,1
839,963,3,1,1,0
840,241,548,0,1,0
841,372,712,1,1,0
842,265,976,0,1,0
843,540,591,1,0,0
844,144,389,1,0,1
845,679,156,0,1,0
846,442,248,0,1,0
847,201,635,0,1,0
848,886,827,0,1,0
849,990,856,0,1,0
850,593,3,0,1,0
851,409,590,0,1,0
852,318,769,1,0,1
853,188,651,0,1,0
854,447,188,0,1,0
855,190,390,0,1,0
856,440,908,0,1,0
857,306,759,1,0,0
858,393,420,0,0,1
859,923,141,0,1,0
860,375,851,0,1,0
861,762,943,0,1,0
862,6,280,0,1,0
863,777,37,1,0,0
864,197,339,0,1,0
865,237,579,1,0,1
866,113,249,0,1,0
867,71,202,0,1,0
868,675,695,0,1,0
869,697,402,0,1,0
870,690,816,1,0,1
871,371,714,0,1,0
872,39,206,0,1,0
873,915,524,0,1,0
874,657,348,0,1,0
875,920,935,0,1,0
876,943,731,0,1,0
877,239,285,0,1,0
878,921,525,0,1,0
879,598,742,1,0,1
880,371,984,0,1,0
881,471,534,1,0,0
882,1,31,1,0,1
883,855,300,0,1,0
884,3,672,0,1,0
885,567,845,0,1,0
886,507,146,0,1,0
887,378,740,0,1,0
888,572,222,0,1,0
889,174,10,1,0,1
890,588,658,0,1,0
891,474,285,0,1,0
892,951,687,1,0,1
893,8,851,1,0,0
894,516,990,0,1,0
895,93,7,1,0,0
896,885,272,0,1,0
897,762,201,1,0,0
898,307,202,0,1,0
899,80,971,1,0,0
900,440,384,1,0,1
901,587,2,0,1,0
902,271,760,1,0,1
903,639,689,0,1,0
904,961,714,0,1,0
905,646,503,0,1,0
906,2,112,1,0,0
907,265,780,1,0,1
908,205,577,0,1,0
909,72,990,1,0,0
910,990,389,1,0,1
911,189,272,0,1,0
912,592,668,0,1,0
913,602,718,0,1,0
914,557,226,0,1,0
915,616,360,0,1,0
916,759,991,0,1,0
917,390,867,1,0,1
918,5,403,1,0,0
919,579,408,0,1,0
920,576,690,0,1,0
921,303,839,1,0,1
922,614,764,0,1,0
923,656,472,1,0,1
924,538,131,0,1,0
925,435,830,0,1,0
926,968,659,0,1,0
927,217,10,1,0,0
928,697,526,0,1,0
929,816,487,1,0,1
930,418,10,1,0,0
931,913,641,0,1,0
932,165,62,0,1,0
933,493,561,1,0,0
934,940,950,0,1,0
935,164,114,1,0,1
936,778,0,0,1,0
937,652,296,1,1,0
938,432,463,1,0,0
939,376,504,1,0,0
940,360,928,0,1,0
941,126,297,0,1,0
942,711,177,1,0,1
943,726,184,0,1,0
944,933,23,1,0,0
945,181,406,1,0,1
946,513,881,0,1,0
947,624,840,0,1,0
948,5,908,1,0,0
949,967,479,0,1,0
950,396,583,1,0,1
951,227,605,0,1,0
952,428,1,0,1,0
953,506,668,1,1,0
954,609,540,0,1,0
955,180,2,0,1,0
956,347,168,0,1,0
957,393,253,1,1,0
958,401,273,0,1,0
959,803,676,0,1,0
960,594,961,0,1,0
961,225,599,0,1,0
962,731,990,1,0,1
963,250,344,0,1,0
964,61,2,1,0,0
965,355,131,0,1,0
966,508,255,1,0,1
967,4,793,0,1,0
968,279,298,0,0,1
969,64,24,0,1,0
970,0,673,0,1,0
971,484,616,1,0,0
972,543,144,0,1,0
973,783,772,0,1,0
974,6,719,1,0,0
975,342,411,0,1,0
976,820,680,1,0,1
977,300,610,0,1,0
978,475,169,0,1,0
979,243,775,0,1,0
980,715,403,0,1,0
981,638,868,0,1,0
982,457,232,0,1,0
983,433,497,1,0,0
984,214,462,0,1,0
985,440,321,0,1,0
986,580,973,0,1,0
987,721,6,1,0,1
988,527,284,0,1,0
989,114,650,0,1,0
990,90,576,1,0,1
991,704,144,0,1,0
992,234,66,0,1,0
993,4,24,0,1,0
994,170,184,0,1,0
995,736,888,0,1,0
996,650,633,0,1,0
997,64,98,1,0,1
998,701,609,0,1,0
999,691,545,0,1,0
