Index,x,y,alive,infected,immune
0,782,291,0,1,0
1,26,670,1,0,1
2,954,216,0,0,1
3,510,846,1,0,1
4,890,769,0,1,0
5,450,130,0,1,0
6,454,62,0,1,0
7,7,559,0,1,0
8,287,777,1,0,1
9,880,587,0,1,0
10,416,139,0,1,0
11,633,140,0,1,0
12,510,962,0,1,0
13,81,308,0,1,0
14,845,281,0,1,0
15,65,756,0,1,0
16,503,288,1,0,1
17,758,661,0,1,0
18,964,188,0,1,0
19,593,838,0,1,0
20,937,592,0,1,0
21,319,369,0,1,0
22,425,826,0,1,0
23,248,87,1,0,1
24,219,408,0,1,0
25,7,153,0,1,0
26,795,6,0,1,0
27,699,453,0,1,0
28,93,125,0,1,0
29,465,865,0,1,0
30,707,729,0,1,0
31,561,1,0,1,0
32,767,895,1,0,1
33,945,311,1,0,1
34,255,843,0,1,0
35,281,8,0,1,0
36,629,3,1,0,1
37,912,682,0,1,0
38,2,585,0,1,0
39,422,771,0,1,0
40,188,24,0,1,0
41,659,535,1,0,1
42,476,180,1,0,1
43,119,402,0,1,0
44,466,285,0,1,0
45,213,116,0,1,0
46,540,910,1,0,1
47,772,608,0,1,0
48,737,335,0,1,0
49,424,137,0,1,0
50,501,899,0,1,0
51,855,696,0,1,0
52,87,402,0,1,0
53,158,363,0,1,0
54,296,819,0,1,0
55,579,297,0,0,1
56,682,159,0,1,0
57,518,261,0,1,0
58,169,378,0,1,0
59,990,407,0,1,0
60,215,591,0,1,0
61,594,1,0,1,0
62,371,958,0,1,0
63,163,437,0,1,0
64,2,962,0,1,0
65,1,349,1,0,1
66,41,812,0,1,0
67,803,832,0,1,0
68,629,744,0,1,0
69,725,924,0,1,0
70,576,841,0,1,0
71,747,10,0,1,0
72,563,756,0,1,0
73,603,745,0,1,0
74,335,0,0,1,0
75,990,163,1,0,1
76,119,353,0,1,0
77,418,248,1,0,1
78,375,760,1,0,1
79,939,86,0,1,0
80,114,508,0,1,0
81,779,839,0,1,0
82,106,136,0,1,0
83,266,923,0,1,0
84,367,563,0,1,0
85,213,333,0,1,0
86,379,660,1,0,1
87,841,612,0,1,0
88,556,166,0,1,0
89,647,923,0,1,0
90,277,230,0,1,0
91,225,512,0,1,0
92,283,493,0,1,0
93,514,915,0,1,0
94,676,426,0,1,0
95,214,918,0,1,0
96,775,941,0,1,0
97,555,522,0,1,0
98,141,51,0,1,0
99,659,164,0,1,0
100,209,263,0,1,0
101,748,369,1,1,0
102,675,891,1,0,1
103,0,33,0,0,1
104,673,479,1,0,1
105,591,605,1,0,0
106,855,250,1,1,0
107,610,189,0,1,0
108,883,420,0,1,0
109,809,594,0,0,1
110,338,847,1,1,0
111,5,776,0,1,0
112,760,455,0,1,0
113,846,364,0,1,0
114,570,337,0,1,0
115,911,523,0,1,0
116,106,983,1,0,0
117,717,850,0,1,0
118,413,4,1,0,0
119,196,748,1,0,0
120,683,512,1,0,1
121,862,515,0,1,0
122,5,481,1,0,0
123,667,103,1,0,0
124,293,383,0,1,0
125,815,619,1,0,1
126,808,6,0,1,0
127,672,767,0,1,0
128,212,755,1,1,0
129,531,4,0,1,0
130,446,856,0,1,0
131,9,180,1,0,0
132,921,268,0,1,0
133,2,274,0,1,0
134,657,599,0,1,0
135,303,436,0,1,0
136,197,220,0,1,0
137,584,572,1,0,0
138,593,706,1,0,1
139,601,141,1,0,1
140,8,421,0,1,0
141,632,663,1,0,1
142,543,424,1,1,0
143,772,139,0,1,0
144,405,617,0,1,0
145,178,68,0,1,0
146,534,548,1,0,0
147,447,664,1,0,0
148,751,328,0,1,0
149,294,195,0,1,0
150,112,185,1,0,1
151,661,416,0,1,0
152,363,439,1,0,1
153,321,343,0,1,0
154,3,901,1,0,0
155,75,128,0,1,0
156,603,574,1,0,0
157,207,277,0,1,0
158,415,718,1,0,0
159,860,597,0,1,0
160,800,742,0,1,0
161,149,580,0,1,0
162,802,801,0,1,0
163,634,189,0,1,0
164,56,552,0,1,0
165,531,863,0,1,0
166,859,311,0,1,0
167,227,220,0,1,0
168,238,0,0,1,0
169,873,983,1,0,0
170,535,682,1,1,0
171,951,531,0,1,0
172,131,253,1,0,0
173,5,926,1,0,0
174,101,918,1,0,0
175,64,69,1,0,0
176,606,384,0,1,0
177,395,421,0,1,0
178,420,650,0,1,0
179,709,6,0,1,0
180,514,82,0,1,0
181,971,580,0,1,0
182,444,888,0,1,0
183,736,268,1,0,0
184,303,328,1,0,0
185,533,29,1,0,0
186,870,330,1,0,1
187,693,462,0,1,0
188,394,990,1,1,0
189,851,87,1,0,0
190,952,537,0,1,0
191,950,4,0,1,0
192,927,225,0,1,0
193,455,211,0,1,0
194,0,537,0,1,0
195,534,334,0,1,0
196,9,676,1,0,1
197,958,967,1,0,0
198,774,931,0,1,0
199,818,588,0,1,0
200,528,623,1,0,0
201,170,798,1,0,0
202,234,864,0,1,0
203,947,8,1,1,0
204,21,736,1,0,0
205,674,935,0,1,0
206,204,327,1,1,0
207,786,308,0,1,0
208,284,613,0,1,0
209,790,65,1,0,1
210,233,990,1,0,0
211,736,754,0,1,0
212,77,596,0,1,0
213,596,776,0,1,0
214,990,506,1,0,0
215,547,727,1,0,0
216,325,79,0,1,0
217,365,244,0,1,0
218,614,426,0,1,0
219,309,10,1,0,1
220,2,785,0,0,1
221,728,163,0,1,0
222,1,550,0,1,0
223,398,146,0,1,0
224,260,473,0,1,0
225,660,658,0,1,0
226,338,538,1,1,0
227,512,679,1,0,0
228,942,716,0,1,0
229,432,335,1,0,0
230,272,139,0,1,0
231,963,155,1,0,0
232,823,138,1,0,0
233,217,755,0,1,0
234,435,644,0,1,0
235,653,485,0,1,0
236,339,892,0,1,0
237,308,9,0,1,0
238,535,396,1,0,0
239,245,874,0,1,0
240,280,99,0,0,1
241,274,901,0,1,0
242,313,254,0,1,0
243,205,339,1,0,1
244,253,863,0,1,0
245,837,624,1,0,1
246,741,168,1,0,1
247,570,860,0,1,0
248,321,9,0,1,0
249,691,799,0,1,0
250,866,572,0,1,0
251,890,647,1,0,1
252,717,661,0,1,0
253,649,37,1,0,0
254,163,257,1,0,0
255,98,466,0,1,0
256,652,388,1,0,0
257,723,600,0,1,0
258,561,589,1,0,0
259,788,818,1,0,1
260,837,477,0,1,0
261,520,545,1,0,0
262,0,515,0,1,0
263,902,628,0,1,0
264,110,591,0,1,0
265,172,381,0,1,0
266,98,935,1,0,0
267,255,63,0,0,1
268,738,137,0,1,0
269,892,2,1,0,0
270,849,690,1,0,1
271,744,274,1,0,0
272,870,965,1,0,1
273,491,681,1,0,0
274,111,426,1,0,1
275,137,977,0,1,0
276,505,108,0,0,1
277,642,594,1,1,0
278,539,495,1,0,0
279,384,9,1,0,0
280,273,261,0,1,0
281,170,694,0,1,0
282,484,628,1,0,0
283,990,904,1,0,0
284,812,732,0,1,0
285,821,3,0,1,0
286,885,970,1,0,1
287,0,39,0,1,0
288,4,695,0,1,0
289,122,763,1,1,0
290,548,393,0,1,0
291,845,128,1,0,1
292,82,857,1,0,0
293,7,244,0,1,0
294,42,843,1,0,0
295,224,677,0,1,0
296,259,736,1,1,0
297,327,150,0,1,0
298,701,717,0,1,0
299,101,280,1,0,1
300,461,720,1,0,1
301,694,562,1,0,1
302,122,147,0,0,1
303,4,498,0,1,0
304,533,280,0,1,0
305,942,9,1,1,0
306,725,135,0,1,0
307,621,296,1,0,1
308,838,10,1,0,0
309,453,298,1,0,1
310,870,328,0,1,0
311,760,479,0,1,0
312,226,778,0,1,0
313,352,0,1,0,0
314,1,244,1,1,0
315,856,735,0,1,0
316,6,790,0,1,0
317,754,758,0,0,1
318,592,741,0,1,0
319,61,990,1,0,0
320,705,857,0,1,0
321,811,600,1,0,1
322,795,746,0,1,0
323,815,641,1,0,1
324,8,503,0,1,0
325,584,865,0,1,0
326,349,64,0,1,0
327,823,513,0,1,0
328,130,478,0,1,0
329,122,467,0,1,0
330,613,764,0,1,0
331,1,150,0,1,0
332,698,929,0,1,0
333,197,904,0,1,0
334,232,430,0,1,0
335,795,670,0,1,0
336,844,307,0,1,0
337,382,94,0,1,0
338,758,0,0,1,0
339,9,707,1,0,0
340,919,662,0,1,0
341,821,680,0,1,0
342,485,661,1,0,0
343,557,4,0,1,0
344,954,966,1,0,0
345,450,567,1,0,0
346,181,260,1,0,1
347,330,452,0,1,0
348,316,449,0,1,0
349,778,146,1,1,0
350,90,838,1,0,1
351,502,273,1,0,1
352,355,872,0,1,0
353,811,799,0,1,0
354,916,929,0,1,0
355,5,791,1,0,1
356,98,688,0,1,0
357,116,411,0,1,0
358,543,593,1,0,0
359,611,942,0,1,0
360,377,356,0,1,0
361,4,816,0,1,0
362,713,7,0,1,0
363,609,326,1,0,1
364,892,875,0,1,0
365,821,833,0,1,0
366,356,179,0,1,0
367,416,611,0,1,0
368,213,406,0,1,0
369,170,441,1,0,1
370,648,867,0,1,0
371,0,886,1,0,0
372,731,604,1,0,1
373,373,961,0,1,0
374,869,909,0,1,0
375,502,162,0,1,0
376,210,794,0,1,0
377,497,851,0,1,0
378,493,658,1,0,0
379,120,784,1,0,0
380,816,389,0,1,0
381,837,676,1,0,1
382,715,425,0,1,0
383,462,10,1,0,0
384,825,159,1,0,0
385,438,6,1,0,1
386,897,752,0,1,0
387,311,119,1,0,0
388,751,7,0,1,0
389,381,152,1,0,1
390,9,21,0,1,0
391,92,905,1,0,0
392,196,83,0,1,0
393,275,841,0,1,0
394,745,541,0,1,0
395,257,0,1,0,0
396,69,531,0,1,0
397,4,827,0,1,0
398,231,155,0,1,0
399,671,96,1,0,0
400,537,437,1,0,0
401,730,535,0,0,1
402,355,502,0,1,0
403,311,101,0,1,0
404,186,578,0,1,0
405,901,149,1,0,0
406,759,456,0,1,0
407,310,492,0,1,0
408,7,755,1,0,0
409,576,88,0,1,0
410,295,666,1,0,1
411,447,10,1,0,1
412,518,314,1,1,0
413,739,785,0,1,0
414,235,821,0,1,0
415,507,237,1,0,1
416,148,526,0,1,0
417,526,883,0,1,0
418,294,851,0,1,0
419,402,252,0,1,0
420,721,534,0,1,0
421,879,740,0,1,0
422,76,732,1,0,1
423,306,88,1,0,1
424,161,345,0,1,0
425,141,376,0,1,0
426,57,816,0,1,0
427,358,563,1,0,1
428,980,9,1,0,0
429,556,956,0,1,0
430,349,134,0,1,0
431,564,702,0,1,0
432,890,280,0,1,0
433,825,481,1,0,1
434,391,808,1,0,0
435,814,383,0,1,0
436,488,10,1,0,0
437,814,631,0,1,0
438,501,595,1,0,0
439,876,185,1,0,0
440,298,75,0,1,0
441,751,568,1,0,1
442,430,482,1,0,0
443,232,270,0,1,0
444,132,206,1,1,0
445,267,456,0,1,0
446,824,692,0,1,0
447,419,920,0,1,0
448,682,86,1,0,0
449,98,252,1,0,0
450,892,306,0,1,0
451,301,6,0,1,0
452,969,113,1,0,1
453,203,677,1,0,0
454,595,671,1,1,0
455,599,274,0,1,0
456,990,900,1,0,0
457,652,387,0,1,0
458,342,786,0,1,0
459,10,840,1,0,0
460,978,5,1,0,0
461,415,426,1,1,0
462,598,550,1,0,1
463,807,509,1,1,0
464,546,828,0,1,0
465,831,530,0,1,0
466,263,159,1,1,0
467,461,411,1,0,0
468,27,2,1,0,1
469,714,409,0,1,0
470,689,9,0,1,0
471,1,530,0,1,0
472,854,6,1,0,0
473,5,564,1,0,1
474,253,90,0,0,1
475,336,7,1,0,1
476,357,358,0,1,0
477,479,483,1,0,0
478,384,877,1,0,1
479,792,229,1,0,0
480,847,446,0,1,0
481,267,240,1,0,1
482,249,807,1,0,1
483,549,919,0,1,0
484,908,756,0,1,0
485,634,617,0,1,0
486,330,465,0,1,0
487,132,602,0,0,1
488,347,805,1,0,0
489,602,363,1,0,1
490,892,813,1,0,1
491,365,326,0,1,0
492,990,15,1,0,0
493,767,111,0,1,0
494,560,260,0,1,0
495,114,574,0,1,0
496,148,133,0,1,0
497,601,451,0,1,0
498,117,754,1,0,0
499,917,259,1,0,1
500,326,217,1,0,1
501,122,929,1,0,0
502,567,4,0,1,0
503,754,2,0,1,0
504,254,350,0,1,0
505,651,445,1,0,1
506,721,714,1,0,1
507,615,373,0,1,0
508,350,90,0,1,0
509,107,637,0,1,0
510,553,7,1,0,1
511,874,555,0,1,0
512,892,196,1,0,0
513,91,664,1,0,1
514,663,167,0,1,0
515,92,95,0,1,0
516,825,366,0,1,0
517,612,151,0,1,0
518,642,236,0,1,0
519,415,81,0,1,0
520,720,663,0,1,0
521,905,101,0,1,0
522,304,588,1,0,1
523,485,714,1,0,0
524,815,861,0,1,0
525,595,417,1,1,0
526,0,37,0,1,0
527,429,415,1,1,0
528,754,7,0,1,0
529,319,573,1,0,1
530,907,564,1,0,1
531,476,709,1,0,0
532,104,908,0,1,0
533,88,204,0,1,0
534,834,432,0,1,0
535,222,883,0,1,0
536,872,664,0,1,0
537,363,559,0,1,0
538,411,151,0,1,0
539,577,365,1,0,1
540,534,694,0,1,0
541,522,690,1,0,0
542,679,476,0,1,0
543,0,46,0,1,0
544,330,295,1,0,0
545,52,2,1,0,0
546,117,420,0,1,0
547,421,406,1,1,0
548,58,730,1,0,0
549,603,560,0,1,0
550,768,378,0,1,0
551,269,952,1,0,0
552,908,306,1,0,1
553,409,862,1,1,0
554,520,752,1,0,0
555,160,882,0,1,0
556,339,576,0,1,0
557,299,7,0,1,0
558,853,576,1,0,1
559,743,535,0,1,0
560,779,640,0,1,0
561,719,742,0,1,0
562,873,613,0,1,0
563,435,990,0,1,0
564,3,142,1,0,1
565,200,717,1,0,0
566,180,87,0,1,0
567,249,357,1,1,0
568,756,96,0,1,0
569,150,958,0,1,0
570,814,629,1,0,1
571,286,629,1,1,0
572,545,288,0,1,0
573,231,550,1,0,1
574,897,490,0,1,0
575,487,179,0,1,0
576,54,892,1,0,0
577,335,857,1,1,0
578,164,176,0,1,0
579,760,145,0,1,0
580,217,810,1,0,0
581,4,370,1,0,0
582,361,313,0,1,0
583,507,926,0,1,0
584,291,206,1,0,1
585,131,561,0,1,0
586,787,348,0,1,0
587,801,6,0,1,0
588,259,552,0,1,0
589,539,774,0,1,0
590,461,314,0,1,0
591,812,355,1,1,0
592,838,864,0,1,0
593,276,687,0,1,0
594,752,576,0,1,0
595,526,906,1,0,1
596,318,827,0,1,0
597,758,572,0,1,0
598,140,312,0,1,0
599,102,380,0,1,0
600,924,258,0,1,0
601,725,774,0,1,0
602,766,474,0,1,0
603,0,429,0,1,0
604,539,69,0,1,0
605,382,407,0,1,0
606,811,0,1,0,1
607,147,323,0,1,0
608,561,661,1,0,0
609,326,383,0,1,0
610,760,924,0,1,0
611,414,251,0,1,0
612,310,869,0,1,0
613,80,531,0,1,0
614,619,742,1,0,1
615,507,5,0,1,0
616,924,785,1,0,0
617,731,611,0,1,0
618,471,209,0,1,0
619,657,219,0,1,0
620,4,76,0,1,0
621,534,316,0,1,0
622,539,2,0,1,0
623,154,347,0,1,0
624,719,371,1,0,1
625,273,493,1,1,0
626,8,20,0,1,0
627,168,346,0,1,0
628,833,0,1,0,0
629,653,661,0,1,0
630,758,471,0,1,0
631,899,938,1,0,0
632,990,792,1,0,0
633,200,288,0,1,0
634,872,303,0,1,0
635,506,874,0,1,0
636,800,860,0,1,0
637,158,471,0,1,0
638,369,533,1,0,0
639,644,359,1,0,1
640,149,730,1,1,0
641,9,586,0,1,0
642,9,967,0,1,0
643,935,572,0,1,0
644,459,264,0,1,0
645,98,184,0,1,0
646,589,222,0,1,0
647,9,644,0,1,0
648,60,299,0,1,0
649,713,407,0,1,0
650,954,990,1,1,0
651,792,325,0,1,0
652,252,414,0,1,0
653,219,7,1,0,0
654,5,824,0,1,0
655,508,6,0,1,0
656,408,398,0,1,0
657,619,210,0,1,0
658,287,706,0,1,0
659,262,55,1,0,1
660,277,124,1,0,1
661,332,599,1,0,1
662,318,75,1,0,0
663,721,422,0,1,0
664,105,637,0,1,0
665,238,538,0,1,0
666,106,423,0,1,0
667,573,136,0,1,0
668,929,649,0,1,0
669,921,4,1,0,0
670,212,359,0,1,0
671,825,698,0,1,0
672,882,665,0,1,0
673,806,293,1,0,1
674,670,299,0,1,0
675,618,579,1,0,0
676,828,855,1,1,0
677,856,930,0,1,0
678,468,400,1,0,0
679,1,147,0,1,0
680,563,488,1,0,0
681,489,5,1,0,0
682,185,725,1,0,0
683,29,597,0,1,0
684,184,73,0,1,0
685,388,153,1,0,1
686,894,114,0,1,0
687,799,528,1,0,1
688,562,781,0,1,0
689,810,719,1,0,1
690,624,584,1,0,0
691,284,748,0,1,0
692,831,749,0,1,0
693,489,890,0,1,0
694,735,264,1,0,0
695,636,396,0,1,0
696,767,383,1,0,1
697,556,345,0,1,0
698,189,445,1,0,1
699,150,705,1,1,0
700,768,306,1,1,0
701,87,914,1,0,0
702,514,420,0,1,0
703,397,8,1,0,0
704,280,838,0,1,0
705,2,645,0,1,0
706,568,941,1,0,1
707,507,668,1,0,0
708,867,258,0,1,0
709,536,10,0,1,0
710,701,179,0,1,0
711,424,583,1,0,0
712,5,579,0,1,0
713,898,820,0,1,0
714,869,422,0,1,0
715,582,1,0,1,0
716,54,825,1,1,0
717,780,712,1,0,1
718,406,389,1,0,1
719,637,883,0,1,0
720,393,412,0,1,0
721,812,106,1,0,0
722,983,160,1,0,0
723,894,910,0,1,0
724,110,833,0,1,0
725,542,213,0,1,0
726,329,485,0,1,0
727,5,951,1,0,0
728,480,801,0,0,1
729,5,523,0,1,0
730,204,207,1,1,0
731,147,717,0,1,0
732,514,822,1,0,1
733,425,136,1,0,1
734,1,268,0,1,0
735,195,587,0,1,0
736,521,470,1,0,0
737,199,3,1,0,0
738,74,831,1,0,0
739,135,713,0,1,0
740,88,130,0,1,0
741,937,3,1,1,0
742,734,816,0,1,0
743,349,616,0,1,0
744,849,606,0,1,0
745,475,844,1,0,1
746,184,321,1,0,1
747,8,520,1,0,1
748,497,665,1,0,0
749,934,135,1,0,0
750,990,874,1,0,0
751,925,92,1,1,0
752,302,462,1,0,1
753,0,945,1,0,0
754,528,253,0,1,0
755,483,512,1,0,0
756,870,524,0,1,0
757,898,809,0,1,0
758,494,803,0,1,0
759,5,160,1,0,1
760,615,215,0,1,0
761,553,962,0,1,0
762,647,526,0,1,0
763,809,509,0,1,0
764,334,3,0,1,0
765,389,739,1,0,1
766,700,454,0,1,0
767,249,735,1,1,0
768,946,9,1,1,0
769,351,10,1,0,0
770,372,155,1,0,1
771,318,485,0,1,0
772,842,685,0,1,0
773,876,603,0,1,0
774,857,521,0,1,0
775,586,703,0,1,0
776,857,345,1,0,1
777,173,100,0,1,0
778,919,649,0,1,0
779,118,1,1,0,0
780,236,822,0,1,0
781,656,564,0,1,0
782,381,115,0,1,0
783,193,246,1,0,1
784,238,988,1,0,1
785,739,63,1,0,1
786,912,136,1,1,0
787,593,867,0,1,0
788,10,911,1,0,0
789,78,919,1,0,0
790,540,107,0,1,0
791,207,656,0,1,0
792,1,983,1,0,0
793,4,688,0,1,0
794,231,568,0,1,0
795,920,706,1,0,1
796,423,704,1,0,0
797,944,256,0,1,0
798,887,536,0,1,0
799,873,488,0,1,0
800,466,514,1,0,0
801,269,179,1,1,0
802,398,312,0,1,0
803,265,188,0,1,0
804,501,2,0,1,0
805,779,231,1,0,0
806,905,393,0,1,0
807,394,109,1,0,1
808,809,621,0,1,0
809,8,242,0,1,0
810,838,684,0,1,0
811,675,419,0,1,0
812,858,640,0,1,0
813,175,624,1,0,1
814,823,10,0,1,0
815,513,355,0,1,0
816,531,165,0,1,0
817,380,839,1,0,0
818,706,566,1,0,1
819,787,921,0,1,0
820,137,688,0,1,0
821,531,106,0,1,0
822,269,659,0,1,0
823,990,839,0,1,0
824,34,713,1,0,0
825,533,795,0,1,0
826,399,6,1,0,0
827,627,903,0,1,0
828,619,973,0,1,0
829,718,485,0,1,0
830,602,680,0,1,0
831,580,599,1,0,0
832,240,425,0,1,0
833,161,2,0,1,0
834,10,194,1,0,0
835,774,520,0,1,0
836,439,303,1,0,1
837,920,775,1,0,0
838,52,407,1,0,1
839,950,970,1,0,0
840,222,563,0,1,0
841,393,708,1,0,0
842,285,977,0,1,0
843,573,591,1,0,0
844,149,358,1,0,1
845,695,178,0,1,0
846,450,263,0,1,0
847,206,657,1,1,0
848,889,833,0,1,0
849,976,835,0,1,0
850,593,8,0,1,0
851,408,610,1,1,0
852,290,815,1,0,1
853,167,700,0,1,0
854,481,172,0,1,0
855,205,425,0,1,0
856,415,878,0,1,0
857,312,777,1,0,0
858,370,444,1,1,0
859,936,124,0,1,0
860,406,884,0,1,0
861,800,924,0,1,0
862,3,280,0,1,0
863,775,47,1,0,0
864,187,333,0,1,0
865,281,547,1,0,1
866,89,226,1,1,0
867,82,207,0,1,0
868,686,693,0,1,0
869,660,429,0,1,0
870,687,848,1,0,1
871,351,715,0,1,0
872,68,219,1,0,0
873,907,507,0,1,0
874,684,375,0,1,0
875,909,923,0,1,0
876,939,724,0,1,0
877,224,283,0,1,0
878,949,548,0,1,0
879,594,743,1,1,0
880,365,936,0,1,0
881,471,499,1,0,0
882,6,31,1,0,1
883,861,321,0,1,0
884,2,672,0,1,0
885,563,886,0,1,0
886,482,163,0,1,0
887,347,715,0,1,0
888,568,214,0,1,0
889,161,47,1,0,1
890,582,682,0,1,0
891,490,288,0,1,0
892,951,678,1,0,1
893,26,848,1,0,0
894,538,974,1,1,0
895,93,6,1,0,0
896,846,298,0,1,0
897,771,219,1,0,0
898,322,226,0,1,0
899,102,969,1,0,0
900,494,345,1,1,0
901,587,5,0,1,0
902,266,736,1,0,1
903,623,672,0,1,0
904,956,697,0,1,0
905,640,506,0,1,0
906,3,112,1,0,0
907,254,778,1,0,1
908,181,606,0,1,0
909,82,926,1,0,0
910,990,389,1,0,1
911,206,269,0,1,0
912,582,683,0,1,0
913,617,717,0,1,0
914,553,217,0,1,0
915,624,383,0,1,0
916,817,972,0,1,0
917,379,871,1,0,1
918,4,403,1,0,0
919,532,384,1,1,0
920,594,626,1,0,0
921,315,830,1,0,1
922,620,803,0,1,0
923,660,446,1,0,1
924,580,150,1,0,0
925,413,854,0,1,0
926,980,668,0,1,0
927,217,10,1,0,0
928,689,526,0,1,0
929,857,499,1,0,1
930,418,10,1,0,0
931,922,643,0,1,0
932,163,78,0,1,0
933,491,553,1,0,0
934,941,979,0,1,0
935,148,64,1,0,1
936,778,5,0,1,0
937,671,301,1,0,0
938,461,467,1,0,0
939,395,524,1,0,0
940,373,893,0,1,0
941,94,298,0,1,0
942,726,215,1,0,1
943,710,167,0,1,0
944,899,24,1,0,0
945,178,384,1,0,1
946,507,870,0,1,0
947,638,836,0,1,0
948,6,908,1,0,0
949,939,492,0,1,0
950,376,587,1,0,1
951,221,585,0,1,0
952,428,0,0,1,0
953,482,675,1,0,0
954,613,532,0,1,0
955,180,7,0,1,0
956,337,213,0,1,0
957,417,227,1,0,0
958,407,267,0,1,0
959,775,665,0,1,0
960,619,964,0,1,0
961,232,660,0,1,0
962,731,990,1,0,1
963,265,364,0,1,0
964,61,1,1,0,0
965,327,138,0,1,0
966,506,260,1,0,1
967,6,793,0,1,0
968,264,306,0,0,1
969,68,30,0,1,0
970,3,673,0,1,0
971,476,585,1,0,0
972,501,160,0,1,0
973,756,803,0,1,0
974,0,719,1,0,0
975,363,433,0,1,0
976,823,673,1,0,1
977,312,650,0,1,0
978,515,143,0,1,0
979,261,783,0,1,0
980,709,396,0,1,0
981,638,899,0,1,0
982,463,219,0,1,0
983,456,496,1,0,0
984,232,430,0,1,0
985,431,307,0,1,0
986,594,983,0,1,0
987,721,2,1,0,1
988,522,294,0,1,0
989,126,686,0,1,0
990,58,571,1,0,1
991,681,134,0,1,0
992,224,63,0,1,0
993,4,24,0,1,0
994,187,182,0,1,0
995,700,876,0,1,0
996,631,628,1,1,0
997,93,100,1,0,1
998,728,602,0,1,0
999,703,545,0,1,0
