Index,x,y,alive,infected,immune
0,772,294,0,1,0
1,37,624,1,0,1
2,936,212,0,0,1
3,517,857,1,0,1
4,908,710,0,1,0
5,440,145,0,1,0
6,444,41,0,1,0
7,974,531,0,1,0
8,297,772,1,0,1
9,863,593,0,1,0
10,383,135,0,1,0
11,654,148,0,1,0
12,562,955,0,1,0
13,92,288,0,1,0
14,839,296,0,1,0
15,77,801,0,1,0
16,529,320,1,0,1
17,786,627,0,1,0
18,956,210,0,1,0
19,591,851,0,1,0
20,970,620,0,1,0
21,342,356,0,1,0
22,501,770,0,1,0
23,245,78,1,0,1
24,202,410,0,1,0
25,8,153,0,1,0
26,795,3,0,1,0
27,710,488,0,1,0
28,113,148,0,1,0
29,541,917,0,1,0
30,698,750,0,1,0
31,561,9,0,1,0
32,774,882,1,0,1
33,956,384,1,0,1
34,232,893,0,1,0
35,281,8,0,1,0
36,629,2,1,0,1
37,868,714,0,1,0
38,56,592,0,1,0
39,395,750,0,1,0
40,161,49,0,1,0
41,663,522,1,0,1
42,484,180,1,0,1
43,132,407,0,1,0
44,450,301,0,1,0
45,185,125,0,1,0
46,522,889,1,0,1
47,761,573,0,1,0
48,713,339,0,1,0
49,421,168,0,1,0
50,500,901,0,1,0
51,903,765,0,1,0
52,145,393,0,1,0
53,155,371,0,1,0
54,297,890,0,1,0
55,552,322,0,0,1
56,731,151,0,1,0
57,575,267,0,1,0
58,183,402,0,1,0
59,990,407,0,1,0
60,219,527,0,1,0
61,594,3,0,1,0
62,376,963,0,1,0
63,165,486,0,1,0
64,2,962,0,1,0
65,958,374,1,0,1
66,61,798,0,1,0
67,776,854,0,1,0
68,622,771,0,1,0
69,668,925,0,1,0
70,585,814,0,1,0
71,761,39,0,1,0
72,605,818,0,1,0
73,627,745,0,1,0
74,335,6,0,1,0
75,990,163,1,0,1
76,113,349,0,1,0
77,411,238,1,0,1
78,337,732,1,0,1
79,915,87,0,1,0
80,107,509,0,1,0
81,773,833,0,1,0
82,182,153,0,1,0
83,195,893,0,1,0
84,340,523,0,1,0
85,206,394,0,1,0
86,397,718,1,0,1
87,874,598,0,1,0
88,546,163,0,1,0
89,621,931,0,1,0
90,317,176,0,1,0
91,235,523,0,1,0
92,287,424,0,1,0
93,476,888,0,1,0
94,662,455,0,1,0
95,198,933,0,1,0
96,722,930,0,1,0
97,624,525,0,1,0
98,62,36,0,1,0
99,657,151,0,1,0
100,224,290,1,0,0
101,799,412,1,0,0
102,697,865,1,1,0
103,3,33,1,1,0
104,659,446,1,1,0
105,557,574,1,0,0
106,874,235,1,0,0
107,633,213,0,1,0
108,864,392,1,1,0
109,760,636,1,1,0
110,339,841,1,0,0
111,8,776,1,0,0
112,764,439,1,0,0
113,892,321,1,0,0
114,553,333,0,1,0
115,864,558,0,1,0
116,94,969,1,0,0
117,734,847,0,1,0
118,413,3,1,0,0
119,145,748,1,0,0
120,684,518,1,1,0
121,868,499,1,0,0
122,976,495,1,0,0
123,680,86,1,0,0
124,295,320,1,0,0
125,829,634,1,0,1
126,808,5,1,0,0
127,658,789,1,0,0
128,219,726,1,0,0
129,531,6,1,1,0
130,387,779,1,0,0
131,1,180,1,0,0
132,930,254,0,1,0
133,72,259,0,1,0
134,710,592,1,1,0
135,317,501,1,0,0
136,197,213,1,1,0
137,545,602,1,0,0
138,649,725,1,1,0
139,597,151,1,0,1
140,8,421,0,1,0
141,585,732,1,0,0
142,500,377,1,0,0
143,761,100,0,1,0
144,407,706,1,0,0
145,195,79,0,1,0
146,542,522,1,0,0
147,436,618,1,0,0
148,677,361,0,1,0
149,280,182,1,1,0
150,79,174,1,0,1
151,626,358,1,0,0
152,383,400,1,0,0
153,382,340,1,1,0
154,3,901,1,0,0
155,128,184,0,1,0
156,548,528,1,0,0
157,168,294,1,1,0
158,377,720,1,0,0
159,834,609,0,1,0
160,833,747,0,1,0
161,118,559,1,0,0
162,716,766,1,0,0
163,624,172,1,0,0
164,84,546,0,1,0
165,553,851,0,1,0
166,895,282,1,0,0
167,309,206,0,1,0
168,238,7,1,0,0
169,861,945,1,0,0
170,503,715,1,0,0
171,919,542,0,1,0
172,157,219,1,0,0
173,7,926,1,0,0
174,60,841,1,0,0
175,64,108,1,0,0
176,620,373,0,1,0
177,379,399,1,0,0
178,383,622,1,0,0
179,709,1,1,0,0
180,547,96,1,0,0
181,936,609,0,1,0
182,434,951,1,0,0
183,758,249,1,0,0
184,352,299,1,0,0
185,509,71,1,0,0
186,814,363,1,1,0
187,652,504,0,1,0
188,408,956,1,0,0
189,811,92,1,0,0
190,920,550,1,0,0
191,918,951,1,0,0
192,925,237,0,1,0
193,501,241,0,1,0
194,977,540,0,1,0
195,508,233,0,1,0
196,1,676,1,1,0
197,962,943,1,0,0
198,764,892,1,0,0
199,818,591,0,1,0
200,542,601,1,0,0
201,180,796,1,0,0
202,290,843,1,1,0
203,947,4,1,0,0
204,47,732,1,0,0
205,636,921,0,1,0
206,220,348,1,0,0
207,757,319,1,0,0
208,291,591,1,0,0
209,750,130,1,0,0
210,221,985,1,0,0
211,712,797,1,0,0
212,100,601,0,1,0
213,630,772,0,1,0
214,990,506,1,0,0
215,539,766,1,0,0
216,264,68,0,1,0
217,389,282,1,1,0
218,648,421,1,0,0
219,309,10,1,0,0
220,5,785,1,0,0
221,779,146,0,1,0
222,0,550,1,0,0
223,350,172,0,1,0
224,282,449,0,1,0
225,655,651,1,0,0
226,387,551,1,0,0
227,513,622,1,0,0
228,945,716,0,1,0
229,435,334,1,0,0
230,254,148,1,0,0
231,923,162,1,0,0
232,829,122,1,0,0
233,228,754,1,0,0
234,361,643,1,1,0
235,638,492,0,1,0
236,350,832,1,0,0
237,308,1,1,0,0
238,476,389,1,0,0
239,229,907,0,1,0
240,241,69,1,1,0
241,282,878,0,1,0
242,314,234,0,1,0
243,218,307,1,1,0
244,296,890,0,1,0
245,876,575,1,0,1
246,722,111,1,1,0
247,544,834,0,1,0
248,321,3,0,1,0
249,691,859,0,1,0
250,848,597,0,1,0
251,908,649,1,1,0
252,718,700,0,1,0
253,631,43,1,0,0
254,159,259,1,0,0
255,134,451,0,1,0
256,628,391,1,0,0
257,725,582,0,1,0
258,588,530,1,0,0
259,738,809,1,0,0
260,850,524,1,1,0
261,464,560,1,0,0
262,5,515,1,1,0
263,958,603,1,1,0
264,85,624,0,1,0
265,165,362,1,1,0
266,110,921,1,0,0
267,267,37,1,0,0
268,746,154,1,1,0
269,892,1,1,0,0
270,791,693,1,0,0
271,764,198,1,0,0
272,854,938,1,0,1
273,501,694,1,0,0
274,164,419,1,0,1
275,169,918,0,1,0
276,464,69,0,0,1
277,616,617,1,0,0
278,485,483,1,0,0
279,384,7,1,0,0
280,216,248,1,0,0
281,194,729,1,0,0
282,525,722,1,0,0
283,964,886,1,0,0
284,807,742,1,0,0
285,821,2,1,0,0
286,867,967,1,1,0
287,8,39,0,1,0
288,9,695,1,0,0
289,231,724,1,0,0
290,546,351,1,0,0
291,914,107,1,1,0
292,75,863,1,0,0
293,2,244,1,0,0
294,27,856,1,0,0
295,232,644,1,0,0
296,226,690,1,0,0
297,394,136,1,0,0
298,750,716,0,1,0
299,63,280,1,0,0
300,402,745,1,1,0
301,661,575,1,1,0
302,109,157,0,0,1
303,7,498,0,1,0
304,586,238,0,1,0
305,942,8,1,0,0
306,744,123,0,1,0
307,618,234,1,1,0
308,838,10,1,0,0
309,481,291,1,1,0
310,949,318,1,0,0
311,727,478,1,1,0
312,241,792,1,1,0
313,352,6,1,0,0
314,0,244,1,0,0
315,883,658,0,1,0
316,0,790,1,0,0
317,758,727,0,0,1
318,508,662,1,0,0
319,61,990,1,0,0
320,670,835,1,0,0
321,796,643,1,0,1
322,842,714,0,1,0
323,766,627,1,1,0
324,3,503,0,1,0
325,618,812,0,1,0
326,362,82,1,0,0
327,866,430,1,0,0
328,124,471,1,0,0
329,142,448,1,0,0
330,685,792,1,0,0
331,3,150,0,1,0
332,675,928,0,1,0
333,202,908,0,1,0
334,266,425,1,1,0
335,810,703,1,0,0
336,838,327,1,1,0
337,450,63,0,1,0
338,758,0,0,1,0
339,2,707,1,0,0
340,888,608,1,1,0
341,791,704,1,0,0
342,498,645,1,0,0
343,557,7,0,1,0
344,965,947,1,0,0
345,493,588,1,0,0
346,228,288,1,0,0
347,309,470,0,1,0
348,254,427,1,0,0
349,789,197,1,0,0
350,112,817,1,0,0
351,534,282,1,0,1
352,419,871,1,0,0
353,773,743,1,0,0
354,859,900,1,0,0
355,69,781,1,0,0
356,135,702,1,0,0
357,104,433,0,1,0
358,570,640,1,0,0
359,621,947,0,1,0
360,312,414,1,1,0
361,1,816,1,0,0
362,712,977,0,1,0
363,669,358,1,0,0
364,862,895,1,0,0
365,842,812,0,1,0
366,330,157,0,1,0
367,396,688,1,0,0
368,238,417,1,0,0
369,133,485,1,0,1
370,666,894,0,1,0
371,9,886,1,0,0
372,738,519,1,1,0
373,373,926,0,1,0
374,884,835,0,1,0
375,460,185,0,1,0
376,161,771,1,0,0
377,506,823,0,1,0
378,525,622,1,0,0
379,153,783,1,0,0
380,762,342,0,1,0
381,832,706,1,1,0
382,803,394,1,1,0
383,462,10,1,0,0
384,845,159,1,0,0
385,429,976,1,1,0
386,859,732,1,1,0
387,280,130,1,0,0
388,751,7,0,1,0
389,354,188,1,1,0
390,6,21,0,1,0
391,54,903,1,0,0
392,191,133,0,1,0
393,282,864,0,1,0
394,727,528,1,1,0
395,257,3,1,0,0
396,69,473,1,0,0
397,923,822,1,0,0
398,203,177,0,1,0
399,694,88,1,0,0
400,540,429,1,0,0
401,714,561,0,0,1
402,307,481,1,0,0
403,307,55,1,0,0
404,254,648,1,0,0
405,882,190,1,0,0
406,732,465,1,0,0
407,323,513,1,1,0
408,1,755,1,0,0
409,628,98,1,0,0
410,277,722,1,1,0
411,444,44,1,1,0
412,462,360,1,0,0
413,719,842,0,1,0
414,218,780,1,0,0
415,506,213,1,0,0
416,116,599,1,1,0
417,457,906,0,1,0
418,304,868,1,1,0
419,369,286,1,0,0
420,699,466,1,0,0
421,836,773,0,1,0
422,46,630,1,1,0
423,409,76,1,1,0
424,112,308,0,1,0
425,131,389,0,1,0
426,36,788,0,1,0
427,384,580,1,0,0
428,980,9,1,0,0
429,597,966,0,1,0
430,332,87,1,0,0
431,568,705,1,0,0
432,912,288,1,0,0
433,866,459,1,0,0
434,376,800,1,0,0
435,844,428,1,0,0
436,488,10,1,0,0
437,859,651,0,1,0
438,493,589,1,0,0
439,853,202,1,0,0
440,276,33,0,1,0
441,727,539,1,1,0
442,457,498,1,0,0
443,263,331,1,0,0
444,166,242,1,0,0
445,254,418,1,0,0
446,802,698,1,0,0
447,445,905,0,1,0
448,704,129,1,0,0
449,138,251,1,0,0
450,929,326,1,0,0
451,311,937,0,1,0
452,947,110,1,0,0
453,185,715,1,0,0
454,590,690,1,0,0
455,581,341,1,1,0
456,990,900,1,0,0
457,633,333,0,1,0
458,336,744,0,1,0
459,10,840,1,0,0
460,978,9,1,0,0
461,363,450,1,0,0
462,606,568,1,0,1
463,808,445,1,0,0
464,583,818,0,1,0
465,810,545,0,1,0
466,285,136,1,0,0
467,491,427,1,0,0
468,27,2,1,0,1
469,682,380,1,1,0
470,685,988,0,1,0
471,36,547,1,1,0
472,854,3,1,0,0
473,4,564,1,0,0
474,273,98,1,1,0
475,336,4,1,1,0
476,361,403,1,0,0
477,501,484,1,0,0
478,389,906,1,0,1
479,820,242,1,0,0
480,858,448,1,0,0
481,286,263,1,1,0
482,226,875,1,0,1
483,495,866,0,1,0
484,947,727,0,1,0
485,650,566,0,1,0
486,286,437,0,1,0
487,93,640,1,0,0
488,340,799,1,0,0
489,582,329,1,1,0
490,916,851,1,1,0
491,380,271,0,1,0
492,990,15,1,0,0
493,802,74,1,0,0
494,604,268,0,1,0
495,91,633,0,1,0
496,87,97,1,0,0
497,587,493,0,1,0
498,152,773,1,0,0
499,933,235,1,1,0
500,302,220,1,1,0
501,101,910,1,0,0
502,567,0,0,1,0
503,754,8,0,1,0
504,248,323,1,0,0
505,643,515,1,1,0
506,757,776,1,1,0
507,611,356,0,1,0
508,423,64,0,1,0
509,126,616,1,0,0
510,553,3,1,1,0
511,896,530,0,1,0
512,921,184,1,0,0
513,106,703,1,0,0
514,626,166,0,1,0
515,150,144,0,1,0
516,835,442,1,0,0
517,603,118,1,1,0
518,622,263,0,1,0
519,431,118,0,1,0
520,824,665,0,1,0
521,856,158,1,0,0
522,357,629,1,0,0
523,489,674,1,0,0
524,869,907,0,1,0
525,565,418,1,0,0
526,5,37,0,1,0
527,427,370,1,0,0
528,754,5,0,1,0
529,289,525,1,0,1
530,904,605,1,0,1
531,438,735,1,0,0
532,160,901,1,1,0
533,142,191,0,1,0
534,842,437,1,0,0
535,212,903,0,1,0
536,845,633,0,1,0
537,400,609,1,0,0
538,379,82,1,0,0
539,534,338,1,0,0
540,519,680,1,0,0
541,552,669,1,0,0
542,698,437,1,0,0
543,959,64,1,0,0
544,333,278,1,0,0
545,51,952,1,0,0
546,120,370,0,1,0
547,425,465,1,0,0
548,49,737,1,0,0
549,633,531,0,1,0
550,765,430,0,1,0
551,212,967,1,0,0
552,870,321,1,1,0
553,370,774,1,0,0
554,471,715,1,0,0
555,120,887,1,0,0
556,317,643,1,0,0
557,318,957,0,1,0
558,833,618,1,0,1
559,786,509,1,1,0
560,708,651,1,0,0
561,679,714,1,0,0
562,874,591,0,1,0
563,402,882,1,1,0
564,4,142,1,1,0
565,221,735,1,0,0
566,295,93,1,1,0
567,278,334,1,0,0
568,726,117,1,1,0
569,157,939,1,0,0
570,810,594,1,0,1
571,318,661,1,0,0
572,526,284,0,1,0
573,246,624,1,0,0
574,867,462,1,0,0
575,511,159,0,1,0
576,89,877,1,0,0
577,335,823,1,0,0
578,242,163,1,0,0
579,714,151,0,1,0
580,181,777,1,0,0
581,8,370,1,0,0
582,365,309,1,0,0
583,517,912,0,1,0
584,299,142,1,1,0
585,167,567,1,0,0
586,810,282,1,0,0
587,801,0,1,1,0
588,181,533,1,0,0
589,575,762,1,0,0
590,583,349,1,1,0
591,823,433,1,0,0
592,820,835,0,1,0
593,260,715,1,0,0
594,768,607,0,1,0
595,548,929,1,1,0
596,301,863,0,1,0
597,759,488,1,0,0
598,162,242,1,0,0
599,155,478,1,1,0
600,888,262,1,0,0
601,778,819,0,1,0
602,781,539,0,1,0
603,6,429,0,1,0
604,595,118,0,1,0
605,353,425,1,1,0
606,802,941,1,0,0
607,160,339,0,1,0
608,577,640,1,0,0
609,242,326,1,0,0
610,787,890,1,0,0
611,348,250,1,0,0
612,252,902,0,1,0
613,78,532,0,1,0
614,641,826,1,0,0
615,507,9,0,1,0
616,930,759,1,0,0
617,690,571,0,1,0
618,484,243,0,1,0
619,675,214,0,1,0
620,968,121,0,1,0
621,485,393,1,0,0
622,539,3,0,1,0
623,179,298,1,0,0
624,767,353,1,1,0
625,332,548,1,0,0
626,4,20,0,1,0
627,155,329,1,0,0
628,833,3,1,0,0
629,647,751,0,1,0
630,771,467,1,0,0
631,938,939,1,0,0
632,942,807,1,0,0
633,211,296,1,0,0
634,858,310,1,1,0
635,484,935,0,1,0
636,795,865,0,1,0
637,130,402,0,1,0
638,354,488,1,0,0
639,660,379,1,1,0
640,123,774,1,0,0
641,969,575,0,1,0
642,1,967,0,1,0
643,882,626,0,1,0
644,439,236,0,1,0
645,76,213,0,1,0
646,568,288,1,0,0
647,2,644,0,1,0
648,74,327,0,1,0
649,680,451,0,1,0
650,954,990,1,0,0
651,834,293,1,1,0
652,218,461,1,0,0
653,219,2,1,0,0
654,8,824,1,0,0
655,508,2,0,1,0
656,453,452,1,0,0
657,599,191,0,1,0
658,296,742,0,1,0
659,205,37,1,0,0
660,293,51,1,1,0
661,359,681,1,0,0
662,350,45,1,0,0
663,731,490,1,1,0
664,139,693,1,0,0
665,216,538,1,0,0
666,149,400,0,1,0
667,620,136,1,0,0
668,892,623,0,1,0
669,921,3,1,0,0
670,156,287,1,1,0
671,773,714,1,0,0
672,883,701,0,1,0
673,800,313,1,0,1
674,710,251,0,1,0
675,606,589,1,0,0
676,813,770,1,0,0
677,926,936,1,0,0
678,429,395,1,0,0
679,26,138,1,1,0
680,571,462,1,0,0
681,489,9,1,0,0
682,209,661,1,0,0
683,47,576,0,1,0
684,181,113,0,1,0
685,375,130,1,0,1
686,918,129,0,1,0
687,817,498,1,1,0
688,603,785,1,0,0
689,808,679,1,0,0
690,609,626,1,0,0
691,281,711,1,0,0
692,755,785,1,1,0
693,545,870,0,1,0
694,707,278,1,0,0
695,649,418,0,1,0
696,812,390,1,0,1
697,548,340,1,1,0
698,268,468,1,1,0
699,182,719,1,0,0
700,712,306,1,0,0
701,39,935,1,0,0
702,547,403,1,0,0
703,397,4,1,0,0
704,331,885,0,1,0
705,4,645,1,1,0
706,541,882,1,1,0
707,497,737,1,0,0
708,856,303,0,1,0
709,536,10,1,1,0
710,656,209,0,1,0
711,443,580,1,0,0
712,3,579,1,0,0
713,875,853,0,1,0
714,869,438,1,0,0
715,582,6,0,1,0
716,83,769,1,0,0
717,754,706,1,0,0
718,391,431,1,0,0
719,616,872,1,1,0
720,370,403,1,0,0
721,830,122,1,0,0
722,926,171,1,0,0
723,890,883,1,1,0
724,69,809,0,1,0
725,543,190,1,0,0
726,401,431,1,0,0
727,8,951,1,0,0
728,424,722,1,0,0
729,9,523,0,1,0
730,185,215,1,0,0
731,110,686,1,0,0
732,539,849,1,0,1
733,372,187,1,1,0
734,7,268,1,0,0
735,246,544,1,1,0
736,543,473,1,0,0
737,199,8,1,0,0
738,31,863,1,0,0
739,114,727,1,0,0
740,68,158,0,1,0
741,937,2,1,0,0
742,710,834,1,1,0
743,366,611,1,0,0
744,887,590,0,1,0
745,416,822,1,0,1
746,138,304,1,0,0
747,4,520,1,1,0
748,465,591,1,0,0
749,900,168,1,0,0
750,990,874,1,0,0
751,882,43,1,0,0
752,315,466,1,1,0
753,9,945,1,0,0
754,583,228,0,1,0
755,506,502,1,0,0
756,848,522,1,1,0
757,868,800,0,1,0
758,475,815,1,0,0
759,2,160,1,0,1
760,619,187,0,1,0
761,539,946,0,1,0
762,623,549,0,1,0
763,873,454,1,0,0
764,334,6,0,1,0
765,449,753,1,0,0
766,731,463,1,0,0
767,168,701,1,0,0
768,966,32,1,0,0
769,369,34,1,0,0
770,354,141,1,1,0
771,331,517,1,1,0
772,881,712,1,1,0
773,864,616,0,1,0
774,882,546,0,1,0
775,614,737,0,1,0
776,882,365,1,0,0
777,191,97,0,1,0
778,951,633,1,0,0
779,118,6,1,0,0
780,220,797,1,0,0
781,656,544,0,1,0
782,346,91,1,0,0
783,197,274,1,0,0
784,303,931,1,1,0
785,775,132,1,1,0
786,861,57,1,0,0
787,592,794,0,1,0
788,10,911,1,0,0
789,70,953,1,0,0
790,532,111,0,1,0
791,221,584,0,1,0
792,5,983,1,0,0
793,41,690,0,1,0
794,247,583,1,1,0
795,941,687,1,0,1
796,461,636,1,0,0
797,925,307,1,0,0
798,880,607,0,1,0
799,835,425,1,0,0
800,485,493,1,0,0
801,263,228,1,0,0
802,367,263,1,1,0
803,276,162,1,1,0
804,501,6,0,1,0
805,746,234,1,0,0
806,938,387,0,1,0
807,388,122,1,1,0
808,774,594,1,0,0
809,916,250,1,0,0
810,832,607,0,1,0
811,715,395,1,0,0
812,879,603,0,1,0
813,210,631,1,0,0
814,823,10,1,0,0
815,534,403,1,0,0
816,525,189,1,0,0
817,398,808,1,0,0
818,721,530,1,1,0
819,856,885,0,1,0
820,130,684,1,0,0
821,536,39,0,1,0
822,338,657,0,1,0
823,906,862,1,0,0
824,95,682,1,0,0
825,571,754,1,0,0
826,399,42,1,0,0
827,615,897,0,1,0
828,572,936,0,1,0
829,752,506,0,1,0
830,538,660,1,0,0
831,586,600,1,0,0
832,215,426,0,1,0
833,177,43,1,0,0
834,10,194,1,0,0
835,768,433,1,1,0
836,423,318,1,1,0
837,956,791,1,0,0
838,104,387,1,1,0
839,896,937,1,0,0
840,217,559,0,1,0
841,369,685,1,0,0
842,297,942,1,0,0
843,495,612,1,0,0
844,165,373,1,0,1
845,659,149,0,1,0
846,432,297,0,1,0
847,247,734,1,0,0
848,855,779,0,1,0
849,894,848,1,0,0
850,593,9,1,0,0
851,366,600,1,0,0
852,219,815,1,1,0
853,124,650,1,0,0
854,484,203,0,1,0
855,276,414,1,1,0
856,386,902,0,1,0
857,313,789,1,0,0
858,427,421,1,0,0
859,943,130,0,1,0
860,416,911,0,1,0
861,785,923,1,1,0
862,7,280,1,0,0
863,777,84,1,0,0
864,220,297,1,1,0
865,226,566,1,0,1
866,102,231,1,0,0
867,34,211,0,1,0
868,752,677,1,0,0
869,614,399,1,0,0
870,668,843,1,0,0
871,324,741,0,1,0
872,138,247,1,0,0
873,888,408,1,0,0
874,701,385,0,1,0
875,954,938,1,0,0
876,889,708,1,1,0
877,210,332,1,0,0
878,907,562,1,0,0
879,576,743,1,0,0
880,336,944,0,1,0
881,491,455,1,0,0
882,0,31,1,0,1
883,838,355,0,1,0
884,0,672,0,1,0
885,537,839,0,1,0
886,517,179,1,0,0
887,345,710,0,1,0
888,568,226,1,0,0
889,141,30,1,1,0
890,637,695,0,1,0
891,440,306,0,1,0
892,888,716,1,1,0
893,28,838,1,0,0
894,492,968,1,0,0
895,93,6,1,0,0
896,882,243,1,0,0
897,728,199,1,0,0
898,320,245,1,0,0
899,107,919,1,0,0
900,470,379,1,0,0
901,587,4,0,1,0
902,346,722,1,1,0
903,679,675,1,0,0
904,895,693,1,1,0
905,677,515,0,1,0
906,5,112,1,0,0
907,254,767,1,0,0
908,117,616,1,1,0
909,114,973,1,0,0
910,990,389,1,0,1
911,211,215,0,1,0
912,595,708,1,1,0
913,629,705,0,1,0
914,517,203,0,1,0
915,611,404,1,0,0
916,866,968,1,1,0
917,354,892,1,1,0
918,8,403,1,0,0
919,525,408,1,0,0
920,587,615,1,0,0
921,363,910,1,1,0
922,584,847,0,1,0
923,666,420,1,1,0
924,614,125,1,0,0
925,437,855,0,1,0
926,931,615,0,1,0
927,217,10,1,0,0
928,670,498,0,1,0
929,871,525,1,0,0
930,421,43,1,0,0
931,924,615,1,1,0
932,199,108,0,1,0
933,553,569,1,0,0
934,965,887,1,0,0
935,158,123,1,1,0
936,767,26,1,1,0
937,706,294,1,0,0
938,484,485,1,0,0
939,424,508,1,0,0
940,418,847,0,1,0
941,134,340,0,1,0
942,666,167,1,1,0
943,645,155,1,1,0
944,850,60,1,0,0
945,185,415,1,0,0
946,530,868,0,1,0
947,621,838,1,0,0
948,9,908,1,0,0
949,925,528,1,1,0
950,334,626,1,0,0
951,206,615,1,0,0
952,433,983,1,0,0
953,504,653,1,0,0
954,621,525,0,1,0
955,207,30,1,0,0
956,296,249,1,1,0
957,433,203,1,0,0
958,482,319,1,0,0
959,758,669,1,1,0
960,681,937,0,1,0
961,270,695,1,0,0
962,731,990,1,1,0
963,280,404,1,1,0
964,61,3,1,0,0
965,351,147,1,1,0
966,523,202,1,1,0
967,6,793,0,1,0
968,226,297,1,1,0
969,149,60,1,1,0
970,4,673,0,1,0
971,454,579,1,0,0
972,477,210,0,1,0
973,743,807,0,1,0
974,8,719,1,0,0
975,414,419,1,0,0
976,804,662,1,0,1
977,365,672,1,1,0
978,531,154,0,1,0
979,233,790,0,1,0
980,782,356,0,1,0
981,631,895,1,0,0
982,471,227,0,1,0
983,461,427,1,0,0
984,227,420,1,1,0
985,429,284,0,1,0
986,658,959,0,1,0
987,719,15,1,0,0
988,503,323,0,1,0
989,143,651,1,0,0
990,74,563,1,0,1
991,651,148,0,1,0
992,221,76,0,1,0
993,4,24,0,1,0
994,216,212,1,0,0
995,744,910,0,1,0
996,581,650,1,0,0
997,142,139,1,1,0
998,724,619,1,0,0
999,728,570,0,1,0
