Index,x,y,alive,infected,immune
0,790,292,0,1,0
1,27,654,1,0,1
2,961,229,0,0,1
3,526,841,1,0,1
4,889,763,0,1,0
5,440,125,0,1,0
6,438,64,0,1,0
7,8,559,0,1,0
8,295,809,1,0,1
9,867,583,0,1,0
10,429,127,0,1,0
11,626,161,0,1,0
12,528,968,0,1,0
13,99,307,0,1,0
14,860,288,0,1,0
15,88,783,0,1,0
16,491,300,1,0,1
17,778,642,0,1,0
18,967,213,0,1,0
19,602,846,0,1,0
20,944,606,0,1,0
21,330,379,0,1,0
22,430,818,0,1,0
23,261,72,1,0,1
24,224,412,0,1,0
25,8,153,0,1,0
26,795,6,0,1,0
27,700,455,0,1,0
28,97,126,0,1,0
29,504,873,0,1,0
30,698,740,0,1,0
31,561,4,0,1,0
32,787,890,1,0,1
33,953,322,1,0,1
34,251,844,0,1,0
35,281,9,0,1,0
36,629,3,1,0,1
37,912,679,0,1,0
38,6,585,0,1,0
39,434,734,0,1,0
40,181,45,0,1,0
41,670,517,1,0,1
42,474,169,1,0,1
43,112,401,0,1,0
44,472,259,0,1,0
45,217,137,0,1,0
46,526,883,1,0,1
47,761,616,0,1,0
48,721,336,0,1,0
49,425,137,0,1,0
50,513,896,0,1,0
51,889,684,0,1,0
52,88,400,0,1,0
53,135,365,0,1,0
54,272,823,0,1,0
55,575,314,0,0,1
56,691,173,0,1,0
57,537,264,0,1,0
58,169,377,0,1,0
59,990,407,0,1,0
60,224,597,0,1,0
61,594,6,0,1,0
62,373,947,0,1,0
63,191,438,0,1,0
64,2,962,0,1,0
65,8,349,1,0,1
66,45,804,0,1,0
67,799,819,0,1,0
68,624,729,0,1,0
69,718,924,0,1,0
70,565,815,0,1,0
71,750,18,0,1,0
72,565,795,0,1,0
73,619,742,0,1,0
74,335,6,0,1,0
75,990,163,1,0,1
76,148,367,0,1,0
77,413,235,1,0,1
78,364,756,1,0,1
79,926,95,0,1,0
80,97,515,0,1,0
81,790,823,0,1,0
82,168,152,0,1,0
83,261,922,0,1,0
84,380,559,0,1,0
85,222,328,0,1,0
86,357,673,1,0,1
87,850,621,0,1,0
88,576,165,0,1,0
89,642,937,0,1,0
90,282,221,0,1,0
91,212,498,0,1,0
92,286,479,0,1,0
93,515,904,0,1,0
94,674,428,0,1,0
95,225,944,0,1,0
96,768,927,0,1,0
97,567,524,0,1,0
98,138,74,0,1,0
99,653,153,0,1,0
100,227,274,0,1,0
101,765,425,1,1,0
102,695,865,1,0,1
103,3,33,0,0,1
104,672,462,1,0,1
105,576,604,1,0,0
106,868,256,1,0,0
107,602,203,0,1,0
108,887,414,0,1,0
109,808,600,0,0,1
110,351,844,1,1,0
111,9,776,0,1,0
112,756,452,0,1,0
113,872,350,0,1,0
114,572,348,0,1,0
115,916,520,0,1,0
116,109,983,1,0,0
117,713,844,0,1,0
118,413,2,1,0,0
119,187,752,1,0,0
120,677,502,1,0,1
121,869,506,0,1,0
122,3,481,1,0,0
123,674,99,1,0,0
124,295,378,0,1,0
125,826,642,1,0,1
126,808,5,0,1,0
127,667,773,1,1,0
128,197,761,1,1,0
129,531,5,0,1,0
130,447,833,0,1,0
131,4,180,1,0,0
132,936,250,0,1,0
133,5,274,0,1,0
134,658,585,0,1,0
135,342,425,0,1,0
136,210,246,0,1,0
137,580,595,1,0,0
138,618,701,1,0,1
139,589,165,1,0,1
140,2,421,0,1,0
141,602,646,1,1,0
142,500,426,1,0,0
143,794,124,0,1,0
144,413,639,0,1,0
145,181,71,0,1,0
146,528,550,1,0,0
147,436,659,1,0,0
148,725,319,0,1,0
149,283,173,0,1,0
150,88,185,1,0,1
151,667,421,0,1,0
152,387,442,1,0,1
153,328,329,0,1,0
154,9,901,1,0,0
155,62,142,0,1,0
156,594,578,1,0,0
157,184,259,0,1,0
158,399,712,1,0,0
159,855,602,0,1,0
160,801,727,0,1,0
161,136,575,0,1,0
162,759,811,1,1,0
163,626,169,0,1,0
164,38,535,0,1,0
165,520,849,0,1,0
166,872,300,0,1,0
167,242,223,0,1,0
168,238,8,0,1,0
169,853,968,1,0,0
170,534,691,1,0,0
171,930,519,0,1,0
172,117,241,1,0,0
173,5,926,1,0,0
174,95,900,1,0,0
175,35,77,1,0,0
176,590,387,0,1,0
177,406,429,0,1,0
178,414,653,0,1,0
179,709,4,0,1,0
180,518,81,0,1,0
181,969,578,0,1,0
182,409,920,0,1,0
183,746,250,1,0,0
184,284,335,1,0,0
185,559,41,1,0,0
186,859,343,1,0,1
187,690,471,0,1,0
188,421,983,1,1,0
189,844,77,1,0,0
190,940,540,0,1,0
191,946,970,0,1,0
192,941,243,0,1,0
193,462,236,0,1,0
194,0,537,0,1,0
195,525,317,0,1,0
196,5,676,1,0,1
197,972,952,1,0,0
198,790,934,0,1,0
199,829,564,0,1,0
200,531,591,1,0,0
201,184,807,1,0,0
202,254,851,0,1,0
203,947,1,1,0,0
204,30,752,1,0,0
205,674,936,0,1,0
206,215,337,1,1,0
207,795,316,0,1,0
208,260,583,0,1,0
209,789,76,1,0,1
210,233,990,1,0,0
211,750,773,1,1,0
212,102,614,0,1,0
213,582,807,0,1,0
214,990,506,1,0,0
215,544,745,1,0,0
216,305,76,0,1,0
217,392,250,0,1,0
218,615,437,0,1,0
219,309,10,1,1,0
220,9,785,0,0,1
221,763,178,0,1,0
222,9,550,0,1,0
223,379,155,0,1,0
224,271,453,0,1,0
225,629,658,0,1,0
226,383,561,1,1,0
227,515,680,1,0,0
228,957,725,0,1,0
229,448,335,1,0,0
230,256,162,0,1,0
231,968,159,1,0,0
232,824,134,1,0,0
233,229,773,1,1,0
234,407,637,0,1,0
235,630,487,0,1,0
236,335,867,0,1,0
237,308,6,0,1,0
238,500,387,1,0,0
239,242,882,0,1,0
240,263,82,0,0,1
241,276,869,0,1,0
242,302,265,0,1,0
243,206,331,1,0,1
244,279,891,0,1,0
245,823,625,1,0,1
246,725,155,1,0,1
247,563,881,0,1,0
248,321,6,0,1,0
249,674,813,0,1,0
250,875,569,0,1,0
251,867,652,1,0,1
252,731,658,0,1,0
253,642,53,1,0,0
254,150,257,1,0,0
255,90,457,0,1,0
256,656,384,1,0,0
257,722,609,0,1,0
258,540,610,1,0,0
259,794,825,1,0,1
260,864,488,0,1,0
261,515,556,1,0,0
262,2,515,0,1,0
263,886,602,0,1,0
264,117,606,0,1,0
265,160,368,0,1,0
266,88,903,1,0,0
267,259,81,0,0,1
268,729,151,0,1,0
269,892,7,1,0,0
270,834,667,1,0,1
271,742,238,1,0,0
272,868,963,1,0,1
273,502,697,1,0,0
274,124,427,1,0,1
275,138,962,0,1,0
276,502,75,0,0,1
277,625,652,1,1,0
278,555,480,1,0,0
279,384,5,1,0,0
280,270,277,0,1,0
281,149,708,1,1,0
282,475,658,1,0,0
283,990,904,1,0,0
284,796,725,0,1,0
285,821,9,1,1,0
286,897,955,1,0,1
287,2,39,0,1,0
288,6,695,0,1,0
289,175,768,1,1,0
290,534,379,0,1,0
291,846,125,1,0,1
292,65,859,1,0,0
293,5,244,1,0,0
294,27,859,1,0,0
295,235,678,0,1,0
296,236,721,1,0,0
297,340,167,0,1,0
298,721,722,0,1,0
299,94,292,1,0,1
300,459,719,1,0,1
301,682,568,1,0,1
302,100,163,0,0,1
303,9,498,0,1,0
304,548,275,0,1,0
305,942,1,1,0,0
306,735,134,0,1,0
307,615,278,1,0,1
308,838,10,1,0,0
309,475,284,1,0,1
310,882,328,0,1,0
311,748,499,0,1,0
312,222,785,0,1,0
313,352,0,1,0,0
314,2,244,1,0,0
315,869,698,0,1,0
316,7,790,0,1,0
317,767,759,0,0,1
318,564,730,1,0,0
319,61,990,1,0,0
320,697,840,1,1,0
321,823,623,1,0,1
322,798,748,0,1,0
323,791,625,1,0,1
324,3,503,0,1,0
325,584,849,0,1,0
326,349,48,0,1,0
327,842,488,0,1,0
328,128,477,0,1,0
329,116,474,0,1,0
330,618,780,1,1,0
331,7,150,0,1,0
332,694,946,0,1,0
333,214,901,0,1,0
334,269,440,0,1,0
335,828,671,0,1,0
336,832,313,0,1,0
337,420,107,0,1,0
338,758,4,0,1,0
339,6,707,1,0,0
340,901,654,0,1,0
341,796,682,0,1,0
342,485,652,1,0,0
343,557,5,0,1,0
344,965,948,1,0,0
345,474,564,1,0,0
346,203,248,1,0,1
347,330,457,0,1,0
348,319,461,0,1,0
349,771,144,1,0,0
350,105,842,1,0,1
351,523,266,1,0,1
352,391,862,0,1,0
353,820,803,0,1,0
354,919,910,0,1,0
355,11,775,1,0,1
356,101,679,0,1,0
357,107,426,0,1,0
358,551,599,1,0,0
359,616,949,0,1,0
360,363,392,0,1,0
361,5,816,1,1,0
362,713,8,0,1,0
363,614,332,1,0,1
364,880,886,0,1,0
365,853,848,0,1,0
366,336,153,0,1,0
367,399,633,0,1,0
368,202,406,0,1,0
369,152,474,1,0,1
370,639,865,0,1,0
371,3,886,1,0,0
372,721,593,1,0,1
373,367,937,0,1,0
374,850,876,0,1,0
375,516,159,0,1,0
376,225,809,1,1,0
377,481,833,0,1,0
378,502,664,1,0,0
379,126,774,1,0,0
380,810,375,0,1,0
381,856,678,1,0,1
382,726,408,0,1,0
383,462,10,1,0,0
384,835,144,1,0,0
385,438,3,1,0,1
386,890,754,0,1,0
387,297,117,1,0,0
388,751,1,0,1,0
389,352,141,1,0,1
390,6,21,0,1,0
391,77,913,1,0,0
392,209,100,0,1,0
393,263,838,0,1,0
394,749,554,0,1,0
395,257,4,1,0,0
396,81,502,0,1,0
397,4,827,1,1,0
398,230,129,0,1,0
399,661,76,1,0,0
400,505,434,1,0,0
401,739,539,0,0,1
402,340,485,0,1,0
403,309,71,0,1,0
404,213,598,0,1,0
405,894,174,1,0,0
406,774,469,0,1,0
407,302,506,0,1,0
408,1,755,1,0,0
409,614,107,0,1,0
410,306,666,1,0,1
411,447,10,1,0,1
412,518,313,1,1,0
413,743,801,0,1,0
414,244,813,0,1,0
415,497,223,1,0,1
416,151,543,0,1,0
417,529,883,0,1,0
418,303,824,0,1,0
419,398,278,0,1,0
420,704,512,0,1,0
421,874,758,0,1,0
422,67,732,1,0,1
423,338,98,1,0,1
424,160,321,0,1,0
425,154,404,0,1,0
426,53,815,0,1,0
427,340,555,1,1,0
428,980,9,1,0,0
429,581,956,0,1,0
430,344,152,0,1,0
431,579,694,0,1,0
432,881,287,1,1,0
433,832,488,1,1,0
434,388,793,1,0,0
435,834,407,0,1,0
436,488,10,1,0,0
437,807,634,0,1,0
438,523,607,1,0,0
439,878,199,1,0,0
440,287,87,0,1,0
441,744,564,1,0,1
442,421,488,1,0,0
443,256,287,0,1,0
444,120,200,1,1,0
445,244,443,0,1,0
446,811,683,0,1,0
447,415,930,0,1,0
448,690,119,1,0,0
449,116,253,1,0,0
450,910,286,0,1,0
451,301,6,0,1,0
452,963,129,1,0,1
453,205,698,1,0,0
454,561,692,1,0,0
455,594,275,0,1,0
456,990,900,1,0,0
457,632,362,0,1,0
458,347,762,0,1,0
459,10,840,1,0,0
460,978,6,1,0,0
461,402,460,1,1,0
462,607,561,1,0,1
463,823,484,1,1,0
464,576,832,0,1,0
465,809,508,0,1,0
466,304,185,1,0,0
467,445,419,1,0,0
468,27,7,1,0,1
469,707,413,0,1,0
470,689,3,0,1,0
471,9,530,0,1,0
472,854,0,1,0,0
473,2,564,1,1,0
474,264,100,0,0,1
475,336,7,1,0,1
476,366,361,0,1,0
477,481,494,1,0,0
478,405,900,1,0,1
479,794,241,1,0,0
480,834,438,0,1,0
481,263,249,1,0,1
482,236,822,1,0,1
483,535,914,0,1,0
484,928,745,0,1,0
485,626,617,0,1,0
486,334,448,0,1,0
487,148,614,0,0,1
488,372,813,1,0,0
489,590,356,1,0,1
490,901,835,1,0,1
491,376,335,0,1,0
492,990,15,1,0,0
493,773,119,1,1,0
494,565,247,0,1,0
495,120,582,0,1,0
496,149,124,1,1,0
497,608,456,0,1,0
498,118,744,1,0,0
499,926,250,1,0,1
500,297,229,1,0,1
501,121,945,1,0,0
502,567,5,0,1,0
503,754,3,0,1,0
504,237,351,1,1,0
505,652,470,1,0,1
506,732,718,1,0,1
507,617,356,0,1,0
508,387,95,0,1,0
509,87,622,0,1,0
510,553,6,1,0,1
511,875,575,0,1,0
512,883,212,1,0,0
513,98,657,1,1,0
514,667,182,0,1,0
515,99,100,0,1,0
516,822,393,1,1,0
517,620,135,0,1,0
518,650,267,0,1,0
519,399,91,0,1,0
520,746,647,0,1,0
521,889,93,0,1,0
522,312,576,1,0,1
523,471,708,1,0,0
524,835,874,0,1,0
525,602,428,1,1,0
526,9,37,0,1,0
527,436,389,1,0,0
528,754,6,0,1,0
529,329,553,1,0,1
530,923,584,1,0,1
531,467,720,1,0,0
532,131,908,0,1,0
533,79,197,0,1,0
534,856,440,0,1,0
535,209,881,0,1,0
536,891,645,0,1,0
537,368,578,1,0,0
538,415,136,0,1,0
539,581,335,1,0,1
540,531,675,1,0,0
541,520,665,1,0,0
542,653,503,0,1,0
543,9,46,1,1,0
544,346,281,1,0,0
545,52,4,1,0,0
546,145,407,0,1,0
547,451,435,1,0,0
548,84,748,1,0,0
549,612,552,0,1,0
550,790,381,0,1,0
551,237,952,1,0,0
552,913,314,1,0,1
553,415,834,1,0,0
554,484,730,1,0,0
555,159,862,0,1,0
556,328,629,0,1,0
557,299,9,0,1,0
558,838,583,1,0,1
559,747,515,0,1,0
560,730,663,1,1,0
561,718,748,0,1,0
562,877,636,0,1,0
563,438,980,0,1,0
564,1,142,1,0,1
565,222,711,1,0,0
566,216,96,0,1,0
567,269,349,1,0,0
568,757,112,0,1,0
569,157,948,1,1,0
570,809,637,1,0,1
571,292,627,1,0,0
572,544,262,0,1,0
573,227,549,1,1,0
574,895,497,0,1,0
575,492,187,0,1,0
576,63,898,1,0,0
577,338,834,1,1,0
578,141,196,0,1,0
579,745,135,0,1,0
580,202,819,1,0,0
581,3,370,1,0,0
582,375,314,1,1,0
583,512,917,0,1,0
584,290,219,1,0,1
585,163,538,1,1,0
586,800,355,0,1,0
587,801,9,0,1,0
588,227,531,0,1,0
589,541,769,0,1,0
590,503,331,0,1,0
591,809,378,1,1,0
592,845,853,0,1,0
593,271,681,0,1,0
594,731,578,0,1,0
595,534,923,1,0,1
596,312,854,0,1,0
597,761,569,0,1,0
598,142,307,1,1,0
599,131,402,0,1,0
600,908,269,0,1,0
601,742,789,0,1,0
602,756,492,0,1,0
603,5,429,0,1,0
604,553,74,0,1,0
605,393,423,0,1,0
606,811,2,1,1,0
607,130,306,0,1,0
608,562,662,1,0,0
609,314,336,1,1,0
610,806,898,0,1,0
611,417,228,1,0,0
612,285,856,0,1,0
613,94,522,0,1,0
614,634,750,1,1,0
615,507,0,0,1,0
616,939,766,1,0,0
617,727,585,0,1,0
618,478,217,0,1,0
619,673,214,0,1,0
620,977,69,0,1,0
621,530,327,0,1,0
622,539,7,0,1,0
623,162,326,0,1,0
624,694,383,1,0,1
625,275,504,1,0,0
626,1,20,0,1,0
627,166,326,0,1,0
628,833,3,1,0,0
629,664,708,0,1,0
630,752,503,0,1,0
631,891,953,1,0,0
632,990,792,1,0,0
633,215,293,0,1,0
634,897,270,0,1,0
635,487,890,0,1,0
636,802,875,0,1,0
637,135,478,0,1,0
638,346,510,1,0,0
639,639,381,1,0,1
640,137,727,1,0,0
641,5,586,0,1,0
642,0,967,0,1,0
643,919,540,0,1,0
644,442,276,0,1,0
645,95,187,0,1,0
646,601,235,0,1,0
647,3,644,0,1,0
648,70,324,0,1,0
649,705,422,0,1,0
650,954,990,1,0,0
651,796,326,0,1,0
652,264,419,0,1,0
653,219,2,1,0,0
654,1,824,1,1,0
655,508,9,0,1,0
656,420,397,1,0,0
657,605,216,0,1,0
658,256,708,0,1,0
659,250,40,1,1,0
660,292,115,1,0,1
661,346,618,1,0,1
662,331,48,1,0,0
663,729,427,0,1,0
664,97,677,1,1,0
665,211,536,0,1,0
666,82,398,0,1,0
667,593,148,0,1,0
668,939,636,0,1,0
669,921,2,1,0,0
670,224,329,0,1,0
671,798,706,0,1,0
672,883,662,0,1,0
673,828,293,1,0,1
674,683,258,0,1,0
675,606,572,1,0,0
676,847,833,1,0,0
677,866,912,0,1,0
678,469,404,1,0,0
679,7,147,0,1,0
680,542,474,1,0,0
681,489,5,1,0,0
682,204,707,1,0,0
683,54,596,0,1,0
684,183,76,0,1,0
685,367,150,1,0,1
686,903,118,0,1,0
687,804,543,1,0,1
688,542,774,0,1,0
689,798,722,1,0,1
690,603,590,1,0,0
691,268,761,0,1,0
692,820,751,0,1,0
693,534,884,0,1,0
694,734,259,1,0,0
695,653,408,0,1,0
696,761,374,1,0,1
697,576,340,0,1,0
698,216,435,1,0,1
699,156,718,1,1,0
700,760,290,1,1,0
701,86,927,1,0,0
702,553,420,1,1,0
703,397,8,1,0,0
704,287,855,0,1,0
705,8,645,0,1,0
706,562,943,1,0,1
707,501,670,1,0,0
708,854,268,0,1,0
709,536,10,0,1,0
710,675,182,0,1,0
711,439,597,1,0,0
712,8,579,1,1,0
713,885,862,0,1,0
714,860,437,1,1,0
715,582,2,0,1,0
716,49,799,1,1,0
717,761,724,1,1,0
718,379,385,1,0,1
719,616,884,0,1,0
720,396,410,0,1,0
721,817,105,1,0,0
722,964,140,1,0,0
723,917,925,0,1,0
724,98,827,0,1,0
725,546,192,0,1,0
726,360,474,0,1,0
727,1,951,1,0,0
728,461,803,0,0,1
729,1,523,0,1,0
730,183,230,1,0,0
731,142,717,1,0,0
732,514,843,1,0,1
733,423,133,1,0,1
734,1,268,0,1,0
735,243,555,0,1,0
736,514,508,1,0,0
737,199,3,1,0,0
738,73,828,1,0,0
739,121,701,0,1,0
740,76,150,0,1,0
741,937,8,1,0,0
742,700,844,0,1,0
743,327,627,0,1,0
744,864,606,0,1,0
745,456,835,1,0,1
746,195,309,1,0,1
747,4,520,1,0,1
748,482,635,1,0,0
749,922,151,1,0,0
750,990,874,1,0,0
751,890,87,1,0,0
752,324,448,1,0,1
753,4,945,1,0,0
754,510,261,0,1,0
755,488,506,1,0,0
756,866,528,0,1,0
757,887,816,0,1,0
758,473,805,0,1,0
759,5,160,1,0,1
760,631,216,0,1,0
761,523,966,0,1,0
762,646,545,0,1,0
763,847,522,1,1,0
764,334,9,0,1,0
765,380,748,1,1,0
766,722,446,0,1,0
767,227,690,1,0,0
768,946,3,1,0,0
769,351,10,1,0,0
770,350,127,1,0,1
771,331,522,0,1,0
772,843,698,0,1,0
773,860,610,0,1,0
774,858,507,0,1,0
775,569,721,0,1,0
776,841,319,1,0,1
777,191,83,0,1,0
778,929,659,0,1,0
779,118,2,1,0,0
780,232,830,0,1,0
781,659,537,0,1,0
782,381,103,0,1,0
783,213,264,1,1,0
784,261,963,1,0,1
785,766,82,1,0,1
786,912,103,1,1,0
787,618,853,0,1,0
788,10,911,1,0,0
789,76,918,1,0,0
790,543,100,0,1,0
791,211,649,0,1,0
792,0,983,1,0,0
793,6,688,0,1,0
794,233,588,0,1,0
795,924,695,1,0,1
796,410,704,1,0,0
797,924,294,0,1,0
798,900,539,0,1,0
799,856,465,1,1,0
800,501,504,1,0,0
801,252,199,1,0,0
802,392,329,0,1,0
803,274,162,0,1,0
804,501,9,0,1,0
805,755,225,1,0,0
806,905,400,0,1,0
807,416,130,1,0,1
808,825,596,0,1,0
809,4,242,0,1,0
810,830,683,0,1,0
811,679,424,0,1,0
812,877,642,0,1,0
813,199,611,1,1,0
814,823,10,0,1,0
815,529,383,1,1,0
816,546,175,0,1,0
817,375,833,1,0,0
818,696,541,1,0,1
819,823,920,0,1,0
820,160,708,0,1,0
821,542,112,0,1,0
822,286,664,0,1,0
823,990,839,0,1,0
824,62,696,1,0,0
825,556,774,0,1,0
826,399,2,1,0,0
827,619,891,0,1,0
828,601,961,0,1,0
829,716,479,0,1,0
830,555,683,1,0,0
831,575,602,1,0,0
832,217,438,0,1,0
833,161,1,0,1,0
834,10,194,1,0,0
835,784,492,0,1,0
836,449,285,1,0,1
837,906,771,1,0,0
838,53,383,1,0,1
839,952,951,1,0,0
840,228,534,0,1,0
841,388,708,1,0,0
842,279,965,0,1,0
843,548,585,1,0,0
844,144,352,1,0,1
845,712,183,0,1,0
846,437,250,0,1,0
847,208,677,1,0,0
848,859,835,0,1,0
849,964,811,0,1,0
850,593,8,0,1,0
851,401,614,1,1,0
852,276,846,1,0,1
853,160,710,0,1,0
854,465,178,0,1,0
855,228,433,0,1,0
856,426,885,0,1,0
857,322,772,1,0,0
858,412,394,1,1,0
859,964,119,0,1,0
860,411,902,0,1,0
861,808,918,0,1,0
862,8,280,1,1,0
863,785,54,1,0,0
864,160,328,0,1,0
865,280,531,1,0,1
866,60,215,1,0,0
867,81,196,0,1,0
868,696,693,0,1,0
869,632,419,0,1,0
870,679,854,1,0,1
871,327,717,0,1,0
872,96,229,1,0,0
873,921,483,0,1,0
874,708,396,0,1,0
875,915,924,0,1,0
876,929,722,0,1,0
877,194,304,1,1,0
878,963,552,0,1,0
879,606,750,1,1,0
880,373,932,0,1,0
881,471,489,1,0,0
882,5,31,1,0,1
883,863,308,0,1,0
884,8,672,0,1,0
885,537,877,0,1,0
886,490,162,0,1,0
887,357,729,0,1,0
888,560,206,0,1,0
889,164,49,1,0,1
890,578,698,0,1,0
891,468,310,0,1,0
892,954,681,1,0,1
893,27,839,1,0,0
894,519,962,1,1,0
895,93,5,1,0,0
896,862,291,1,1,0
897,778,240,1,0,0
898,312,249,0,1,0
899,122,948,1,0,0
900,516,365,1,0,0
901,587,3,0,1,0
902,263,739,1,0,1
903,631,673,0,1,0
904,939,683,0,1,0
905,651,508,0,1,0
906,1,112,1,0,0
907,241,755,1,0,1
908,190,606,0,1,0
909,82,932,1,0,0
910,990,389,1,0,1
911,217,247,0,1,0
912,576,678,0,1,0
913,595,695,0,1,0
914,570,200,0,1,0
915,597,383,0,1,0
916,792,963,0,1,0
917,384,885,1,0,1
918,3,403,1,0,0
919,525,369,1,0,0
920,575,624,1,0,0
921,330,837,1,0,1
922,604,821,0,1,0
923,668,435,1,0,1
924,605,173,1,0,0
925,414,868,0,1,0
926,982,656,0,1,0
927,217,10,1,0,0
928,686,520,0,1,0
929,852,486,1,0,1
930,418,10,1,0,0
931,932,643,0,1,0
932,177,101,0,1,0
933,509,567,1,0,0
934,939,967,0,1,0
935,177,98,1,0,1
936,778,3,0,1,0
937,679,328,1,0,0
938,465,473,1,0,0
939,407,523,1,0,0
940,401,898,0,1,0
941,81,325,0,1,0
942,729,220,1,0,1
943,706,189,0,1,0
944,904,22,1,0,0
945,198,402,1,0,1
946,518,869,0,1,0
947,627,857,0,1,0
948,7,908,1,0,0
949,957,493,0,1,0
950,413,611,1,1,0
951,231,566,0,1,0
952,428,7,0,1,0
953,492,668,1,0,0
954,618,529,0,1,0
955,180,0,0,1,0
956,329,197,0,1,0
957,402,231,1,0,0
958,415,241,0,1,0
959,779,640,0,1,0
960,625,946,0,1,0
961,228,644,0,1,0
962,731,990,1,0,1
963,272,353,0,1,0
964,61,3,1,0,0
965,346,137,0,1,0
966,512,228,1,0,1
967,5,793,0,1,0
968,255,268,0,0,1
969,105,29,0,1,0
970,3,673,0,1,0
971,463,577,1,0,0
972,500,166,0,1,0
973,735,804,0,1,0
974,4,719,1,0,0
975,369,428,0,1,0
976,827,670,1,0,1
977,290,637,0,1,0
978,539,151,0,1,0
979,258,813,0,1,0
980,726,381,0,1,0
981,624,889,0,1,0
982,457,241,0,1,0
983,442,481,1,0,0
984,233,426,0,1,0
985,438,307,0,1,0
986,586,969,0,1,0
987,721,4,1,0,1
988,499,298,0,1,0
989,123,685,0,1,0
990,52,559,1,0,1
991,667,149,0,1,0
992,215,86,0,1,0
993,0,24,0,1,0
994,171,187,0,1,0
995,687,900,0,1,0
996,595,645,1,0,0
997,106,128,1,0,1
998,717,606,0,1,0
999,716,562,0,1,0
