Index,x,y,alive,infected,immune
0,790,313,0,1,0
1,5,697,1,0,1
2,952,182,0,0,1
3,563,893,1,0,1
4,972,803,0,1,0
5,381,119,0,1,0
6,489,101,0,1,0
7,0,559,0,1,0
8,333,766,1,0,1
9,848,597,0,1,0
10,439,125,0,1,0
11,588,120,0,1,0
12,515,9,0,1,0
13,44,341,0,1,0
14,852,233,0,1,0
15,99,773,0,1,0
16,483,359,1,0,1
17,799,696,0,1,0
18,961,142,0,1,0
19,660,804,0,1,0
20,956,546,0,1,0
21,310,318,0,1,0
22,396,802,0,1,0
23,260,170,1,0,1
24,207,427,0,1,0
25,5,153,0,1,0
26,795,7,0,1,0
27,699,398,0,1,0
28,111,121,0,1,0
29,500,898,0,1,0
30,698,665,0,1,0
31,561,7,0,1,0
32,743,880,1,0,1
33,969,276,1,0,1
34,264,834,0,1,0
35,281,4,0,1,0
36,629,7,1,0,1
37,956,664,0,1,0
38,3,585,0,1,0
39,372,767,0,1,0
40,221,18,0,1,0
41,635,546,1,0,1
42,520,182,1,0,1
43,139,426,0,1,0
44,491,269,0,1,0
45,204,127,0,1,0
46,545,918,1,0,1
47,753,528,0,1,0
48,748,345,0,1,0
49,493,147,0,1,0
50,519,936,0,1,0
51,855,683,0,1,0
52,137,366,0,1,0
53,176,347,0,1,0
54,286,762,0,1,0
55,545,265,0,0,1
56,700,187,0,1,0
57,551,279,0,1,0
58,164,346,0,1,0
59,990,407,0,1,0
60,176,679,0,1,0
61,594,0,0,1,0
62,452,927,0,1,0
63,160,421,0,1,0
64,6,962,0,1,0
65,5,349,1,0,1
66,16,824,0,1,0
67,806,812,0,1,0
68,627,788,0,1,0
69,690,932,0,1,0
70,597,820,0,1,0
71,747,10,0,1,0
72,506,776,0,1,0
73,589,760,0,1,0
74,335,9,0,1,0
75,990,163,1,0,1
76,114,323,0,1,0
77,413,236,1,0,1
78,326,742,1,0,1
79,974,70,0,1,0
80,116,508,0,1,0
81,748,832,0,1,0
82,101,113,0,1,0
83,285,934,0,1,0
84,366,549,0,1,0
85,200,285,0,1,0
86,383,636,1,0,1
87,864,568,0,1,0
88,619,107,0,1,0
89,613,2,0,1,0
90,235,155,0,1,0
91,195,505,0,1,0
92,271,551,0,1,0
93,511,956,0,1,0
94,613,336,0,1,0
95,201,891,0,1,0
96,775,858,0,1,0
97,513,555,0,1,0
98,128,57,0,1,0
99,724,197,0,1,0
100,262,266,0,1,0
101,746,428,1,0,1
102,666,919,1,0,1
103,2,33,0,0,1
104,648,416,1,0,1
105,590,546,1,1,0
106,869,275,0,1,0
107,630,218,0,1,0
108,886,327,0,1,0
109,816,580,0,0,1
110,361,888,1,0,1
111,2,776,0,1,0
112,814,414,0,1,0
113,861,312,0,1,0
114,551,257,0,1,0
115,881,565,0,1,0
116,52,907,1,0,0
117,700,823,0,1,0
118,413,2,1,0,0
119,210,740,0,1,0
120,704,472,1,0,1
121,850,527,0,1,0
122,7,481,1,0,0
123,622,37,1,0,0
124,284,438,0,1,0
125,849,557,1,0,1
126,808,0,0,1,0
127,693,758,0,1,0
128,244,771,1,0,1
129,531,3,0,1,0
130,468,889,0,1,0
131,4,180,1,0,0
132,909,262,0,1,0
133,7,274,0,1,0
134,637,604,0,1,0
135,318,447,0,1,0
136,188,174,0,1,0
137,558,540,0,1,0
138,619,755,1,0,1
139,599,159,1,0,1
140,9,421,0,1,0
141,593,644,1,0,1
142,524,386,0,1,0
143,803,172,0,1,0
144,399,599,0,1,0
145,171,73,0,1,0
146,471,578,1,0,0
147,469,687,0,1,0
148,745,353,0,1,0
149,266,213,0,1,0
150,164,224,1,0,1
151,707,345,0,1,0
152,406,443,1,0,1
153,348,349,0,1,0
154,4,901,1,0,0
155,72,163,0,1,0
156,582,572,1,1,0
157,202,285,0,1,0
158,439,719,0,1,0
159,861,611,0,1,0
160,778,727,0,1,0
161,147,595,0,1,0
162,822,786,0,1,0
163,686,208,0,1,0
164,85,581,0,1,0
165,545,914,0,1,0
166,842,310,0,1,0
167,262,186,0,1,0
168,238,5,0,1,0
169,883,1,1,0,0
170,565,687,1,0,1
171,980,500,0,1,0
172,149,378,0,1,0
173,4,926,1,0,0
174,182,851,0,1,0
175,74,56,1,0,0
176,579,447,0,1,0
177,393,401,0,1,0
178,395,644,0,1,0
179,709,9,0,1,0
180,514,129,0,1,0
181,966,641,0,1,0
182,463,870,0,1,0
183,724,277,1,0,0
184,324,327,1,1,0
185,531,71,1,0,0
186,843,288,1,0,1
187,742,462,0,1,0
188,394,990,0,1,0
189,855,58,1,0,0
190,919,533,0,1,0
191,950,9,0,1,0
192,910,239,0,1,0
193,465,238,0,1,0
194,2,537,0,1,0
195,542,264,0,1,0
196,0,676,1,0,1
197,966,990,0,1,0
198,724,941,0,1,0
199,788,542,0,1,0
200,515,611,1,0,0
201,163,883,0,1,0
202,188,826,0,1,0
203,947,8,0,1,0
204,5,719,1,0,0
205,727,880,0,1,0
206,197,261,1,0,1
207,760,386,0,1,0
208,262,608,0,1,0
209,778,37,1,0,1
210,233,990,1,0,0
211,709,801,0,1,0
212,24,589,0,1,0
213,583,868,0,1,0
214,990,506,1,0,0
215,512,681,1,1,0
216,372,94,0,1,0
217,472,303,0,1,0
218,687,391,0,1,0
219,309,10,1,0,1
220,7,785,0,0,1
221,738,197,0,1,0
222,7,550,0,1,0
223,432,103,0,1,0
224,282,478,0,1,0
225,641,692,0,1,0
226,320,541,1,0,1
227,494,657,1,1,0
228,959,731,0,1,0
229,461,305,1,0,1
230,328,156,0,1,0
231,3,120,1,0,1
232,790,127,0,1,0
233,220,757,0,1,0
234,429,656,0,1,0
235,673,481,0,1,0
236,391,855,0,1,0
237,308,9,0,1,0
238,483,377,1,1,0
239,235,909,0,1,0
240,195,150,0,0,1
241,283,937,0,1,0
242,251,237,0,1,0
243,183,320,1,0,1
244,246,808,0,1,0
245,824,584,1,0,1
246,777,214,1,0,1
247,558,827,0,1,0
248,321,5,0,1,0
249,678,796,0,1,0
250,898,602,0,1,0
251,902,681,1,0,1
252,677,610,0,1,0
253,664,132,1,0,0
254,129,218,1,0,0
255,114,441,0,1,0
256,641,412,0,0,1
257,750,606,0,1,0
258,589,565,0,1,0
259,804,805,1,0,1
260,795,447,0,1,0
261,576,505,0,1,0
262,7,515,0,1,0
263,874,652,0,1,0
264,68,623,0,1,0
265,178,378,0,1,0
266,31,898,1,0,0
267,259,29,0,0,1
268,752,125,0,1,0
269,892,9,1,0,0
270,792,716,1,0,1
271,737,309,1,0,0
272,856,945,1,0,1
273,467,683,0,1,0
274,121,362,1,0,1
275,112,9,0,1,0
276,492,159,0,0,1
277,704,663,1,0,1
278,531,528,1,1,0
279,384,1,1,0,0
280,252,205,0,1,0
281,202,735,0,1,0
282,510,659,1,0,1
283,990,904,1,0,0
284,870,801,0,1,0
285,821,9,0,1,0
286,821,946,1,0,1
287,7,39,0,1,0
288,3,695,0,1,0
289,160,696,0,1,0
290,564,385,0,1,0
291,852,119,1,0,1
292,26,859,1,0,0
293,9,244,0,1,0
294,31,899,1,0,1
295,231,644,0,1,0
296,253,693,0,1,0
297,322,108,0,1,0
298,662,765,0,1,0
299,62,278,1,0,1
300,472,727,1,0,1
301,694,581,1,0,1
302,202,162,0,0,1
303,8,498,0,1,0
304,565,220,0,1,0
305,942,0,0,1,0
306,750,101,0,1,0
307,571,266,1,0,1
308,838,10,1,0,0
309,435,228,1,0,1
310,864,323,0,1,0
311,796,558,0,1,0
312,218,795,0,1,0
313,352,1,1,0,0
314,8,244,0,1,0
315,896,752,0,1,0
316,2,790,0,1,0
317,784,749,0,0,1
318,543,788,0,1,0
319,61,990,1,0,0
320,726,861,0,1,0
321,744,576,1,0,1
322,782,834,0,1,0
323,829,640,1,0,1
324,6,503,0,1,0
325,607,828,0,1,0
326,278,67,0,1,0
327,806,480,0,1,0
328,142,471,0,1,0
329,80,420,0,1,0
330,627,778,0,1,0
331,9,150,0,1,0
332,710,965,0,1,0
333,245,864,0,1,0
334,187,399,0,1,0
335,770,676,0,1,0
336,881,340,0,1,0
337,423,115,0,1,0
338,758,9,0,1,0
339,5,707,1,1,0
340,875,683,0,1,0
341,868,614,0,1,0
342,554,679,0,1,0
343,557,5,0,1,0
344,970,925,1,0,0
345,489,594,1,0,0
346,162,218,1,0,1
347,287,497,0,1,0
348,248,462,0,1,0
349,763,102,0,1,0
350,111,822,1,0,1
351,484,264,1,0,1
352,368,956,0,1,0
353,852,755,0,1,0
354,838,921,0,1,0
355,9,791,1,0,1
356,128,683,0,1,0
357,90,427,0,1,0
358,579,577,0,1,0
359,655,896,0,1,0
360,389,316,0,1,0
361,0,816,0,1,0
362,713,7,0,1,0
363,596,369,1,0,1
364,858,857,0,1,0
365,844,842,0,1,0
366,342,160,0,1,0
367,432,610,0,1,0
368,267,395,0,1,0
369,175,498,1,0,1
370,645,864,0,1,0
371,8,886,1,0,0
372,766,620,1,0,1
373,367,1,0,1,0
374,889,901,0,1,0
375,512,144,0,1,0
376,190,855,0,1,0
377,503,905,0,1,0
378,497,667,1,1,0
379,101,874,0,1,0
380,825,444,0,1,0
381,852,644,1,0,1
382,719,479,0,1,0
383,462,10,1,0,0
384,839,168,1,0,0
385,438,8,1,0,1
386,883,768,0,1,0
387,298,147,0,1,0
388,751,9,0,1,0
389,416,126,1,0,1
390,4,21,0,1,0
391,30,877,1,0,0
392,180,55,0,1,0
393,246,810,0,1,0
394,761,574,0,1,0
395,257,6,1,0,0
396,52,497,0,1,0
397,0,827,0,1,0
398,238,249,0,1,0
399,733,95,1,1,0
400,550,443,1,0,0
401,731,463,0,0,1
402,350,513,0,1,0
403,342,73,0,1,0
404,116,568,0,1,0
405,900,90,1,1,0
406,698,447,0,1,0
407,268,473,0,1,0
408,1,755,1,0,0
409,586,76,0,1,0
410,326,674,1,0,1
411,447,10,1,0,1
412,543,290,0,1,0
413,775,787,0,1,0
414,237,865,0,1,0
415,485,203,1,0,1
416,170,491,0,1,0
417,577,913,0,1,0
418,279,887,0,1,0
419,420,261,0,1,0
420,729,487,0,1,0
421,888,768,0,1,0
422,31,677,1,0,1
423,279,53,1,0,1
424,199,399,0,1,0
425,115,367,0,1,0
426,62,788,0,1,0
427,303,564,1,0,1
428,980,0,1,0,0
429,585,990,0,1,0
430,349,160,0,1,0
431,612,677,0,1,0
432,879,284,0,1,0
433,808,471,1,0,1
434,447,823,0,1,0
435,842,393,0,1,0
436,488,10,1,0,0
437,791,623,0,1,0
438,523,695,1,1,0
439,854,144,0,1,0
440,281,5,0,1,0
441,698,600,1,0,1
442,420,456,1,0,0
443,273,294,0,1,0
444,132,207,0,0,1
445,282,452,0,1,0
446,779,626,0,1,0
447,404,923,0,1,0
448,648,92,1,0,0
449,59,260,1,0,0
450,914,282,0,1,0
451,301,8,0,1,0
452,939,148,1,0,1
453,262,691,1,0,1
454,638,627,0,1,0
455,605,177,0,1,0
456,990,900,1,0,0
457,659,355,0,1,0
458,316,795,0,1,0
459,10,840,1,0,0
460,978,4,1,0,0
461,463,389,1,0,1
462,643,599,1,0,1
463,841,577,1,0,1
464,577,867,0,1,0
465,862,472,0,1,0
466,215,215,1,0,1
467,471,442,1,0,0
468,27,5,1,0,1
469,724,368,0,1,0
470,689,0,0,1,0
471,8,530,0,1,0
472,854,4,1,0,0
473,5,564,1,0,1
474,323,86,0,0,1
475,336,4,1,0,1
476,322,367,0,1,0
477,543,518,0,1,0
478,433,838,1,0,1
479,719,251,1,0,0
480,838,430,0,1,0
481,222,243,1,0,1
482,250,842,1,0,1
483,535,970,0,1,0
484,899,737,0,1,0
485,627,581,0,1,0
486,341,509,0,1,0
487,111,517,0,0,1
488,355,816,0,1,0
489,610,409,1,0,1
490,872,798,1,0,1
491,400,339,0,1,0
492,990,15,1,0,0
493,750,99,0,1,0
494,569,199,0,1,0
495,95,584,0,1,0
496,145,173,0,1,0
497,645,493,0,1,0
498,195,811,1,0,1
499,922,199,1,0,1
500,331,239,1,0,1
501,102,938,1,0,0
502,567,8,0,1,0
503,754,0,0,1,0
504,231,305,0,1,0
505,614,453,1,0,1
506,683,676,1,0,1
507,620,387,0,1,0
508,335,139,0,1,0
509,152,647,0,1,0
510,553,5,1,0,1
511,979,515,0,1,0
512,889,175,1,0,0
513,18,669,1,0,1
514,671,165,0,1,0
515,143,124,0,1,0
516,858,383,0,1,0
517,591,190,0,1,0
518,680,249,0,1,0
519,378,99,0,1,0
520,731,692,0,1,0
521,921,94,0,1,0
522,264,546,1,0,1
523,448,745,0,1,0
524,805,847,0,1,0
525,603,396,1,0,1
526,7,37,0,1,0
527,463,404,1,0,1
528,754,6,0,1,0
529,279,542,1,0,1
530,924,504,1,0,1
531,462,712,1,1,0
532,141,927,0,1,0
533,61,222,0,1,0
534,838,360,0,1,0
535,254,847,0,1,0
536,869,687,0,1,0
537,398,571,0,1,0
538,439,131,0,1,0
539,623,402,1,0,1
540,467,661,0,1,0
541,465,702,0,1,0
542,673,497,0,1,0
543,3,46,0,1,0
544,301,281,1,0,0
545,52,1,0,1,0
546,120,413,0,1,0
547,423,393,0,1,0
548,65,833,0,0,1
549,635,574,0,1,0
550,773,353,0,1,0
551,221,920,0,1,0
552,960,258,1,0,1
553,362,813,1,0,1
554,491,751,0,1,0
555,207,846,0,1,0
556,340,620,0,1,0
557,299,9,0,1,0
558,856,539,1,0,1
559,718,521,0,1,0
560,775,659,0,1,0
561,684,764,0,1,0
562,827,599,0,1,0
563,435,990,0,1,0
564,9,142,1,0,1
565,188,706,0,1,0
566,177,88,0,1,0
567,250,342,0,1,0
568,761,138,0,1,0
569,210,3,0,1,0
570,741,650,1,0,1
571,283,628,0,1,0
572,636,330,0,1,0
573,170,535,1,0,1
574,896,547,0,1,0
575,516,213,0,1,0
576,40,881,1,0,0
577,328,816,1,0,1
578,181,151,0,1,0
579,721,114,0,1,0
580,216,778,0,1,0
581,3,370,1,0,0
582,356,331,0,1,0
583,521,970,0,1,0
584,308,222,1,0,1
585,169,530,0,1,0
586,798,343,0,1,0
587,801,2,0,1,0
588,288,591,0,1,0
589,550,794,0,1,0
590,419,370,0,1,0
591,805,388,1,0,1
592,797,857,0,1,0
593,258,693,0,1,0
594,809,581,0,1,0
595,580,894,1,0,1
596,334,810,0,1,0
597,778,604,0,1,0
598,149,334,0,1,0
599,87,352,0,1,0
600,925,264,0,1,0
601,732,808,0,1,0
602,717,466,0,1,0
603,7,429,0,1,0
604,524,90,0,1,0
605,381,369,0,1,0
606,811,0,1,0,1
607,155,271,0,1,0
608,502,622,1,0,0
609,395,433,0,1,0
610,769,934,0,1,0
611,415,240,0,1,0
612,327,846,0,1,0
613,41,520,0,1,0
614,583,774,1,0,1
615,507,3,0,1,0
616,899,811,1,0,0
617,730,612,0,1,0
618,449,282,0,1,0
619,694,229,0,1,0
620,8,76,0,1,0
621,506,282,0,1,0
622,539,0,0,1,0
623,146,383,0,1,0
624,679,367,1,0,1
625,246,483,0,1,0
626,4,20,0,1,0
627,125,327,0,1,0
628,833,1,1,0,0
629,629,648,0,1,0
630,742,467,0,1,0
631,898,864,0,1,0
632,990,792,1,0,0
633,153,238,0,1,0
634,852,259,0,1,0
635,546,870,0,1,0
636,757,793,0,1,0
637,194,453,0,1,0
638,387,558,1,1,0
639,666,343,1,0,1
640,146,759,0,1,0
641,0,586,0,1,0
642,7,967,0,1,0
643,920,623,0,1,0
644,530,268,0,1,0
645,59,202,0,1,0
646,613,199,0,1,0
647,0,644,0,1,0
648,103,228,0,1,0
649,732,392,0,1,0
650,954,990,0,1,0
651,736,331,0,1,0
652,275,452,0,1,0
653,219,7,0,1,0
654,2,824,0,1,0
655,508,3,0,1,0
656,367,413,0,1,0
657,671,211,0,1,0
658,312,756,0,1,0
659,252,53,1,0,1
660,273,97,1,0,1
661,334,627,1,0,1
662,355,155,1,0,1
663,678,390,0,1,0
664,123,589,0,1,0
665,246,568,0,1,0
666,138,415,0,1,0
667,570,89,0,1,0
668,929,626,0,1,0
669,921,9,1,0,0
670,234,349,0,1,0
671,793,701,0,1,0
672,911,695,0,1,0
673,746,278,1,0,1
674,731,332,0,1,0
675,671,561,0,1,0
676,818,878,0,1,0
677,907,874,0,1,0
678,525,384,1,1,0
679,9,147,0,1,0
680,542,456,0,1,0
681,489,3,1,0,0
682,140,721,0,1,0
683,6,604,0,1,0
684,221,52,0,1,0
685,391,256,1,0,1
686,833,132,0,1,0
687,793,540,1,0,1
688,572,795,0,1,0
689,805,753,1,0,1
690,605,577,0,1,0
691,210,734,0,1,0
692,776,745,0,1,0
693,407,844,0,1,0
694,679,319,1,0,0
695,704,415,0,1,0
696,828,444,1,0,1
697,572,355,0,1,0
698,179,471,1,0,1
699,126,709,0,1,0
700,759,273,1,0,1
701,114,952,1,0,0
702,548,396,0,1,0
703,397,5,1,0,0
704,286,864,0,1,0
705,1,645,0,1,0
706,550,7,1,0,1
707,490,701,0,1,0
708,867,299,0,1,0
709,536,10,0,1,0
710,656,180,0,1,0
711,362,594,0,1,0
712,0,579,0,1,0
713,877,802,0,1,0
714,886,421,0,1,0
715,582,9,0,1,0
716,103,861,0,1,0
717,764,760,1,0,1
718,423,372,1,0,1
719,624,903,0,1,0
720,465,388,0,1,0
721,880,73,0,1,0
722,966,145,0,1,0
723,903,861,0,1,0
724,113,878,0,1,0
725,582,183,0,1,0
726,287,505,0,1,0
727,6,951,1,0,0
728,502,903,0,0,1
729,3,523,0,1,0
730,200,241,0,1,0
731,128,720,0,1,0
732,483,763,1,0,1
733,420,163,1,0,1
734,3,268,0,1,0
735,170,554,0,1,0
736,589,479,0,1,0
737,199,2,1,0,0
738,77,854,0,1,0
739,161,712,0,1,0
740,107,104,0,1,0
741,937,4,0,1,0
742,695,803,0,1,0
743,326,633,0,1,0
744,810,619,0,1,0
745,434,856,1,0,1
746,144,246,1,0,1
747,3,520,1,0,1
748,502,652,0,1,0
749,946,118,0,1,0
750,990,874,1,0,0
751,905,81,0,1,0
752,322,534,1,0,1
753,8,945,1,0,0
754,488,236,0,1,0
755,552,590,0,1,0
756,814,535,0,1,0
757,825,814,0,1,0
758,517,770,0,1,0
759,7,160,1,0,1
760,529,196,0,1,0
761,579,3,0,1,0
762,623,542,0,1,0
763,786,473,0,1,0
764,334,7,0,1,0
765,378,737,1,0,1
766,740,466,0,1,0
767,242,757,1,0,1
768,946,6,0,1,0
769,351,10,1,0,0
770,431,198,1,0,1
771,296,435,0,1,0
772,826,656,0,1,0
773,895,653,0,1,0
774,846,588,0,1,0
775,563,674,0,1,0
776,793,411,1,0,1
777,111,93,0,1,0
778,877,648,0,1,0
779,118,7,0,1,0
780,277,802,0,1,0
781,663,565,0,1,0
782,348,149,0,1,0
783,166,258,1,0,1
784,228,8,1,0,1
785,696,137,1,0,1
786,797,158,1,0,1
787,654,856,0,1,0
788,10,911,1,0,0
789,112,892,1,0,0
790,521,103,0,1,0
791,200,636,0,1,0
792,5,983,1,0,0
793,7,688,0,1,0
794,208,587,0,1,0
795,922,740,1,0,1
796,397,694,1,1,0
797,973,182,0,1,0
798,934,476,0,1,0
799,912,446,0,1,0
800,493,466,1,0,0
801,226,159,0,1,0
802,365,271,0,1,0
803,258,143,0,1,0
804,501,6,0,1,0
805,797,268,1,0,0
806,881,401,0,1,0
807,419,93,1,0,1
808,820,592,0,1,0
809,7,242,0,1,0
810,878,606,0,1,0
811,666,455,0,1,0
812,900,642,0,1,0
813,135,616,1,0,1
814,823,10,0,1,0
815,543,349,0,1,0
816,558,144,0,1,0
817,364,872,0,1,0
818,778,486,1,0,1
819,804,907,0,1,0
820,185,724,0,1,0
821,509,57,0,1,0
822,276,651,0,1,0
823,990,839,0,1,0
824,1,640,0,1,0
825,518,801,0,1,0
826,399,2,1,0,0
827,696,893,0,1,0
828,620,904,0,1,0
829,761,474,0,1,0
830,640,641,0,1,0
831,586,593,0,1,0
832,212,434,0,1,0
833,161,3,0,1,0
834,10,194,1,1,0
835,787,566,0,1,0
836,427,318,1,0,1
837,902,779,0,1,0
838,1,381,1,0,1
839,963,8,0,1,0
840,233,556,0,1,0
841,418,663,0,1,0
842,286,6,0,1,0
843,583,587,1,1,0
844,127,372,1,0,1
845,694,152,0,1,0
846,413,257,0,1,0
847,218,623,0,1,0
848,854,819,0,1,0
849,990,856,0,1,0
850,593,6,0,1,0
851,387,580,0,1,0
852,347,785,1,0,1
853,196,649,0,1,0
854,417,212,0,1,0
855,248,411,0,1,0
856,449,880,0,1,0
857,284,723,1,1,0
858,429,427,0,0,1
859,885,155,0,1,0
860,400,849,0,1,0
861,750,951,0,1,0
862,3,280,0,1,0
863,793,4,1,0,0
864,249,386,0,1,0
865,201,545,1,0,1
866,97,266,0,1,0
867,28,191,0,1,0
868,661,714,0,1,0
869,663,440,0,1,0
870,698,805,1,0,1
871,347,721,0,1,0
872,5,208,0,1,0
873,867,520,0,1,0
874,631,409,0,1,0
875,895,958,0,1,0
876,923,676,0,1,0
877,214,298,0,1,0
878,902,505,0,1,0
879,641,712,1,0,1
880,345,964,0,1,0
881,481,549,1,0,0
882,5,31,1,0,1
883,854,274,0,1,0
884,2,672,0,1,0
885,499,822,0,1,0
886,506,92,0,1,0
887,337,717,0,1,0
888,621,221,0,1,0
889,174,10,1,0,1
890,604,698,0,1,0
891,469,302,0,1,0
892,973,674,1,0,1
893,5,851,1,0,0
894,516,990,0,1,0
895,93,5,1,0,0
896,915,266,0,1,0
897,809,164,1,1,0
898,307,213,0,1,0
899,73,985,1,0,0
900,467,437,1,0,1
901,587,1,0,1,0
902,277,748,1,0,1
903,655,681,0,1,0
904,5,710,0,1,0
905,647,531,0,1,0
906,2,112,1,0,0
907,256,782,1,0,1
908,252,565,0,1,0
909,72,990,1,0,0
910,990,389,1,0,1
911,215,269,0,1,0
912,592,687,0,1,0
913,611,724,0,1,0
914,577,226,0,1,0
915,614,338,0,1,0
916,759,9,0,1,0
917,384,870,1,0,1
918,1,403,1,0,0
919,584,446,0,1,0
920,610,705,0,1,0
921,328,834,1,0,1
922,640,730,0,1,0
923,665,501,1,0,1
924,518,146,0,1,0
925,416,851,0,1,0
926,4,660,0,1,0
927,217,10,0,1,0
928,719,557,0,1,0
929,835,499,1,0,1
930,418,10,1,0,0
931,913,625,0,1,0
932,205,35,0,1,0
933,553,528,1,1,0
934,967,893,0,1,0
935,181,123,1,0,1
936,778,3,0,1,0
937,652,268,0,1,0
938,410,488,1,0,0
939,366,528,0,1,0
940,364,977,0,1,0
941,141,315,0,1,0
942,732,170,1,0,1
943,740,206,0,1,0
944,957,45,0,1,0
945,220,419,1,0,1
946,525,883,0,1,0
947,670,854,0,1,0
948,0,908,1,0,0
949,3,458,0,1,0
950,384,592,1,0,1
951,207,659,0,1,0
952,428,1,0,1,0
953,482,712,1,0,1
954,588,526,0,1,0
955,180,1,0,1,0
956,330,182,0,1,0
957,361,237,1,0,1
958,423,220,0,1,0
959,787,676,0,1,0
960,617,933,0,1,0
961,185,625,0,1,0
962,731,990,1,0,1
963,272,347,0,1,0
964,61,1,1,0,1
965,355,108,0,1,0
966,547,295,1,0,1
967,7,793,0,1,0
968,289,308,0,0,1
969,63,10,0,1,0
970,2,673,0,1,0
971,488,609,1,0,0
972,567,141,0,1,0
973,801,766,0,1,0
974,6,719,1,1,0
975,390,405,0,1,0
976,847,707,1,0,1
977,291,615,0,1,0
978,440,172,0,1,0
979,274,822,0,1,0
980,697,404,0,1,0
981,624,905,0,1,0
982,450,278,0,1,0
983,425,507,1,0,0
984,202,438,0,1,0
985,436,336,0,1,0
986,590,0,0,1,0
987,721,8,1,0,1
988,522,258,0,1,0
989,99,651,0,1,0
990,108,581,1,0,1
991,732,129,0,1,0
992,268,45,0,1,0
993,0,24,0,1,0
994,140,177,0,1,0
995,712,886,0,1,0
996,702,651,0,1,0
997,6,81,1,0,1
998,706,640,0,1,0
999,683,547,0,1,0
