Index,x,y,alive,infected,immune
0,771,303,0,1,0
1,42,632,1,0,1
2,944,219,0,0,1
3,511,849,1,0,1
4,899,702,0,1,0
5,447,148,0,1,0
6,452,31,0,1,0
7,975,537,0,1,0
8,294,762,1,0,1
9,864,597,0,1,0
10,391,144,0,1,0
11,664,145,0,1,0
12,558,950,0,1,0
13,86,290,0,1,0
14,845,290,0,1,0
15,87,803,0,1,0
16,535,329,1,0,1
17,786,629,0,1,0
18,964,203,0,1,0
19,586,855,0,1,0
20,965,613,0,1,0
21,350,364,0,1,0
22,491,771,0,1,0
23,253,69,1,0,1
24,196,410,0,1,0
25,3,153,0,1,0
26,795,3,0,1,0
27,702,481,0,1,0
28,105,150,0,1,0
29,533,920,0,1,0
30,696,746,0,1,0
31,561,3,0,1,0
32,770,880,1,0,1
33,951,374,1,0,1
34,236,893,0,1,0
35,281,7,0,1,0
36,629,8,1,0,1
37,873,708,0,1,0
38,50,590,0,1,0
39,396,751,0,1,0
40,171,49,0,1,0
41,671,519,1,0,1
42,488,189,1,0,1
43,135,408,0,1,0
44,454,293,0,1,0
45,188,132,0,1,0
46,519,891,1,0,1
47,770,572,0,1,0
48,722,341,0,1,0
49,426,175,0,1,0
50,509,898,0,1,0
51,903,759,0,1,0
52,140,390,0,1,0
53,152,373,0,1,0
54,296,896,0,1,0
55,545,329,0,0,1
56,724,155,0,1,0
57,572,271,0,1,0
58,187,402,0,1,0
59,990,407,0,1,0
60,226,526,0,1,0
61,594,2,0,1,0
62,370,957,0,1,0
63,162,477,0,1,0
64,7,962,0,1,0
65,968,366,1,0,1
66,68,806,0,1,0
67,782,845,0,1,0
68,619,772,0,1,0
69,673,923,0,1,0
70,595,810,0,1,0
71,763,32,0,1,0
72,615,809,0,1,0
73,625,742,0,1,0
74,335,0,0,1,0
75,990,163,1,0,1
76,120,351,0,1,0
77,409,235,1,0,1
78,335,732,1,0,1
79,924,95,0,1,0
80,112,508,0,1,0
81,766,839,0,1,0
82,178,154,0,1,0
83,185,899,0,1,0
84,348,529,0,1,0
85,199,396,0,1,0
86,406,709,1,0,1
87,864,591,0,1,0
88,555,170,0,1,0
89,631,933,0,1,0
90,318,181,0,1,0
91,233,520,0,1,0
92,289,428,0,1,0
93,484,879,0,1,0
94,653,458,0,1,0
95,201,941,0,1,0
96,729,924,0,1,0
97,628,530,0,1,0
98,70,32,0,1,0
99,665,147,0,1,0
100,223,290,1,1,0
101,797,404,1,0,0
102,682,852,1,1,0
103,7,33,1,1,0
104,657,466,1,1,0
105,550,584,1,0,0
106,878,243,1,0,0
107,636,204,0,1,0
108,858,385,1,1,0
109,765,635,1,1,0
110,348,845,1,0,0
111,9,776,1,0,0
112,761,441,1,1,0
113,885,331,1,0,0
114,563,337,0,1,0
115,857,552,0,1,0
116,99,970,1,0,0
117,736,852,0,1,0
118,413,3,1,0,0
119,145,740,1,0,0
120,691,510,1,1,0
121,860,504,1,0,0
122,975,501,1,0,0
123,686,87,1,0,0
124,296,328,1,0,0
125,827,636,1,0,1
126,808,4,1,1,0
127,649,779,1,0,0
128,226,733,1,0,0
129,531,8,0,1,0
130,380,776,1,0,0
131,9,180,1,0,0
132,934,260,0,1,0
133,62,250,0,1,0
134,703,583,1,1,0
135,316,496,1,0,0
136,206,215,1,1,0
137,544,612,1,0,0
138,654,726,1,1,0
139,601,154,1,0,1
140,8,421,0,1,0
141,592,727,1,0,0
142,496,371,1,0,0
143,752,103,0,1,0
144,408,699,1,0,0
145,195,76,0,1,0
146,547,531,1,0,0
147,426,625,1,0,0
148,669,359,0,1,0
149,284,188,1,1,0
150,85,176,1,0,1
151,633,358,1,0,0
152,390,405,1,0,0
153,376,339,1,1,0
154,2,901,1,0,0
155,121,174,0,1,0
156,547,529,1,0,0
157,161,292,1,1,0
158,379,710,1,0,0
159,836,615,0,1,0
160,824,740,0,1,0
161,110,556,1,0,0
162,726,773,1,0,0
163,630,166,1,1,0
164,74,539,0,1,0
165,561,853,0,1,0
166,900,274,1,0,0
167,308,201,0,1,0
168,238,6,1,0,0
169,863,949,1,0,0
170,499,705,1,0,0
171,926,533,0,1,0
172,160,229,1,0,0
173,9,926,1,0,0
174,68,844,1,0,0
175,69,104,1,0,0
176,617,375,0,1,0
177,376,407,1,0,0
178,385,632,1,0,0
179,709,6,1,0,0
180,554,99,1,0,0
181,943,604,0,1,0
182,435,943,1,0,0
183,764,255,1,0,0
184,342,289,1,0,0
185,516,65,1,0,0
186,822,376,1,1,0
187,655,496,0,1,0
188,401,960,1,0,0
189,814,91,1,0,0
190,926,547,1,0,0
191,926,952,1,0,0
192,918,227,0,1,0
193,505,239,0,1,0
194,973,538,0,1,0
195,518,223,0,1,0
196,8,676,1,1,0
197,966,943,1,0,0
198,768,896,1,0,0
199,825,597,0,1,0
200,543,608,1,0,0
201,184,788,1,0,0
202,285,852,0,1,0
203,947,4,1,0,0
204,41,741,1,0,0
205,640,930,0,1,0
206,221,351,1,0,0
207,764,314,1,0,0
208,285,585,1,0,0
209,759,134,1,1,0
210,224,979,1,0,0
211,707,800,1,0,0
212,110,603,0,1,0
213,628,768,0,1,0
214,990,506,1,0,0
215,547,762,1,0,0
216,268,67,0,1,0
217,397,276,1,1,0
218,642,426,1,1,0
219,309,10,1,0,0
220,4,785,1,1,0
221,781,154,0,1,0
222,5,550,1,0,0
223,348,179,0,1,0
224,286,445,0,1,0
225,663,641,1,0,0
226,392,550,1,0,0
227,518,626,1,0,0
228,942,716,0,1,0
229,444,334,1,0,0
230,264,146,1,0,0
231,931,163,1,0,0
232,825,130,1,0,0
233,225,746,1,0,0
234,376,643,1,1,0
235,639,497,0,1,0
236,358,833,1,0,0
237,308,6,1,0,0
238,468,384,1,0,0
239,224,914,0,1,0
240,240,61,1,1,0
241,278,885,0,1,0
242,315,240,0,1,0
243,219,305,1,0,1
244,295,890,0,1,0
245,871,582,1,0,1
246,719,107,1,1,0
247,540,835,0,1,0
248,321,6,0,1,0
249,688,860,0,1,0
250,852,589,0,1,0
251,904,658,1,1,0
252,722,708,0,1,0
253,626,35,1,0,0
254,165,263,1,0,0
255,125,457,0,1,0
256,634,398,1,0,0
257,729,580,0,1,0
258,584,538,1,0,0
259,740,809,1,1,0
260,854,514,0,1,0
261,470,559,1,0,0
262,4,515,1,1,0
263,962,622,0,1,0
264,78,628,0,1,0
265,167,379,1,1,0
266,110,922,1,0,0
267,275,42,1,1,0
268,745,145,1,1,0
269,892,9,1,0,0
270,796,696,1,0,0
271,760,207,1,0,0
272,854,936,1,0,1
273,494,690,1,0,0
274,170,411,1,0,1
275,174,928,0,1,0
276,470,63,0,0,1
277,619,619,1,0,0
278,495,491,1,0,0
279,384,1,1,0,0
280,226,241,1,0,0
281,191,733,1,0,0
282,526,712,1,0,0
283,958,894,1,0,0
284,813,751,1,0,0
285,821,9,1,0,0
286,875,958,1,1,0
287,5,39,0,1,0
288,0,695,1,0,0
289,224,722,1,0,0
290,548,355,1,0,0
291,903,110,1,1,0
292,77,871,1,0,0
293,1,244,1,0,0
294,20,863,1,0,0
295,230,638,1,0,0
296,223,684,1,0,0
297,389,138,1,1,0
298,741,726,0,1,0
299,67,284,1,0,0
300,421,734,1,1,0
301,677,570,1,1,0
302,101,155,0,0,1
303,7,498,0,1,0
304,594,246,0,1,0
305,942,9,1,0,0
306,738,119,0,1,0
307,624,226,1,1,0
308,838,10,1,0,0
309,484,294,1,1,0
310,940,328,1,0,0
311,731,475,1,1,0
312,240,798,1,1,0
313,352,4,1,0,0
314,0,244,1,0,0
315,892,662,0,1,0
316,8,790,1,1,0
317,764,724,0,0,1
318,514,669,1,0,0
319,61,990,1,0,0
320,661,834,1,0,0
321,791,650,1,0,1
322,835,723,0,1,0
323,752,630,1,1,0
324,9,503,0,1,0
325,624,816,0,1,0
326,357,90,1,0,0
327,863,432,1,0,0
328,114,477,1,0,0
329,148,445,1,0,0
330,686,797,1,0,0
331,7,150,0,1,0
332,668,923,0,1,0
333,208,909,0,1,0
334,253,434,1,1,0
335,817,694,1,0,0
336,849,328,1,1,0
337,444,57,0,1,0
338,758,0,0,1,0
339,2,707,1,0,0
340,873,601,0,1,0
341,799,709,1,0,0
342,507,651,1,0,0
343,557,9,0,1,0
344,960,941,1,0,0
345,500,581,1,0,0
346,222,297,1,1,0
347,302,480,0,1,0
348,252,431,1,1,0
349,794,201,1,0,0
350,112,816,1,0,0
351,535,278,1,0,1
352,428,875,1,0,0
353,783,735,1,0,0
354,855,905,1,0,0
355,79,789,1,0,0
356,136,709,1,0,0
357,109,423,0,1,0
358,567,643,1,0,0
359,629,954,0,1,0
360,314,418,1,1,0
361,9,816,1,0,0
362,722,986,0,1,0
363,675,361,1,1,0
364,868,885,1,0,0
365,841,819,0,1,0
366,326,158,0,1,0
367,400,694,1,0,0
368,242,411,1,0,0
369,135,494,1,0,1
370,672,886,0,1,0
371,1,886,1,0,0
372,723,528,1,1,0
373,383,924,0,1,0
374,876,839,0,1,0
375,469,180,0,1,0
376,151,780,1,0,0
377,499,829,0,1,0
378,530,623,1,0,0
379,163,784,1,0,0
380,768,344,0,1,0
381,826,697,1,1,0
382,798,386,1,1,0
383,462,10,1,0,0
384,847,163,1,0,0
385,430,980,1,1,0
386,875,738,0,1,0
387,285,138,1,0,0
388,751,9,0,1,0
389,369,172,1,1,0
390,3,21,0,1,0
391,50,901,1,0,0
392,191,123,0,1,0
393,272,858,0,1,0
394,736,527,1,1,0
395,257,7,1,0,0
396,61,476,1,0,0
397,926,832,1,0,0
398,208,185,0,1,0
399,691,83,1,0,0
400,536,422,1,0,0
401,721,563,0,0,1
402,316,482,1,1,0
403,299,60,1,0,0
404,247,651,1,0,0
405,875,199,1,0,0
406,736,471,1,0,0
407,324,506,1,1,0
408,7,755,1,0,0
409,627,102,1,0,0
410,277,719,1,1,0
411,437,30,1,1,0
412,467,352,1,0,0
413,723,841,0,1,0
414,228,778,1,0,0
415,497,216,1,0,0
416,127,608,1,1,0
417,466,912,0,1,0
418,295,854,1,1,0
419,376,283,1,0,0
420,700,471,1,0,0
421,831,763,0,1,0
422,41,628,1,1,0
423,394,80,1,1,0
424,108,306,0,1,0
425,135,381,0,1,0
426,33,784,0,1,0
427,374,575,1,0,0
428,980,9,1,0,0
429,598,971,0,1,0
430,327,82,1,0,0
431,566,696,1,0,0
432,907,296,1,0,0
433,858,449,1,0,0
434,381,800,1,0,0
435,847,419,1,0,0
436,488,10,1,0,0
437,849,644,0,1,0
438,486,597,1,0,0
439,849,202,1,0,0
440,285,38,0,1,0
441,732,532,1,0,1
442,452,498,1,0,0
443,264,321,1,0,0
444,162,237,1,0,0
445,255,426,1,0,0
446,804,698,1,0,0
447,438,900,0,1,0
448,713,128,1,0,0
449,135,254,1,0,0
450,926,328,1,0,0
451,309,945,0,1,0
452,948,118,1,0,0
453,189,707,1,0,0
454,582,685,1,0,0
455,578,338,1,1,0
456,990,900,1,0,0
457,624,326,0,1,0
458,341,752,0,1,0
459,10,840,1,0,0
460,978,6,1,0,0
461,369,459,1,0,0
462,604,572,1,0,1
463,818,437,1,0,0
464,581,826,0,1,0
465,817,537,0,1,0
466,276,144,1,0,0
467,486,433,1,0,0
468,27,2,1,0,1
469,684,384,1,1,0
470,689,986,0,1,0
471,46,522,0,1,0
472,854,4,1,0,0
473,5,564,1,0,0
474,269,111,1,1,0
475,336,0,1,1,0
476,363,395,1,0,0
477,500,475,1,0,0
478,390,915,1,0,1
479,822,242,1,0,0
480,857,457,1,0,0
481,292,266,1,1,0
482,221,865,1,0,1
483,488,865,0,1,0
484,937,725,0,1,0
485,649,573,0,1,0
486,294,436,0,1,0
487,102,635,1,1,0
488,345,807,1,0,0
489,581,326,1,0,1
490,910,860,1,1,0
491,377,272,0,1,0
492,990,15,1,0,0
493,804,74,1,0,0
494,613,258,0,1,0
495,81,624,0,1,0
496,94,94,1,0,0
497,590,483,0,1,0
498,158,773,1,0,0
499,938,232,1,1,0
500,308,230,1,1,0
501,106,916,1,0,0
502,567,9,0,1,0
503,754,1,0,1,0
504,243,325,1,0,0
505,643,500,1,1,0
506,750,777,1,1,0
507,608,351,0,1,0
508,429,56,0,1,0
509,119,623,1,1,0
510,553,3,1,1,0
511,895,533,0,1,0
512,930,190,1,0,0
513,105,710,1,0,0
514,626,174,0,1,0
515,155,140,0,1,0
516,831,435,1,0,0
517,588,116,1,1,0
518,616,269,0,1,0
519,430,128,0,1,0
520,826,659,0,1,0
521,851,152,1,0,0
522,348,638,1,0,0
523,494,681,1,0,0
524,860,897,0,1,0
525,567,411,1,0,0
526,2,37,0,1,0
527,419,362,1,0,0
528,754,0,0,1,0
529,288,522,1,0,1
530,913,605,1,0,1
531,446,735,1,0,0
532,154,915,1,1,0
533,143,200,0,1,0
534,845,439,1,0,0
535,209,912,0,1,0
536,847,643,0,1,0
537,392,607,1,0,0
538,383,91,1,0,0
539,540,335,1,0,0
540,525,685,1,0,0
541,553,659,1,0,0
542,697,437,1,0,0
543,955,74,1,0,0
544,338,272,1,0,0
545,47,953,1,0,0
546,127,377,0,1,0
547,423,459,1,0,0
548,52,733,1,0,0
549,642,539,0,1,0
550,772,429,0,1,0
551,207,975,1,0,0
552,871,330,1,1,0
553,364,778,1,0,0
554,462,710,1,0,0
555,128,885,1,0,0
556,316,653,1,0,0
557,324,963,0,1,0
558,830,609,1,0,1
559,776,514,0,1,0
560,714,641,1,0,0
561,676,723,1,0,0
562,872,594,0,1,0
563,405,876,1,1,0
564,9,142,1,0,1
565,218,732,1,0,0
566,286,95,1,1,0
567,268,324,1,0,0
568,729,125,1,1,0
569,150,934,1,0,0
570,806,604,1,0,1
571,317,651,1,0,0
572,525,277,0,1,0
573,240,626,1,0,0
574,867,457,1,0,0
575,512,159,0,1,0
576,83,880,1,0,0
577,330,820,1,0,0
578,233,172,1,0,0
579,723,141,0,1,0
580,177,774,1,0,0
581,2,370,1,0,0
582,357,314,1,0,0
583,527,915,0,1,0
584,289,156,1,1,0
585,160,561,1,0,0
586,801,276,1,0,0
587,801,6,1,1,0
588,183,525,1,0,0
589,570,771,1,0,0
590,570,349,1,1,0
591,813,423,1,0,0
592,813,839,0,1,0
593,262,705,1,0,0
594,767,611,0,1,0
595,544,928,1,1,0
596,299,853,0,1,0
597,765,490,1,0,0
598,157,242,1,0,0
599,155,482,1,1,0
600,884,262,1,0,0
601,782,817,0,1,0
602,781,530,0,1,0
603,3,429,0,1,0
604,597,115,0,1,0
605,355,412,1,1,0
606,805,951,1,0,0
607,155,343,0,1,0
608,580,640,1,0,0
609,243,326,1,0,0
610,782,890,1,0,0
611,348,257,1,0,0
612,245,894,0,1,0
613,85,525,0,1,0
614,639,819,1,0,0
615,507,1,0,1,0
616,939,767,1,0,0
617,680,569,0,1,0
618,483,237,0,1,0
619,685,224,0,1,0
620,969,122,0,1,0
621,494,385,1,0,0
622,539,3,0,1,0
623,175,300,1,0,0
624,775,358,1,1,0
625,323,558,1,0,0
626,6,20,0,1,0
627,158,323,1,0,0
628,833,0,1,0,0
629,645,748,0,1,0
630,761,466,1,0,0
631,935,948,1,0,0
632,946,809,1,0,0
633,210,293,1,1,0
634,872,301,1,1,0
635,486,934,0,1,0
636,801,874,0,1,0
637,127,411,0,1,0
638,362,488,1,0,0
639,656,388,1,1,0
640,114,771,1,0,0
641,973,585,0,1,0
642,8,967,0,1,0
643,892,617,0,1,0
644,433,234,0,1,0
645,81,223,0,1,0
646,562,289,1,0,0
647,9,644,0,1,0
648,84,336,0,1,0
649,689,452,0,1,0
650,954,990,1,0,0
651,839,302,1,1,0
652,221,454,1,0,0
653,219,0,1,0,0
654,0,824,1,0,0
655,508,1,0,1,0
656,445,444,1,0,0
657,597,201,0,1,0
658,300,739,0,1,0
659,205,46,1,0,0
660,297,48,1,1,0
661,358,672,1,0,0
662,358,45,1,0,0
663,731,484,1,1,0
664,133,703,1,0,0
665,219,528,1,0,0
666,144,406,0,1,0
667,614,134,1,0,0
668,888,630,0,1,0
669,921,6,1,0,0
670,171,290,1,1,0
671,773,722,1,0,0
672,887,691,0,1,0
673,799,318,1,0,1
674,717,258,0,1,0
675,596,590,1,0,0
676,805,772,1,0,0
677,918,934,1,0,0
678,431,386,1,0,0
679,12,153,1,1,0
680,564,466,1,0,0
681,489,8,1,0,0
682,205,665,1,0,0
683,42,581,0,1,0
684,174,107,0,1,0
685,377,126,1,0,1
686,914,126,0,1,0
687,812,496,1,1,0
688,612,775,1,0,0
689,799,675,1,0,0
690,602,618,1,0,0
691,276,705,1,1,0
692,769,786,1,1,0
693,540,878,0,1,0
694,709,282,1,0,0
695,655,428,0,1,0
696,818,399,1,0,1
697,549,337,1,1,0
698,264,472,1,1,0
699,192,728,1,0,0
700,712,310,1,0,0
701,34,940,1,0,0
702,546,411,1,0,0
703,397,6,1,0,0
704,339,889,0,1,0
705,7,645,1,1,0
706,548,894,1,1,0
707,506,735,1,0,0
708,861,312,0,1,0
709,536,10,1,1,0
710,664,206,0,1,0
711,449,588,1,0,0
712,9,579,1,0,0
713,868,861,0,1,0
714,862,431,1,0,0
715,582,6,0,1,0
716,83,761,1,0,0
717,759,710,1,0,0
718,385,423,1,0,0
719,612,876,1,1,0
720,363,396,1,0,0
721,828,121,1,0,0
722,933,173,1,0,0
723,893,894,1,1,0
724,65,813,0,1,0
725,550,186,1,0,0
726,395,440,1,0,0
727,3,951,1,0,0
728,422,725,1,0,0
729,8,523,0,1,0
730,191,208,1,0,0
731,102,680,1,0,0
732,540,847,1,0,1
733,364,184,1,0,1
734,8,268,1,0,0
735,250,551,1,1,0
736,533,477,1,0,0
737,199,4,1,0,0
738,37,854,1,0,0
739,124,717,1,0,0
740,58,153,0,1,0
741,937,9,1,0,0
742,717,819,1,1,0
743,361,619,1,0,0
744,893,580,0,1,0
745,412,828,1,0,1
746,140,299,1,0,0
747,2,520,1,1,0
748,472,599,1,0,0
749,892,169,1,0,0
750,990,874,1,0,0
751,880,37,1,0,0
752,314,462,1,1,0
753,9,945,1,0,0
754,580,234,0,1,0
755,500,495,1,0,0
756,853,506,1,1,0
757,878,804,0,1,0
758,481,816,1,0,0
759,8,160,1,0,1
760,616,196,0,1,0
761,542,950,0,1,0
762,631,554,0,1,0
763,873,450,1,0,0
764,334,1,0,1,0
765,451,754,1,0,0
766,725,460,1,0,0
767,176,704,1,0,0
768,956,23,1,0,0
769,378,25,1,0,0
770,357,150,1,1,0
771,328,531,1,1,0
772,876,712,1,1,0
773,854,611,0,1,0
774,885,545,0,1,0
775,619,734,0,1,0
776,879,370,1,0,0
777,198,105,0,1,0
778,944,636,1,0,0
779,118,8,1,0,0
780,230,805,1,0,0
781,659,535,0,1,0
782,346,96,1,0,0
783,203,271,1,0,0
784,303,941,1,1,0
785,773,133,1,1,0
786,867,55,1,0,0
787,584,790,0,1,0
788,10,911,1,0,0
789,65,945,1,0,0
790,542,118,0,1,0
791,231,585,0,1,0
792,0,983,1,0,0
793,37,696,0,1,0
794,261,592,0,1,0
795,942,694,1,0,1
796,456,638,1,0,0
797,930,303,1,0,0
798,886,600,0,1,0
799,830,433,1,0,0
800,489,497,1,0,0
801,258,238,1,0,0
802,365,277,1,1,0
803,272,154,1,1,0
804,501,8,0,1,0
805,753,238,1,0,0
806,937,381,0,1,0
807,385,127,1,1,0
808,769,591,1,0,0
809,918,253,1,0,0
810,824,615,0,1,0
811,709,393,1,0,0
812,881,607,0,1,0
813,211,628,1,0,0
814,823,10,1,0,0
815,541,403,1,0,0
816,533,198,1,0,0
817,396,806,1,0,0
818,711,514,1,1,0
819,863,888,0,1,0
820,140,694,1,0,0
821,537,46,0,1,0
822,343,659,0,1,0
823,898,853,1,1,0
824,87,676,1,0,0
825,566,757,1,0,0
826,409,34,1,0,0
827,606,895,0,1,0
828,582,928,0,1,0
829,758,496,0,1,0
830,528,663,1,0,0
831,591,599,1,0,0
832,224,423,0,1,0
833,174,35,1,1,0
834,10,194,1,0,0
835,763,434,0,1,0
836,425,311,1,1,0
837,952,797,1,0,0
838,107,388,1,1,0
839,893,947,1,0,0
840,219,555,0,1,0
841,366,681,1,0,0
842,301,952,1,1,0
843,503,614,1,0,0
844,175,365,1,0,1
845,661,145,0,1,0
846,426,289,0,1,0
847,249,736,1,0,0
848,852,775,0,1,0
849,899,855,1,1,0
850,593,3,1,1,0
851,364,605,1,0,0
852,224,814,1,1,0
853,123,640,1,0,0
854,476,193,0,1,0
855,266,414,0,1,0
856,385,892,0,1,0
857,316,796,1,0,0
858,427,423,1,0,0
859,941,135,0,1,0
860,415,906,0,1,0
861,796,908,1,1,0
862,6,280,1,0,0
863,783,76,1,0,0
864,215,295,1,1,0
865,231,557,1,0,1
866,98,231,1,0,0
867,41,215,0,1,0
868,762,683,1,1,0
869,616,392,1,0,0
870,671,836,1,0,0
871,323,742,0,1,0
872,133,237,1,0,0
873,895,411,1,0,0
874,706,390,0,1,0
875,950,929,1,0,0
876,891,706,1,1,0
877,220,335,1,0,0
878,908,560,1,0,0
879,582,734,1,0,0
880,333,945,0,1,0
881,495,462,1,0,0
882,7,31,1,0,1
883,836,349,0,1,0
884,7,672,0,1,0
885,537,837,0,1,0
886,522,184,1,0,0
887,336,706,0,1,0
888,577,216,1,0,0
889,153,46,1,1,0
890,633,704,0,1,0
891,448,314,0,1,0
892,899,715,1,1,0
893,29,828,1,0,0
894,487,972,1,0,0
895,93,8,1,0,0
896,888,250,1,0,0
897,735,208,1,0,0
898,318,253,1,1,0
899,113,913,1,0,0
900,472,382,1,0,0
901,587,8,0,1,0
902,328,719,1,1,0
903,669,677,1,0,0
904,887,703,1,1,0
905,686,523,0,1,0
906,8,112,1,0,0
907,252,776,1,0,0
908,139,614,0,1,0
909,111,969,1,0,0
910,990,389,1,0,1
911,209,219,0,1,0
912,602,701,1,1,0
913,635,711,0,1,0
914,521,201,0,1,0
915,602,397,1,0,0
916,856,975,1,1,0
917,351,879,1,1,0
918,3,403,1,0,0
919,524,403,1,0,0
920,582,608,1,0,0
921,351,908,1,1,0
922,581,846,0,1,0
923,665,407,1,1,0
924,607,135,1,0,0
925,434,845,0,1,0
926,939,608,0,1,0
927,217,10,1,0,0
928,675,502,0,1,0
929,867,523,1,0,0
930,418,37,1,0,0
931,910,621,1,1,0
932,191,109,0,1,0
933,548,571,1,0,0
934,967,884,1,0,0
935,156,109,1,1,0
936,769,11,1,1,0
937,703,304,1,0,0
938,479,477,1,0,0
939,433,513,1,0,0
940,417,837,0,1,0
941,129,337,0,1,0
942,673,172,1,1,0
943,640,155,1,1,0
944,851,57,1,0,0
945,182,421,1,0,0
946,530,867,0,1,0
947,615,831,1,0,0
948,8,908,1,0,0
949,923,510,1,1,0
950,327,619,1,0,0
951,212,612,1,0,0
952,428,991,1,1,0
953,495,658,1,0,0
954,611,519,0,1,0
955,202,24,1,0,0
956,300,243,1,1,0
957,435,212,1,0,0
958,476,319,1,0,0
959,776,656,1,1,0
960,691,935,0,1,0
961,272,692,1,0,0
962,731,990,1,0,1
963,265,404,1,1,0
964,61,4,1,0,0
965,351,147,1,1,0
966,522,203,1,1,0
967,3,793,0,1,0
968,228,282,1,1,0
969,145,53,1,1,0
970,7,673,0,1,0
971,447,576,1,0,0
972,474,205,0,1,0
973,736,814,0,1,0
974,2,719,1,0,0
975,410,427,1,0,0
976,808,669,1,0,1
977,378,657,1,1,0
978,521,144,0,1,0
979,236,795,0,1,0
980,778,347,0,1,0
981,629,898,1,0,0
982,474,233,0,1,0
983,469,435,1,0,0
984,222,420,1,1,0
985,433,283,0,1,0
986,651,955,0,1,0
987,721,9,1,0,0
988,499,315,0,1,0
989,134,646,1,0,0
990,72,568,1,0,1
991,661,157,0,1,0
992,217,80,0,1,0
993,4,24,0,1,0
994,212,217,1,1,0
995,734,917,0,1,0
996,583,645,1,0,0
997,127,150,1,1,0
998,733,611,1,0,0
999,728,562,0,1,0
