Index,x,y,alive,infected,immune
0,791,281,0,1,0
1,31,654,1,0,1
2,967,226,0,0,1
3,517,850,1,0,1
4,878,759,0,1,0
5,428,121,0,1,0
6,434,69,0,1,0
7,5,559,0,1,0
8,281,784,1,0,1
9,873,575,0,1,0
10,430,131,0,1,0
11,627,151,0,1,0
12,519,956,0,1,0
13,69,300,0,1,0
14,851,271,0,1,0
15,77,770,0,1,0
16,508,301,1,0,1
17,777,644,0,1,0
18,966,211,0,1,0
19,586,834,0,1,0
20,956,612,0,1,0
21,316,376,0,1,0
22,441,825,0,1,0
23,245,82,1,0,1
24,226,424,0,1,0
25,3,153,0,1,0
26,795,6,0,1,0
27,687,452,0,1,0
28,83,117,0,1,0
29,482,879,0,1,0
30,703,740,0,1,0
31,561,7,0,1,0
32,779,888,1,0,1
33,962,315,1,0,1
34,246,851,0,1,0
35,281,0,0,1,0
36,629,0,1,0,1
37,922,678,0,1,0
38,2,585,0,1,0
39,429,753,0,1,0
40,197,30,0,1,0
41,656,521,1,0,1
42,480,185,1,0,1
43,121,414,0,1,0
44,461,265,0,1,0
45,232,135,0,1,0
46,524,904,1,0,1
47,779,602,0,1,0
48,722,336,0,1,0
49,420,137,0,1,0
50,498,906,0,1,0
51,867,671,0,1,0
52,83,403,0,1,0
53,150,365,0,1,0
54,293,812,0,1,0
55,571,302,0,0,1
56,693,153,0,1,0
57,538,244,0,1,0
58,181,366,0,1,0
59,990,407,0,1,0
60,230,595,0,1,0
61,594,2,0,1,0
62,355,953,0,1,0
63,167,444,0,1,0
64,9,962,0,1,0
65,4,349,1,0,1
66,48,809,0,1,0
67,801,833,0,1,0
68,603,743,0,1,0
69,722,939,0,1,0
70,576,830,0,1,0
71,747,10,0,1,0
72,560,774,0,1,0
73,611,747,0,1,0
74,335,8,0,1,0
75,990,163,1,0,1
76,140,359,0,1,0
77,407,233,1,0,1
78,373,764,1,0,1
79,931,83,0,1,0
80,111,505,0,1,0
81,776,827,0,1,0
82,138,144,0,1,0
83,256,922,0,1,0
84,372,562,0,1,0
85,217,329,0,1,0
86,364,669,1,0,1
87,836,629,0,1,0
88,581,157,0,1,0
89,644,928,0,1,0
90,285,219,0,1,0
91,216,517,0,1,0
92,278,494,0,1,0
93,520,919,0,1,0
94,697,417,0,1,0
95,233,924,0,1,0
96,777,939,0,1,0
97,558,530,0,1,0
98,118,68,0,1,0
99,661,166,0,1,0
100,206,277,0,1,0
101,773,404,1,1,0
102,684,868,1,0,1
103,5,33,0,0,1
104,663,468,1,0,1
105,570,603,1,0,0
106,846,265,1,1,0
107,607,199,0,1,0
108,884,411,0,1,0
109,815,590,0,0,1
110,342,835,1,1,0
111,3,776,0,1,0
112,767,469,0,1,0
113,851,351,0,1,0
114,568,351,0,1,0
115,913,533,0,1,0
116,107,966,1,0,0
117,729,846,0,1,0
118,413,5,1,0,0
119,197,753,1,0,0
120,685,501,1,0,1
121,868,523,0,1,0
122,4,481,1,0,0
123,666,93,1,0,0
124,303,379,0,1,0
125,825,637,1,0,1
126,808,4,0,1,0
127,661,774,0,1,0
128,207,761,1,1,0
129,531,8,0,1,0
130,447,845,0,1,0
131,8,180,1,0,0
132,933,260,0,1,0
133,0,274,0,1,0
134,663,591,0,1,0
135,324,426,0,1,0
136,197,232,0,1,0
137,592,573,1,0,0
138,613,705,1,0,1
139,605,155,1,0,1
140,3,421,0,1,0
141,611,656,1,1,0
142,509,432,1,0,0
143,783,131,0,1,0
144,397,633,0,1,0
145,195,69,0,1,0
146,544,558,1,0,0
147,426,669,1,0,0
148,738,311,0,1,0
149,291,178,0,1,0
150,107,188,1,0,1
151,683,423,0,1,0
152,368,447,1,0,1
153,321,349,0,1,0
154,2,901,1,0,0
155,66,134,0,1,0
156,590,565,1,0,0
157,193,278,0,1,0
158,409,716,1,0,0
159,859,605,0,1,0
160,793,721,0,1,0
161,139,568,0,1,0
162,779,808,0,1,0
163,629,173,0,1,0
164,42,553,0,1,0
165,532,850,0,1,0
166,860,306,0,1,0
167,243,222,0,1,0
168,238,2,0,1,0
169,862,979,1,0,0
170,539,699,1,0,0
171,929,523,0,1,0
172,123,244,1,0,0
173,3,926,1,0,0
174,90,917,1,0,0
175,42,75,1,0,0
176,590,389,0,1,0
177,396,422,0,1,0
178,399,654,0,1,0
179,709,5,0,1,0
180,506,93,0,1,0
181,978,584,0,1,0
182,428,902,0,1,0
183,749,274,1,0,0
184,296,324,1,0,0
185,558,48,1,0,0
186,861,336,1,0,1
187,687,464,0,1,0
188,400,987,1,1,0
189,841,77,1,0,0
190,957,538,0,1,0
191,946,976,0,1,0
192,935,236,0,1,0
193,467,218,0,1,0
194,5,537,0,1,0
195,534,303,0,1,0
196,8,676,1,0,1
197,961,966,1,0,0
198,766,932,0,1,0
199,827,575,0,1,0
200,525,602,1,0,0
201,200,792,1,0,0
202,238,851,0,1,0
203,947,9,1,0,0
204,36,752,1,0,0
205,664,939,0,1,0
206,208,329,1,1,0
207,794,319,0,1,0
208,270,607,0,1,0
209,794,61,1,0,1
210,233,990,1,0,0
211,743,759,0,1,0
212,94,619,0,1,0
213,580,794,0,1,0
214,990,506,1,0,0
215,544,724,1,0,0
216,313,88,0,1,0
217,376,266,0,1,0
218,609,435,0,1,0
219,309,10,1,1,0
220,5,785,0,0,1
221,753,160,0,1,0
222,2,550,0,1,0
223,400,145,0,1,0
224,265,452,0,1,0
225,639,656,0,1,0
226,365,547,1,1,0
227,515,668,1,0,0
228,961,721,0,1,0
229,450,342,1,0,0
230,267,136,0,1,0
231,955,163,1,0,0
232,828,136,1,0,0
233,221,772,0,1,0
234,425,643,0,1,0
235,640,487,0,1,0
236,326,875,0,1,0
237,308,5,0,1,0
238,517,407,1,0,0
239,248,897,0,1,0
240,257,80,0,0,1
241,273,872,0,1,0
242,297,260,0,1,0
243,196,349,1,0,1
244,262,882,0,1,0
245,828,622,1,0,1
246,709,155,1,0,1
247,584,884,0,1,0
248,321,6,0,1,0
249,674,813,0,1,0
250,873,562,0,1,0
251,879,655,1,0,1
252,731,661,0,1,0
253,633,41,1,0,0
254,162,253,1,0,0
255,86,457,0,1,0
256,649,387,1,0,0
257,722,612,0,1,0
258,550,606,1,0,0
259,814,808,1,0,1
260,855,477,0,1,0
261,516,569,1,0,0
262,7,515,0,1,0
263,894,623,0,1,0
264,114,593,0,1,0
265,168,387,0,1,0
266,84,904,1,0,0
267,267,67,0,0,1
268,741,159,0,1,0
269,892,4,1,0,0
270,850,680,1,0,1
271,755,248,1,0,0
272,870,983,1,0,1
273,506,690,1,0,0
274,127,434,1,0,1
275,131,975,0,1,0
276,507,98,0,0,1
277,621,623,1,1,0
278,548,483,1,0,0
279,384,8,1,0,0
280,282,267,0,1,0
281,172,691,0,1,0
282,467,642,1,0,0
283,990,904,1,0,0
284,804,752,0,1,0
285,821,9,1,1,0
286,904,960,1,0,1
287,8,39,0,1,0
288,1,695,0,1,0
289,168,759,1,1,0
290,535,396,0,1,0
291,840,130,1,0,1
292,82,856,1,0,0
293,4,244,1,1,0
294,35,864,1,0,0
295,240,685,0,1,0
296,250,733,1,0,0
297,340,166,0,1,0
298,724,720,0,1,0
299,99,288,1,0,1
300,464,713,1,0,1
301,699,550,1,0,1
302,101,144,0,0,1
303,9,498,0,1,0
304,545,279,0,1,0
305,942,9,1,0,0
306,726,120,0,1,0
307,621,293,1,0,1
308,838,10,1,0,0
309,473,286,1,0,1
310,880,329,0,1,0
311,747,505,0,1,0
312,220,776,0,1,0
313,352,1,1,0,0
314,7,244,1,1,0
315,845,703,0,1,0
316,8,790,0,1,0
317,767,759,0,0,1
318,587,737,1,1,0
319,61,990,1,0,0
320,692,855,0,1,0
321,819,610,1,0,1
322,795,750,0,1,0
323,795,642,1,0,1
324,7,503,0,1,0
325,591,858,0,1,0
326,349,57,0,1,0
327,840,494,0,1,0
328,142,488,0,1,0
329,120,465,0,1,0
330,611,770,1,1,0
331,6,150,0,1,0
332,699,934,0,1,0
333,202,916,0,1,0
334,259,431,0,1,0
335,806,687,0,1,0
336,827,318,0,1,0
337,409,103,0,1,0
338,758,3,0,1,0
339,7,707,1,0,0
340,899,659,0,1,0
341,802,679,0,1,0
342,497,659,1,0,0
343,557,5,0,1,0
344,957,946,1,0,0
345,473,557,1,0,0
346,192,246,1,0,1
347,346,435,0,1,0
348,317,450,0,1,0
349,772,151,1,0,0
350,95,836,1,0,1
351,523,288,1,0,1
352,383,879,0,1,0
353,801,792,0,1,0
354,916,916,0,1,0
355,5,791,1,0,1
356,93,679,0,1,0
357,106,413,0,1,0
358,545,610,1,0,0
359,602,939,0,1,0
360,360,375,0,1,0
361,8,816,1,1,0
362,713,3,0,1,0
363,620,333,1,0,1
364,881,883,0,1,0
365,832,855,0,1,0
366,339,162,0,1,0
367,397,619,0,1,0
368,214,405,0,1,0
369,161,461,1,0,1
370,639,870,0,1,0
371,8,886,1,0,0
372,715,604,1,0,1
373,363,938,0,1,0
374,842,893,0,1,0
375,517,159,0,1,0
376,229,800,0,1,0
377,488,849,0,1,0
378,503,673,1,0,0
379,135,794,1,0,0
380,807,400,0,1,0
381,870,679,1,0,1
382,722,415,0,1,0
383,462,10,1,0,0
384,833,152,1,0,0
385,438,6,1,0,1
386,899,758,0,1,0
387,299,124,1,0,0
388,751,3,0,1,0
389,376,138,1,0,1
390,6,21,0,1,0
391,76,901,1,0,0
392,198,86,0,1,0
393,258,849,0,1,0
394,755,538,0,1,0
395,257,7,1,0,0
396,92,515,0,1,0
397,0,827,1,1,0
398,231,153,0,1,0
399,679,86,1,0,0
400,523,440,1,0,0
401,741,546,0,0,1
402,342,483,0,1,0
403,319,85,0,1,0
404,194,576,0,1,0
405,894,162,1,0,0
406,765,459,0,1,0
407,319,495,0,1,0
408,2,755,1,0,0
409,604,95,0,1,0
410,317,660,1,0,1
411,447,10,1,0,1
412,522,309,1,1,0
413,749,803,0,1,0
414,238,822,0,1,0
415,500,226,1,0,1
416,141,545,0,1,0
417,543,884,0,1,0
418,303,824,0,1,0
419,418,262,0,1,0
420,717,508,0,1,0
421,893,751,0,1,0
422,75,723,1,0,1
423,318,102,1,0,1
424,173,347,0,1,0
425,155,392,0,1,0
426,59,806,0,1,0
427,359,570,1,1,0
428,980,7,1,0,0
429,581,959,0,1,0
430,339,147,0,1,0
431,559,690,0,1,0
432,877,266,1,1,0
433,844,478,1,1,0
434,379,806,1,0,0
435,826,404,0,1,0
436,488,10,1,0,0
437,812,609,0,1,0
438,526,603,1,0,0
439,875,203,1,0,0
440,276,80,0,1,0
441,746,568,1,0,1
442,418,480,1,0,0
443,233,266,0,1,0
444,138,231,1,1,0
445,269,451,0,1,0
446,824,688,0,1,0
447,410,925,0,1,0
448,692,94,1,0,0
449,97,263,1,0,0
450,893,295,0,1,0
451,301,8,0,1,0
452,961,138,1,0,1
453,204,689,1,0,0
454,564,682,1,1,0
455,600,263,0,1,0
456,990,900,1,0,0
457,629,371,0,1,0
458,350,771,0,1,0
459,10,840,1,0,0
460,978,3,1,0,0
461,390,451,1,1,0
462,603,563,1,0,1
463,803,493,1,1,0
464,572,826,0,1,0
465,827,509,0,1,0
466,283,174,1,1,0
467,452,413,1,0,0
468,27,1,1,0,1
469,712,409,0,1,0
470,689,4,0,1,0
471,2,530,0,1,0
472,854,6,1,0,0
473,3,564,1,0,1
474,256,83,0,0,1
475,336,5,1,0,1
476,363,365,0,1,0
477,487,489,1,0,0
478,389,879,1,0,1
479,786,225,1,0,0
480,838,445,0,1,0
481,268,253,1,0,1
482,241,817,1,0,1
483,536,911,0,1,0
484,943,750,0,1,0
485,623,617,0,1,0
486,334,465,0,1,0
487,146,622,0,0,1
488,358,804,1,0,0
489,607,361,1,0,1
490,888,821,1,0,1
491,382,333,0,1,0
492,990,15,1,0,0
493,769,117,0,1,0
494,552,261,0,1,0
495,116,579,0,1,0
496,131,124,1,1,0
497,614,459,0,1,0
498,116,740,1,0,0
499,933,256,1,0,1
500,311,219,1,0,1
501,122,959,1,0,0
502,567,5,0,1,0
503,754,1,0,1,0
504,247,347,1,1,0
505,649,455,1,0,1
506,715,705,1,0,1
507,609,367,0,1,0
508,378,93,0,1,0
509,111,612,0,1,0
510,553,8,1,0,1
511,880,560,0,1,0
512,894,223,1,0,0
513,97,668,1,1,0
514,671,182,0,1,0
515,103,88,0,1,0
516,828,385,1,1,0
517,605,138,0,1,0
518,662,254,0,1,0
519,391,91,0,1,0
520,739,666,0,1,0
521,896,96,0,1,0
522,306,586,1,0,1
523,485,711,1,0,0
524,832,862,0,1,0
525,598,425,1,1,0
526,9,37,0,1,0
527,433,401,1,1,0
528,754,7,0,1,0
529,318,553,1,0,1
530,911,573,1,0,1
531,478,709,1,0,0
532,133,898,0,1,0
533,73,201,0,1,0
534,845,432,0,1,0
535,219,891,0,1,0
536,890,654,0,1,0
537,384,559,0,1,0
538,412,144,0,1,0
539,584,349,1,0,1
540,543,686,1,1,0
541,527,687,1,0,0
542,660,494,0,1,0
543,7,46,1,1,0
544,340,282,1,0,0
545,52,1,1,0,0
546,118,420,0,1,0
547,446,423,1,0,0
548,63,733,1,0,0
549,613,560,0,1,0
550,777,372,0,1,0
551,248,962,1,0,0
552,901,310,1,0,1
553,397,854,1,0,0
554,488,745,1,0,0
555,146,876,0,1,0
556,337,611,0,1,0
557,299,6,0,1,0
558,856,574,1,0,1
559,737,524,0,1,0
560,751,657,0,1,0
561,726,742,0,1,0
562,854,627,0,1,0
563,437,982,0,1,0
564,4,142,1,0,1
565,226,711,1,0,0
566,208,87,0,1,0
567,263,344,1,1,0
568,753,107,0,1,0
569,156,943,0,1,0
570,804,627,1,0,1
571,285,626,1,0,0
572,543,272,0,1,0
573,225,527,1,1,0
574,897,498,0,1,0
575,495,166,0,1,0
576,66,904,1,0,0
577,338,842,1,1,0
578,145,191,0,1,0
579,765,149,0,1,0
580,211,807,1,0,0
581,2,370,1,0,0
582,355,317,0,1,0
583,521,914,0,1,0
584,279,220,1,0,1
585,141,557,0,1,0
586,795,359,0,1,0
587,801,9,0,1,0
588,225,550,0,1,0
589,533,756,0,1,0
590,496,313,0,1,0
591,814,355,1,1,0
592,836,861,0,1,0
593,266,680,0,1,0
594,734,601,0,1,0
595,514,918,1,0,1
596,318,846,0,1,0
597,755,567,0,1,0
598,125,313,0,1,0
599,120,389,0,1,0
600,922,272,0,1,0
601,737,784,0,1,0
602,767,489,0,1,0
603,8,429,0,1,0
604,529,72,0,1,0
605,393,404,0,1,0
606,811,6,1,0,1
607,137,309,0,1,0
608,571,659,1,0,0
609,315,364,1,1,0
610,787,914,0,1,0
611,407,257,1,1,0
612,297,858,0,1,0
613,95,530,0,1,0
614,635,748,1,0,1
615,507,2,0,1,0
616,927,781,1,0,0
617,728,593,0,1,0
618,473,218,0,1,0
619,680,212,0,1,0
620,2,76,0,1,0
621,534,314,0,1,0
622,539,5,0,1,0
623,137,333,0,1,0
624,711,386,1,0,1
625,290,510,1,0,0
626,3,20,0,1,0
627,185,336,0,1,0
628,833,1,1,0,0
629,653,685,0,1,0
630,753,491,0,1,0
631,895,956,1,0,0
632,990,792,1,0,0
633,221,297,0,1,0
634,891,286,0,1,0
635,494,879,0,1,0
636,806,891,0,1,0
637,145,477,0,1,0
638,355,523,1,0,0
639,645,373,1,0,1
640,135,713,1,1,0
641,4,586,0,1,0
642,9,967,0,1,0
643,931,557,0,1,0
644,445,268,0,1,0
645,97,177,0,1,0
646,577,230,0,1,0
647,2,644,0,1,0
648,70,310,0,1,0
649,715,410,0,1,0
650,954,990,1,0,0
651,806,331,0,1,0
652,257,426,0,1,0
653,219,1,1,0,0
654,0,824,1,1,0
655,508,6,0,1,0
656,420,413,0,1,0
657,606,205,0,1,0
658,276,699,0,1,0
659,267,42,1,1,0
660,290,121,1,0,1
661,343,597,1,0,1
662,319,51,1,0,0
663,734,424,0,1,0
664,90,632,0,1,0
665,223,539,0,1,0
666,80,407,0,1,0
667,574,140,0,1,0
668,942,636,0,1,0
669,921,0,1,0,0
670,209,330,0,1,0
671,811,707,0,1,0
672,879,672,0,1,0
673,818,295,1,0,1
674,682,268,0,1,0
675,606,580,1,0,0
676,855,844,1,1,0
677,860,912,0,1,0
678,472,401,1,0,0
679,7,147,0,1,0
680,549,484,1,0,0
681,489,4,1,0,0
682,190,721,1,0,0
683,37,592,0,1,0
684,187,59,0,1,0
685,368,157,1,0,1
686,898,110,0,1,0
687,802,527,1,0,1
688,548,775,0,1,0
689,798,726,1,0,1
690,618,597,1,0,0
691,280,743,0,1,0
692,831,749,0,1,0
693,511,889,0,1,0
694,731,256,1,0,0
695,659,415,0,1,0
696,776,382,1,0,1
697,577,349,0,1,0
698,198,450,1,0,1
699,147,729,1,1,0
700,769,292,1,1,0
701,86,926,1,0,0
702,529,416,0,1,0
703,397,2,1,0,0
704,293,846,0,1,0
705,1,645,0,1,0
706,575,957,1,0,1
707,511,661,1,0,0
708,854,269,0,1,0
709,536,10,0,1,0
710,683,178,0,1,0
711,445,610,1,0,0
712,8,579,1,1,0
713,892,848,0,1,0
714,879,407,1,1,0
715,582,4,0,1,0
716,62,819,1,1,0
717,756,720,1,1,0
718,398,387,1,0,1
719,629,885,0,1,0
720,395,420,0,1,0
721,809,91,1,0,0
722,964,143,1,0,0
723,906,918,0,1,0
724,93,832,0,1,0
725,548,196,0,1,0
726,362,480,0,1,0
727,4,951,1,0,0
728,481,792,0,0,1
729,6,523,0,1,0
730,190,228,1,0,0
731,128,700,1,1,0
732,500,845,1,0,1
733,421,136,1,0,1
734,3,268,0,1,0
735,214,569,0,1,0
736,527,491,1,0,0
737,199,2,1,0,0
738,77,823,1,0,0
739,122,715,0,1,0
740,78,144,0,1,0
741,937,5,1,0,0
742,723,832,0,1,0
743,346,625,0,1,0
744,855,602,0,1,0
745,466,851,1,0,1
746,176,331,1,0,1
747,7,520,1,0,1
748,488,656,1,0,0
749,918,151,1,0,0
750,990,874,1,0,0
751,907,104,1,1,0
752,315,455,1,0,1
753,3,945,1,0,0
754,503,261,0,1,0
755,488,521,1,0,0
756,875,522,0,1,0
757,889,811,0,1,0
758,477,804,0,1,0
759,2,160,1,0,1
760,620,208,0,1,0
761,541,963,0,1,0
762,635,537,0,1,0
763,806,531,0,1,0
764,334,7,0,1,0
765,385,761,1,1,0
766,715,445,0,1,0
767,235,692,1,1,0
768,946,2,1,0,0
769,351,10,1,0,0
770,365,149,1,0,1
771,330,516,0,1,0
772,843,682,0,1,0
773,854,611,0,1,0
774,862,513,0,1,0
775,580,710,0,1,0
776,849,328,1,0,1
777,183,95,0,1,0
778,936,662,0,1,0
779,118,4,1,0,0
780,219,815,0,1,0
781,664,535,0,1,0
782,374,117,0,1,0
783,212,253,1,1,0
784,249,979,1,0,1
785,753,77,1,0,1
786,910,116,1,1,0
787,607,858,0,1,0
788,10,911,1,0,0
789,57,920,1,0,0
790,558,99,0,1,0
791,196,652,0,1,0
792,3,983,1,0,0
793,8,688,0,1,0
794,229,569,0,1,0
795,933,696,1,0,1
796,415,716,1,0,0
797,939,283,0,1,0
798,901,532,0,1,0
799,862,477,0,1,0
800,481,512,1,0,0
801,261,192,1,0,0
802,407,312,0,1,0
803,278,174,0,1,0
804,501,1,0,1,0
805,758,223,1,0,0
806,904,400,0,1,0
807,416,128,1,0,1
808,806,614,0,1,0
809,6,242,0,1,0
810,838,679,0,1,0
811,670,408,0,1,0
812,881,633,0,1,0
813,184,615,1,1,0
814,823,10,0,1,0
815,523,372,0,1,0
816,539,166,0,1,0
817,381,830,1,0,0
818,702,561,1,0,1
819,812,915,0,1,0
820,137,709,0,1,0
821,537,117,0,1,0
822,272,666,0,1,0
823,990,839,0,1,0
824,58,703,1,0,0
825,545,791,0,1,0
826,399,2,1,0,0
827,605,897,0,1,0
828,610,969,0,1,0
829,728,470,0,1,0
830,568,677,1,1,0
831,585,602,1,0,0
832,236,435,0,1,0
833,161,4,0,1,0
834,10,194,1,0,0
835,765,498,0,1,0
836,441,285,1,0,1
837,903,769,1,0,0
838,57,384,1,0,1
839,951,956,1,0,0
840,215,552,0,1,0
841,411,710,1,0,0
842,271,971,0,1,0
843,570,588,1,0,0
844,152,360,1,0,1
845,696,181,0,1,0
846,444,253,0,1,0
847,197,665,1,0,0
848,863,826,0,1,0
849,979,820,0,1,0
850,593,8,0,1,0
851,405,609,1,1,0
852,278,830,1,0,1
853,159,719,0,1,0
854,478,182,0,1,0
855,228,431,0,1,0
856,419,894,0,1,0
857,324,768,1,0,0
858,389,416,1,1,0
859,952,119,0,1,0
860,400,894,0,1,0
861,796,913,0,1,0
862,5,280,0,1,0
863,776,57,1,0,0
864,174,335,0,1,0
865,282,527,1,0,1
866,68,220,1,0,0
867,87,210,0,1,0
868,690,701,0,1,0
869,642,425,0,1,0
870,680,844,1,0,1
871,337,722,0,1,0
872,76,236,1,0,0
873,917,501,0,1,0
874,695,390,0,1,0
875,910,924,0,1,0
876,932,726,0,1,0
877,212,283,0,1,0
878,956,549,0,1,0
879,595,736,1,1,0
880,372,933,0,1,0
881,491,498,1,0,0
882,3,31,1,0,1
883,853,317,0,1,0
884,5,672,0,1,0
885,545,881,0,1,0
886,491,151,0,1,0
887,356,735,0,1,0
888,561,205,0,1,0
889,170,52,1,0,1
890,577,693,0,1,0
891,469,310,0,1,0
892,947,690,1,0,1
893,14,847,1,0,0
894,514,980,1,1,0
895,93,3,1,0,0
896,834,306,0,1,0
897,777,220,1,0,0
898,309,244,0,1,0
899,116,951,1,0,0
900,508,338,1,1,0
901,587,7,0,1,0
902,254,734,1,0,1
903,641,677,0,1,0
904,945,704,0,1,0
905,644,492,0,1,0
906,1,112,1,0,0
907,241,770,1,0,1
908,184,598,0,1,0
909,84,930,1,0,0
910,990,389,1,0,1
911,215,263,0,1,0
912,573,684,0,1,0
913,592,711,0,1,0
914,564,205,0,1,0
915,596,374,0,1,0
916,819,972,0,1,0
917,373,882,1,0,1
918,9,403,1,0,0
919,519,366,1,1,0
920,588,626,1,0,0
921,322,832,1,0,1
922,607,820,0,1,0
923,662,447,1,0,1
924,594,170,1,0,0
925,413,852,0,1,0
926,954,670,0,1,0
927,217,10,1,0,0
928,691,532,0,1,0
929,863,486,1,0,1
930,418,10,1,0,0
931,927,652,0,1,0
932,185,80,0,1,0
933,513,567,1,0,0
934,933,963,0,1,0
935,161,82,1,0,1
936,778,1,0,1,0
937,670,320,1,0,0
938,459,459,1,0,0
939,392,519,1,0,0
940,393,893,0,1,0
941,99,310,0,1,0
942,733,224,1,0,1
943,697,185,0,1,0
944,909,22,1,0,0
945,188,401,1,0,1
946,516,873,0,1,0
947,633,848,0,1,0
948,1,908,1,0,0
949,941,482,0,1,0
950,391,602,1,0,1
951,227,576,0,1,0
952,428,3,0,1,0
953,486,665,1,0,0
954,612,526,0,1,0
955,180,5,0,1,0
956,329,188,0,1,0
957,416,218,1,0,0
958,423,249,0,1,0
959,764,660,0,1,0
960,617,947,0,1,0
961,235,643,0,1,0
962,731,990,1,0,1
963,272,348,0,1,0
964,61,3,1,0,0
965,342,146,0,1,0
966,506,240,1,0,1
967,9,793,0,1,0
968,272,283,0,0,1
969,88,31,0,1,0
970,2,673,0,1,0
971,466,591,1,0,0
972,505,159,0,1,0
973,736,795,0,1,0
974,7,719,1,0,0
975,367,431,0,1,0
976,820,682,1,0,1
977,288,643,0,1,0
978,535,159,0,1,0
979,270,805,0,1,0
980,729,381,0,1,0
981,608,874,0,1,0
982,460,215,0,1,0
983,459,486,1,0,0
984,238,431,0,1,0
985,445,306,0,1,0
986,589,983,0,1,0
987,721,8,1,0,1
988,514,290,0,1,0
989,111,683,0,1,0
990,60,566,1,0,1
991,674,137,0,1,0
992,231,83,0,1,0
993,0,24,0,1,0
994,178,177,0,1,0
995,713,881,0,1,0
996,616,643,1,1,0
997,97,116,1,0,1
998,734,615,0,1,0
999,724,549,0,1,0
