Index,x,y,alive,infected,immune
0,790,282,0,1,0
1,20,663,1,0,1
2,953,221,0,0,1
3,503,847,1,0,1
4,883,763,0,1,0
5,444,133,0,1,0
6,448,58,0,1,0
7,2,559,0,1,0
8,282,787,1,0,1
9,880,587,0,1,0
10,417,138,0,1,0
11,642,136,0,1,0
12,515,961,0,1,0
13,74,305,0,1,0
14,845,273,0,1,0
15,72,753,0,1,0
16,502,293,1,0,1
17,765,658,0,1,0
18,962,197,0,1,0
19,594,837,0,1,0
20,945,602,0,1,0
21,318,373,0,1,0
22,435,823,0,1,0
23,241,96,1,0,1
24,218,418,0,1,0
25,0,153,0,1,0
26,795,3,0,1,0
27,703,450,0,1,0
28,84,116,0,1,0
29,463,874,0,1,0
30,706,720,0,1,0
31,561,1,0,1,0
32,768,889,1,0,1
33,953,312,1,0,1
34,249,846,0,1,0
35,281,6,0,1,0
36,629,2,1,0,1
37,916,678,0,1,0
38,9,585,0,1,0
39,419,770,0,1,0
40,186,22,0,1,0
41,664,528,1,0,1
42,476,184,1,0,1
43,114,407,0,1,0
44,476,276,0,1,0
45,219,119,0,1,0
46,538,900,1,0,1
47,782,608,0,1,0
48,746,343,0,1,0
49,433,133,0,1,0
50,497,902,0,1,0
51,858,695,0,1,0
52,81,404,0,1,0
53,149,356,0,1,0
54,294,814,0,1,0
55,571,300,0,0,1
56,690,167,0,1,0
57,521,253,0,1,0
58,174,377,0,1,0
59,990,407,0,1,0
60,214,592,0,1,0
61,594,8,0,1,0
62,365,956,0,1,0
63,154,444,0,1,0
64,6,962,0,1,0
65,8,349,1,0,1
66,47,803,0,1,0
67,795,829,0,1,0
68,627,747,0,1,0
69,721,932,0,1,0
70,576,843,0,1,0
71,747,10,0,1,0
72,567,764,0,1,0
73,612,742,0,1,0
74,335,3,0,1,0
75,990,163,1,0,1
76,123,353,0,1,0
77,411,240,1,0,1
78,379,764,1,0,1
79,929,86,0,1,0
80,106,514,0,1,0
81,780,840,0,1,0
82,116,142,0,1,0
83,272,919,0,1,0
84,368,565,0,1,0
85,218,333,0,1,0
86,372,669,1,0,1
87,847,620,0,1,0
88,560,169,0,1,0
89,655,917,0,1,0
90,282,224,0,1,0
91,217,517,0,1,0
92,285,502,0,1,0
93,506,921,0,1,0
94,678,420,0,1,0
95,219,909,0,1,0
96,779,933,0,1,0
97,565,526,0,1,0
98,133,58,0,1,0
99,650,172,0,1,0
100,204,269,0,1,0
101,753,366,1,1,0
102,669,885,1,0,1
103,4,33,0,0,1
104,669,473,1,0,1
105,590,597,1,0,0
106,853,257,1,1,0
107,600,192,0,1,0
108,874,418,0,1,0
109,802,592,0,0,1
110,324,840,1,1,0
111,4,776,0,1,0
112,764,458,0,1,0
113,839,357,0,1,0
114,571,338,0,1,0
115,903,524,0,1,0
116,106,983,1,0,0
117,720,857,0,1,0
118,413,2,1,0,0
119,206,755,1,0,0
120,678,517,1,0,1
121,868,521,0,1,0
122,4,481,1,0,0
123,665,93,1,0,0
124,292,393,0,1,0
125,809,627,1,0,1
126,808,8,0,1,0
127,674,759,0,1,0
128,220,765,1,1,0
129,531,6,0,1,0
130,439,854,0,1,0
131,1,180,1,0,0
132,917,259,0,1,0
133,5,274,0,1,0
134,648,595,0,1,0
135,310,427,0,1,0
136,202,228,0,1,0
137,584,581,1,0,0
138,599,706,1,0,1
139,604,137,1,0,1
140,9,421,0,1,0
141,624,665,1,0,1
142,537,426,1,1,0
143,771,143,0,1,0
144,395,624,0,1,0
145,181,60,0,1,0
146,525,553,1,0,0
147,444,660,1,0,0
148,749,323,0,1,0
149,292,199,0,1,0
150,104,194,1,0,1
151,669,422,0,1,0
152,353,441,1,0,1
153,314,344,0,1,0
154,0,901,1,0,0
155,67,134,0,1,0
156,606,574,1,0,0
157,209,278,0,1,0
158,424,711,1,0,0
159,859,594,0,1,0
160,805,737,0,1,0
161,139,573,0,1,0
162,796,805,0,1,0
163,630,190,0,1,0
164,53,562,0,1,0
165,522,871,0,1,0
166,864,313,0,1,0
167,233,229,0,1,0
168,238,3,0,1,0
169,881,982,1,0,0
170,549,694,1,1,0
171,941,529,0,1,0
172,138,252,1,0,0
173,1,926,1,0,0
174,92,914,1,0,0
175,55,73,1,0,0
176,597,385,0,1,0
177,393,417,0,1,0
178,420,659,0,1,0
179,709,5,0,1,0
180,518,91,0,1,0
181,980,570,0,1,0
182,451,898,0,1,0
183,729,271,1,0,0
184,296,320,1,0,0
185,543,39,1,0,0
186,877,333,1,0,1
187,687,468,0,1,0
188,394,990,1,1,0
189,842,86,1,0,0
190,960,537,0,1,0
191,950,0,0,1,0
192,930,234,0,1,0
193,465,219,0,1,0
194,8,537,0,1,0
195,528,324,0,1,0
196,4,676,1,0,1
197,958,975,1,0,0
198,772,940,0,1,0
199,820,592,0,1,0
200,518,614,1,0,0
201,173,796,1,0,0
202,237,862,0,1,0
203,947,1,1,1,0
204,25,743,1,0,0
205,665,938,0,1,0
206,194,332,1,1,0
207,783,316,0,1,0
208,278,622,0,1,0
209,787,64,1,0,1
210,233,990,1,0,0
211,742,762,0,1,0
212,83,605,0,1,0
213,587,786,0,1,0
214,990,506,1,0,0
215,555,722,1,0,0
216,319,88,0,1,0
217,373,251,0,1,0
218,605,429,0,1,0
219,309,10,1,1,0
220,6,785,0,0,1
221,737,154,0,1,0
222,3,550,0,1,0
223,398,145,0,1,0
224,255,464,0,1,0
225,661,651,0,1,0
226,347,540,1,1,0
227,516,670,1,0,0
228,952,711,0,1,0
229,441,327,1,0,0
230,265,131,0,1,0
231,964,160,1,0,0
232,815,131,1,0,0
233,224,753,0,1,0
234,427,646,0,1,0
235,651,487,0,1,0
236,331,885,0,1,0
237,308,3,0,1,0
238,529,406,1,0,0
239,254,878,0,1,0
240,278,94,0,0,1
241,276,893,0,1,0
242,311,254,0,1,0
243,207,341,1,0,1
244,262,873,0,1,0
245,828,627,1,0,1
246,734,178,1,0,1
247,569,870,0,1,0
248,321,6,0,1,0
249,685,799,0,1,0
250,872,574,0,1,0
251,889,644,1,0,1
252,714,657,0,1,0
253,646,44,1,0,0
254,168,255,1,0,0
255,93,464,0,1,0
256,654,390,1,0,0
257,732,596,0,1,0
258,555,595,1,0,0
259,797,810,1,0,1
260,846,470,0,1,0
261,510,554,1,0,0
262,7,515,0,1,0
263,912,623,0,1,0
264,116,595,0,1,0
265,162,374,0,1,0
266,95,929,1,0,0
267,260,58,0,0,1
268,746,137,0,1,0
269,892,4,1,0,0
270,855,688,1,0,1
271,754,265,1,0,0
272,874,975,1,0,1
273,500,688,1,0,0
274,107,432,1,0,1
275,128,985,0,1,0
276,503,105,0,0,1
277,636,612,1,1,0
278,530,495,1,0,0
279,384,7,1,0,0
280,278,266,0,1,0
281,172,702,0,1,0
282,475,636,1,0,0
283,990,904,1,0,0
284,813,731,0,1,0
285,821,6,1,1,0
286,891,966,1,0,1
287,5,39,0,1,0
288,8,695,0,1,0
289,132,772,1,1,0
290,541,394,0,1,0
291,844,128,1,0,1
292,83,857,1,0,0
293,9,244,0,1,0
294,36,853,1,0,0
295,221,682,0,1,0
296,258,727,1,0,0
297,334,155,0,1,0
298,710,717,0,1,0
299,96,278,1,0,1
300,467,723,1,0,1
301,699,562,1,0,1
302,113,148,0,0,1
303,2,498,0,1,0
304,535,274,0,1,0
305,942,1,1,1,0
306,718,135,0,1,0
307,624,292,1,0,1
308,838,10,1,0,0
309,463,300,1,0,1
310,874,337,0,1,0
311,757,484,0,1,0
312,216,773,0,1,0
313,352,3,1,0,0
314,7,244,1,1,0
315,849,726,0,1,0
316,9,790,0,1,0
317,755,752,0,0,1
318,592,736,0,1,0
319,61,990,1,0,0
320,699,861,0,1,0
321,812,606,1,0,1
322,785,751,0,1,0
323,813,649,1,0,1
324,8,503,0,1,0
325,576,857,0,1,0
326,348,64,0,1,0
327,829,507,0,1,0
328,130,488,0,1,0
329,128,466,0,1,0
330,610,763,0,1,0
331,3,150,0,1,0
332,695,936,0,1,0
333,195,899,0,1,0
334,241,434,0,1,0
335,802,680,0,1,0
336,839,315,0,1,0
337,391,101,0,1,0
338,758,0,0,1,0
339,7,707,1,0,0
340,912,668,0,1,0
341,819,678,0,1,0
342,494,663,1,0,0
343,557,1,0,1,0
344,962,963,1,0,0
345,455,557,1,0,0
346,190,255,1,0,1
347,335,447,0,1,0
348,306,450,0,1,0
349,772,131,1,1,0
350,88,845,1,0,1
351,512,268,1,0,1
352,364,879,0,1,0
353,803,798,0,1,0
354,914,921,0,1,0
355,5,791,1,0,1
356,95,689,0,1,0
357,122,405,0,1,0
358,540,592,1,0,0
359,605,948,0,1,0
360,371,354,0,1,0
361,1,816,0,1,0
362,713,1,0,1,0
363,612,324,1,0,1
364,891,877,0,1,0
365,829,833,0,1,0
366,350,175,0,1,0
367,416,606,0,1,0
368,205,405,0,1,0
369,176,446,1,0,1
370,644,864,0,1,0
371,5,886,1,0,0
372,737,604,1,0,1
373,374,952,0,1,0
374,866,906,0,1,0
375,495,171,0,1,0
376,217,802,0,1,0
377,493,849,0,1,0
378,492,667,1,0,0
379,120,790,1,0,0
380,818,380,0,1,0
381,847,680,1,0,1
382,718,420,0,1,0
383,462,10,1,0,0
384,827,151,1,0,0
385,438,4,1,0,1
386,899,752,0,1,0
387,308,119,1,0,0
388,751,4,0,1,0
389,378,151,1,0,1
390,2,21,0,1,0
391,93,895,1,0,0
392,204,78,0,1,0
393,267,839,0,1,0
394,750,545,0,1,0
395,257,5,1,0,0
396,73,527,0,1,0
397,8,827,0,1,0
398,230,146,0,1,0
399,670,92,1,0,0
400,530,440,1,0,0
401,737,538,0,0,1
402,348,494,0,1,0
403,319,99,0,1,0
404,177,570,0,1,0
405,905,155,1,0,0
406,759,452,0,1,0
407,308,492,0,1,0
408,2,755,1,0,0
409,581,88,0,1,0
410,300,668,1,0,1
411,447,10,1,0,1
412,534,322,1,1,0
413,733,785,0,1,0
414,237,811,0,1,0
415,512,229,1,0,1
416,143,531,0,1,0
417,536,891,0,1,0
418,290,843,0,1,0
419,411,261,0,1,0
420,714,524,0,1,0
421,888,744,0,1,0
422,78,730,1,0,1
423,300,95,1,0,1
424,169,339,0,1,0
425,151,382,0,1,0
426,60,808,0,1,0
427,359,558,1,0,1
428,980,6,1,0,0
429,555,963,0,1,0
430,346,137,0,1,0
431,559,697,0,1,0
432,890,271,0,1,0
433,822,469,1,1,0
434,387,814,1,0,0
435,815,389,0,1,0
436,488,10,1,0,0
437,815,626,0,1,0
438,506,594,1,0,0
439,866,190,1,0,0
440,291,70,0,1,0
441,751,563,1,0,1
442,421,474,1,0,0
443,242,262,0,1,0
444,134,209,1,1,0
445,261,463,0,1,0
446,834,688,0,1,0
447,424,916,0,1,0
448,678,89,1,0,0
449,99,251,1,0,0
450,888,302,0,1,0
451,301,6,0,1,0
452,960,121,1,0,1
453,197,686,1,0,0
454,596,673,1,1,0
455,603,265,0,1,0
456,990,900,1,0,0
457,643,379,0,1,0
458,339,786,0,1,0
459,10,840,1,0,0
460,978,7,1,0,0
461,414,438,1,1,0
462,590,554,1,0,1
463,804,510,1,1,0
464,556,828,0,1,0
465,832,520,0,1,0
466,277,160,1,1,0
467,457,404,1,0,0
468,27,5,1,0,1
469,718,402,0,1,0
470,689,0,0,1,0
471,0,530,0,1,0
472,854,2,1,0,0
473,2,564,1,0,1
474,250,94,0,0,1
475,336,7,1,0,1
476,365,363,0,1,0
477,485,483,1,0,0
478,377,886,1,0,1
479,786,238,1,0,0
480,839,455,0,1,0
481,266,248,1,0,1
482,247,804,1,0,1
483,542,929,0,1,0
484,915,748,0,1,0
485,634,618,0,1,0
486,338,472,0,1,0
487,137,609,0,0,1
488,350,815,1,0,0
489,595,355,1,0,1
490,895,818,1,0,1
491,369,320,0,1,0
492,990,15,1,0,0
493,773,114,0,1,0
494,560,269,0,1,0
495,121,582,0,1,0
496,144,123,1,1,0
497,605,453,0,1,0
498,124,745,1,0,0
499,911,260,1,0,1
500,320,227,1,0,1
501,124,939,1,0,0
502,567,5,0,1,0
503,754,4,0,1,0
504,249,350,1,1,0
505,660,454,1,0,1
506,713,707,1,0,1
507,613,363,0,1,0
508,359,97,0,1,0
509,105,635,0,1,0
510,553,8,1,0,1
511,867,563,0,1,0
512,893,206,1,0,0
513,93,665,1,0,1
514,667,165,0,1,0
515,95,85,0,1,0
516,823,369,0,1,0
517,615,142,0,1,0
518,649,245,0,1,0
519,406,90,0,1,0
520,721,665,0,1,0
521,898,94,0,1,0
522,295,596,1,0,1
523,483,715,1,0,0
524,825,852,0,1,0
525,590,416,1,1,0
526,0,37,0,1,0
527,437,412,1,1,0
528,754,9,0,1,0
529,327,567,1,0,1
530,906,572,1,0,1
531,481,705,1,0,0
532,114,911,0,1,0
533,86,204,0,1,0
534,840,426,0,1,0
535,213,893,0,1,0
536,873,663,0,1,0
537,364,558,0,1,0
538,415,154,0,1,0
539,575,355,1,0,1
540,541,692,0,1,0
541,525,689,1,0,0
542,669,485,0,1,0
543,1,46,0,1,0
544,324,291,1,0,0
545,52,3,1,0,0
546,118,427,0,1,0
547,428,402,1,1,0
548,54,723,1,0,0
549,600,562,0,1,0
550,774,377,0,1,0
551,269,962,1,0,0
552,902,314,1,0,1
553,415,860,1,0,0
554,511,748,1,0,0
555,153,883,0,1,0
556,342,584,0,1,0
557,299,1,0,1,0
558,854,583,1,0,1
559,747,533,0,1,0
560,772,643,0,1,0
561,723,741,0,1,0
562,864,611,0,1,0
563,435,990,0,1,0
564,2,142,1,0,1
565,203,710,1,0,0
566,185,77,0,1,0
567,247,360,1,1,0
568,753,104,0,1,0
569,155,956,0,1,0
570,805,631,1,0,1
571,290,617,1,1,0
572,544,287,0,1,0
573,238,542,1,0,1
574,901,480,0,1,0
575,491,172,0,1,0
576,44,899,1,0,0
577,343,858,1,1,0
578,154,182,0,1,0
579,757,152,0,1,0
580,214,811,1,0,0
581,0,370,1,0,0
582,354,310,0,1,0
583,508,921,0,1,0
584,292,212,1,0,1
585,137,567,0,1,0
586,794,356,0,1,0
587,801,6,0,1,0
588,251,543,0,1,0
589,542,779,0,1,0
590,470,317,0,1,0
591,798,349,1,1,0
592,847,868,0,1,0
593,273,694,0,1,0
594,755,586,0,1,0
595,534,902,1,0,1
596,324,836,0,1,0
597,748,581,0,1,0
598,138,304,0,1,0
599,110,386,0,1,0
600,929,266,0,1,0
601,728,771,0,1,0
602,762,479,0,1,0
603,6,429,0,1,0
604,545,72,0,1,0
605,391,407,0,1,0
606,811,2,1,0,1
607,141,317,0,1,0
608,567,657,1,0,0
609,328,380,0,1,0
610,768,926,0,1,0
611,414,258,0,1,0
612,304,861,0,1,0
613,88,533,0,1,0
614,612,738,1,0,1
615,507,0,0,1,0
616,921,780,1,0,0
617,728,606,0,1,0
618,473,205,0,1,0
619,666,212,0,1,0
620,8,76,0,1,0
621,525,319,0,1,0
622,539,6,0,1,0
623,152,339,0,1,0
624,727,367,1,0,1
625,282,504,1,1,0
626,7,20,0,1,0
627,174,339,0,1,0
628,833,5,1,0,0
629,651,670,0,1,0
630,764,478,0,1,0
631,893,948,1,0,0
632,990,792,1,0,0
633,205,294,0,1,0
634,876,294,0,1,0
635,500,881,0,1,0
636,800,864,0,1,0
637,152,473,0,1,0
638,371,536,1,0,0
639,642,364,1,0,1
640,148,720,1,1,0
641,5,586,0,1,0
642,3,967,0,1,0
643,934,575,0,1,0
644,460,260,0,1,0
645,105,184,0,1,0
646,588,227,0,1,0
647,6,644,0,1,0
648,68,304,0,1,0
649,723,408,0,1,0
650,954,990,1,1,0
651,796,330,0,1,0
652,251,420,0,1,0
653,219,7,1,0,0
654,5,824,0,1,0
655,508,5,0,1,0
656,414,398,0,1,0
657,620,206,0,1,0
658,297,704,0,1,0
659,266,57,1,0,1
660,280,124,1,0,1
661,342,597,1,0,1
662,318,70,1,0,0
663,730,421,0,1,0
664,96,634,0,1,0
665,235,538,0,1,0
666,99,414,0,1,0
667,572,143,0,1,0
668,936,645,0,1,0
669,921,3,1,0,0
670,213,349,0,1,0
671,816,703,0,1,0
672,872,674,0,1,0
673,815,301,1,0,1
674,663,295,0,1,0
675,611,579,1,0,0
676,831,863,1,1,0
677,856,924,0,1,0
678,460,399,1,0,0
679,6,147,0,1,0
680,561,487,1,0,0
681,489,5,1,0,0
682,190,734,1,0,0
683,37,591,0,1,0
684,183,65,0,1,0
685,379,154,1,0,1
686,894,114,0,1,0
687,805,526,1,0,1
688,556,791,0,1,0
689,807,721,1,0,1
690,634,584,1,0,0
691,283,752,0,1,0
692,826,752,0,1,0
693,499,894,0,1,0
694,727,266,1,0,0
695,638,405,0,1,0
696,757,384,1,0,1
697,553,336,0,1,0
698,192,448,1,0,1
699,143,705,1,1,0
700,768,304,1,1,0
701,86,915,1,0,0
702,520,419,0,1,0
703,397,0,1,0,0
704,283,840,0,1,0
705,2,645,0,1,0
706,571,951,1,0,1
707,508,667,1,0,0
708,863,265,0,1,0
709,536,10,0,1,0
710,705,181,0,1,0
711,434,592,1,0,0
712,7,579,0,1,0
713,890,824,0,1,0
714,869,415,0,1,0
715,582,2,0,1,0
716,55,822,1,1,0
717,770,709,1,0,1
718,398,389,1,0,1
719,629,893,0,1,0
720,399,417,0,1,0
721,819,99,1,0,0
722,987,151,1,0,0
723,890,916,0,1,0
724,105,837,0,1,0
725,539,207,0,1,0
726,337,492,0,1,0
727,2,951,1,0,0
728,481,792,0,0,1
729,0,523,0,1,0
730,203,220,1,1,0
731,153,717,0,1,0
732,515,828,1,0,1
733,423,134,1,0,1
734,9,268,0,1,0
735,205,577,0,1,0
736,524,477,1,0,0
737,199,5,1,0,0
738,82,823,1,0,0
739,137,721,0,1,0
740,79,128,0,1,0
741,937,0,1,1,0
742,732,821,0,1,0
743,342,616,0,1,0
744,844,609,0,1,0
745,472,851,1,0,1
746,185,320,1,0,1
747,6,520,1,0,1
748,491,668,1,0,0
749,932,142,1,0,0
750,990,874,1,0,0
751,927,101,1,1,0
752,304,457,1,0,1
753,0,945,1,0,0
754,521,252,0,1,0
755,491,519,1,0,0
756,869,521,0,1,0
757,899,807,0,1,0
758,485,803,0,1,0
759,8,160,1,0,1
760,617,220,0,1,0
761,555,970,0,1,0
762,649,528,0,1,0
763,802,517,0,1,0
764,334,9,0,1,0
765,385,746,1,0,1
766,708,454,0,1,0
767,265,727,1,1,0
768,946,8,1,1,0
769,351,10,1,0,0
770,363,163,1,0,1
771,326,491,0,1,0
772,839,694,0,1,0
773,867,601,0,1,0
774,866,513,0,1,0
775,595,710,0,1,0
776,853,337,1,0,1
777,171,107,0,1,0
778,927,654,0,1,0
779,118,1,1,0,0
780,226,822,0,1,0
781,653,555,0,1,0
782,381,109,0,1,0
783,204,260,1,1,0
784,242,985,1,0,1
785,741,72,1,0,1
786,901,131,1,1,0
787,591,864,0,1,0
788,10,911,1,0,0
789,76,918,1,0,0
790,539,106,0,1,0
791,199,648,0,1,0
792,6,983,1,0,0
793,1,688,0,1,0
794,221,563,0,1,0
795,918,710,1,0,1
796,416,709,1,0,0
797,942,265,0,1,0
798,894,531,0,1,0
799,869,492,0,1,0
800,474,515,1,0,0
801,265,189,1,1,0
802,402,306,0,1,0
803,264,181,0,1,0
804,501,3,0,1,0
805,775,230,1,0,0
806,911,401,0,1,0
807,394,117,1,0,1
808,807,627,0,1,0
809,6,242,0,1,0
810,843,691,0,1,0
811,671,415,0,1,0
812,860,632,0,1,0
813,175,627,1,0,1
814,823,10,0,1,0
815,523,360,0,1,0
816,521,156,0,1,0
817,388,840,1,0,0
818,704,567,1,0,1
819,797,922,0,1,0
820,144,698,0,1,0
821,529,104,0,1,0
822,277,658,0,1,0
823,990,839,0,1,0
824,41,720,1,0,0
825,538,790,0,1,0
826,399,9,1,0,0
827,617,905,0,1,0
828,610,970,0,1,0
829,722,487,0,1,0
830,594,680,1,1,0
831,578,609,1,0,0
832,237,431,0,1,0
833,161,1,0,1,0
834,10,194,1,0,0
835,769,515,0,1,0
836,439,302,1,0,1
837,915,773,1,0,0
838,43,407,1,0,1
839,953,970,1,0,0
840,223,555,0,1,0
841,395,702,1,0,0
842,285,973,0,1,0
843,580,585,1,0,0
844,141,353,1,0,1
845,697,183,0,1,0
846,449,266,0,1,0
847,197,652,1,1,0
848,881,836,0,1,0
849,974,839,0,1,0
850,593,5,0,1,0
851,400,616,1,1,0
852,298,824,1,0,1
853,161,704,0,1,0
854,481,175,0,1,0
855,214,425,0,1,0
856,416,871,0,1,0
857,317,779,1,0,0
858,374,438,1,1,0
859,945,133,0,1,0
860,410,880,0,1,0
861,790,925,0,1,0
862,8,280,0,1,0
863,773,55,1,0,0
864,186,333,0,1,0
865,287,546,1,0,1
866,88,221,1,1,0
867,84,215,0,1,0
868,696,702,0,1,0
869,653,421,0,1,0
870,682,840,1,0,1
871,343,722,0,1,0
872,76,229,1,0,0
873,903,510,0,1,0
874,692,385,0,1,0
875,906,924,0,1,0
876,938,729,0,1,0
877,227,281,0,1,0
878,955,548,0,1,0
879,582,736,1,1,0
880,374,942,0,1,0
881,478,505,1,0,0
882,8,31,1,0,1
883,854,323,0,1,0
884,2,672,0,1,0
885,556,878,0,1,0
886,492,164,0,1,0
887,351,721,0,1,0
888,561,211,0,1,0
889,158,50,1,0,1
890,585,676,0,1,0
891,492,293,0,1,0
892,949,681,1,0,1
893,25,844,1,0,0
894,538,970,1,1,0
895,93,8,1,0,0
896,840,295,0,1,0
897,765,225,1,0,0
898,320,233,0,1,0
899,100,963,1,0,0
900,496,353,1,1,0
901,587,1,0,1,0
902,272,741,1,0,1
903,622,665,0,1,0
904,956,699,0,1,0
905,630,497,0,1,0
906,8,112,1,0,0
907,256,771,1,0,1
908,181,604,0,1,0
909,72,934,1,0,0
910,990,389,1,0,1
911,213,279,0,1,0
912,576,690,0,1,0
913,612,723,0,1,0
914,544,213,0,1,0
915,614,377,0,1,0
916,810,979,0,1,0
917,384,869,1,0,1
918,7,403,1,0,0
919,521,377,1,1,0
920,584,621,1,0,0
921,324,822,1,0,1
922,611,798,0,1,0
923,659,448,1,0,1
924,575,149,1,0,0
925,419,857,0,1,0
926,975,665,0,1,0
927,217,10,1,0,0
928,695,532,0,1,0
929,867,493,1,0,1
930,418,10,1,0,0
931,927,649,0,1,0
932,165,86,0,1,0
933,494,551,1,0,0
934,940,974,0,1,0
935,144,73,1,0,1
936,778,5,0,1,0
937,680,309,1,0,0
938,457,457,1,0,0
939,397,530,1,0,0
940,382,890,0,1,0
941,94,300,0,1,0
942,722,224,1,0,1
943,710,163,0,1,0
944,904,17,1,0,0
945,187,390,1,0,1
946,504,865,0,1,0
947,645,843,0,1,0
948,7,908,1,0,0
949,936,491,0,1,0
950,374,593,1,0,1
951,231,593,0,1,0
952,428,7,0,1,0
953,475,665,1,0,0
954,620,538,0,1,0
955,180,0,0,1,0
956,336,209,0,1,0
957,409,221,1,0,0
958,414,267,0,1,0
959,770,659,0,1,0
960,620,958,0,1,0
961,234,670,0,1,0
962,731,990,1,0,1
963,273,357,0,1,0
964,61,6,1,0,0
965,330,143,0,1,0
966,509,252,1,0,1
967,7,793,0,1,0
968,262,296,0,0,1
969,70,24,0,1,0
970,0,673,0,1,0
971,484,590,1,0,0
972,497,163,0,1,0
973,753,795,0,1,0
974,6,719,1,0,0
975,362,435,0,1,0
976,816,677,1,0,1
977,302,659,0,1,0
978,518,148,0,1,0
979,261,787,0,1,0
980,717,390,0,1,0
981,628,900,0,1,0
982,459,223,0,1,0
983,453,490,1,0,0
984,227,438,0,1,0
985,427,313,0,1,0
986,586,978,0,1,0
987,721,9,1,0,1
988,514,287,0,1,0
989,119,690,0,1,0
990,66,574,1,0,1
991,674,138,0,1,0
992,224,70,0,1,0
993,9,24,0,1,0
994,182,178,0,1,0
995,707,869,0,1,0
996,625,624,1,1,0
997,102,98,1,0,1
998,728,609,0,1,0
999,704,545,0,1,0
