Index,x,y,alive,infected,immune
0,797,314,0,1,0
1,31,623,1,0,1
2,961,230,0,0,1
3,544,833,1,0,1
4,864,739,0,1,0
5,460,131,0,1,0
6,464,57,0,1,0
7,4,559,0,1,0
8,298,788,1,0,1
9,865,597,0,1,0
10,438,118,0,1,0
11,653,169,0,1,0
12,537,977,0,1,0
13,72,303,0,1,0
14,832,286,0,1,0
15,84,799,0,1,0
16,516,307,1,0,1
17,780,611,0,1,0
18,962,199,0,1,0
19,602,852,0,1,0
20,952,595,0,1,0
21,326,376,0,1,0
22,454,796,0,1,0
23,247,76,1,0,1
24,222,401,0,1,0
25,8,153,0,1,0
26,795,0,0,1,0
27,666,463,0,1,0
28,116,142,0,1,0
29,508,901,0,1,0
30,694,718,0,1,0
31,561,7,0,1,0
32,763,871,1,0,1
33,966,359,1,0,1
34,253,874,0,1,0
35,281,0,0,1,0
36,629,8,1,0,1
37,899,710,0,1,0
38,32,577,0,1,0
39,418,739,0,1,0
40,160,41,0,1,0
41,684,505,1,0,1
42,506,163,1,0,1
43,139,413,0,1,0
44,432,260,0,1,0
45,200,149,0,1,0
46,551,886,1,0,1
47,752,613,0,1,0
48,725,320,0,1,0
49,413,143,0,1,0
50,501,904,0,1,0
51,907,693,0,1,0
52,121,404,0,1,0
53,132,388,0,1,0
54,279,877,0,1,0
55,567,337,0,0,1
56,708,187,0,1,0
57,526,262,0,1,0
58,165,380,0,1,0
59,990,407,0,1,0
60,246,555,0,1,0
61,594,3,0,1,0
62,340,951,0,1,0
63,184,430,0,1,0
64,9,962,0,1,0
65,5,349,1,0,1
66,63,834,0,1,0
67,813,804,0,1,0
68,627,711,0,1,0
69,702,941,0,1,0
70,577,804,0,1,0
71,741,34,0,1,0
72,575,829,0,1,0
73,620,722,0,1,0
74,335,6,0,1,0
75,990,163,1,0,1
76,160,351,0,1,0
77,422,239,1,0,1
78,371,731,1,0,1
79,919,95,0,1,0
80,100,497,0,1,0
81,838,837,0,1,0
82,171,158,0,1,0
83,233,901,0,1,0
84,379,551,0,1,0
85,206,355,0,1,0
86,357,686,1,0,1
87,844,611,0,1,0
88,559,157,0,1,0
89,633,932,0,1,0
90,302,206,0,1,0
91,236,506,0,1,0
92,267,464,0,1,0
93,501,911,0,1,0
94,670,460,0,1,0
95,222,948,0,1,0
96,721,937,0,1,0
97,595,496,0,1,0
98,99,64,0,1,0
99,662,159,0,1,0
100,215,289,0,1,0
101,820,411,1,0,0
102,696,868,1,0,1
103,1,33,0,0,1
104,668,483,1,0,1
105,582,601,1,0,0
106,860,244,1,0,0
107,615,224,0,1,0
108,893,417,0,1,0
109,827,612,0,0,1
110,341,854,1,0,0
111,8,776,0,1,0
112,763,486,1,1,0
113,866,367,0,1,0
114,575,363,0,1,0
115,906,537,0,1,0
116,122,981,1,0,0
117,689,835,0,1,0
118,413,4,1,0,0
119,173,750,1,0,0
120,662,516,1,0,1
121,868,509,0,1,0
122,7,481,1,0,0
123,669,98,1,0,0
124,301,327,1,0,0
125,828,622,1,0,1
126,808,0,0,1,0
127,649,801,1,1,0
128,203,763,1,0,0
129,531,7,0,1,0
130,429,794,1,0,0
131,8,180,1,0,0
132,930,254,0,1,0
133,27,274,0,1,0
134,656,572,0,1,0
135,347,412,1,1,0
136,200,277,0,1,0
137,576,582,1,0,0
138,645,720,1,0,1
139,612,175,1,0,1
140,4,421,0,1,0
141,620,682,1,1,0
142,503,380,1,0,0
143,790,102,0,1,0
144,408,680,1,0,0
145,193,40,0,1,0
146,526,545,1,0,0
147,438,684,1,0,0
148,715,352,0,1,0
149,290,172,0,1,0
150,118,223,1,0,1
151,674,412,0,1,0
152,373,417,1,1,0
153,344,369,0,1,0
154,0,901,1,0,0
155,104,151,0,1,0
156,584,560,1,0,0
157,189,277,0,1,0
158,378,723,1,0,0
159,839,594,0,1,0
160,807,713,0,1,0
161,138,574,0,1,0
162,754,786,1,0,0
163,619,187,0,1,0
164,64,549,0,1,0
165,541,815,0,1,0
166,896,270,1,1,0
167,262,234,0,1,0
168,238,7,1,0,0
169,868,934,1,0,0
170,523,705,1,0,0
171,919,535,0,1,0
172,124,234,1,0,0
173,8,926,1,0,0
174,89,902,1,0,0
175,46,78,1,0,0
176,597,400,0,1,0
177,380,432,0,1,0
178,389,631,1,1,0
179,709,6,0,1,0
180,520,86,0,1,0
181,975,598,0,1,0
182,431,913,0,1,0
183,808,241,1,0,0
184,294,319,1,0,0
185,539,47,1,0,0
186,815,346,1,0,1
187,693,462,0,1,0
188,433,965,1,0,0
189,851,79,1,0,0
190,947,544,1,1,0
191,958,975,1,0,0
192,947,237,0,1,0
193,484,250,0,1,0
194,989,541,0,1,0
195,525,299,0,1,0
196,3,676,1,0,1
197,969,939,1,0,0
198,812,935,0,1,0
199,824,589,0,1,0
200,515,581,1,0,0
201,166,790,1,0,0
202,272,839,0,1,0
203,947,9,1,0,0
204,41,750,1,0,0
205,667,934,0,1,0
206,230,314,1,0,0
207,779,315,0,1,0
208,245,582,1,1,0
209,764,113,1,1,0
210,233,990,1,0,0
211,732,778,1,0,0
212,86,620,0,1,0
213,596,803,0,1,0
214,990,506,1,0,0
215,540,765,1,0,0
216,297,60,0,1,0
217,371,257,0,1,0
218,610,421,0,1,0
219,309,10,1,1,0
220,3,785,1,1,0
221,768,143,0,1,0
222,9,550,1,1,0
223,371,149,0,1,0
224,286,429,0,1,0
225,645,651,1,1,0
226,391,558,1,0,0
227,529,683,1,0,0
228,938,719,0,1,0
229,444,374,1,0,0
230,253,176,0,1,0
231,949,163,1,0,0
232,815,148,1,0,0
233,254,758,1,0,0
234,388,633,0,1,0
235,628,504,0,1,0
236,330,880,1,0,0
237,308,7,1,1,0
238,499,402,1,0,0
239,247,897,0,1,0
240,249,77,0,0,1
241,285,863,0,1,0
242,320,241,0,1,0
243,188,314,1,0,1
244,261,882,0,1,0
245,834,607,1,0,1
246,715,138,1,1,0
247,544,876,0,1,0
248,321,6,0,1,0
249,662,811,0,1,0
250,851,571,0,1,0
251,882,689,1,0,1
252,717,671,0,1,0
253,604,61,1,0,0
254,135,245,1,0,0
255,93,473,0,1,0
256,644,387,1,0,0
257,708,582,0,1,0
258,559,578,1,0,0
259,758,829,1,1,0
260,854,500,0,1,0
261,509,562,1,0,0
262,9,515,0,1,0
263,930,632,0,1,0
264,113,612,0,1,0
265,170,352,0,1,0
266,96,885,1,0,0
267,295,59,1,1,0
268,755,132,0,1,0
269,892,6,1,0,0
270,826,664,1,1,0
271,740,232,1,0,0
272,843,960,1,0,1
273,521,705,1,0,0
274,146,442,1,0,1
275,165,936,0,1,0
276,468,51,0,0,1
277,622,656,1,0,0
278,514,512,1,0,0
279,384,2,1,0,0
280,260,242,1,1,0
281,150,724,1,0,0
282,506,687,1,0,0
283,978,892,1,0,0
284,794,708,1,1,0
285,821,1,1,0,0
286,877,950,1,0,1
287,2,39,0,1,0
288,7,695,1,0,0
289,197,745,1,0,0
290,539,361,0,1,0
291,868,117,1,1,0
292,54,853,1,0,0
293,3,244,1,0,0
294,25,872,1,0,0
295,241,682,1,1,0
296,211,710,1,0,0
297,360,147,0,1,0
298,722,739,0,1,0
299,99,282,1,1,0
300,460,743,1,0,1
301,677,569,1,0,1
302,110,178,0,0,1
303,0,498,0,1,0
304,570,268,0,1,0
305,942,1,1,0,0
306,719,116,0,1,0
307,608,263,1,0,1
308,838,10,1,0,0
309,486,282,1,0,1
310,899,322,0,1,0
311,743,477,0,1,0
312,210,773,0,1,0
313,352,8,1,0,0
314,8,244,1,0,0
315,857,716,0,1,0
316,9,790,0,1,0
317,773,747,0,0,1
318,567,710,1,0,0
319,61,990,1,0,0
320,650,852,1,0,0
321,820,611,1,0,1
322,805,739,0,1,0
323,777,619,1,0,1
324,6,503,0,1,0
325,606,822,0,1,0
326,368,82,1,1,0
327,842,485,1,1,0
328,120,472,1,1,0
329,162,477,0,1,0
330,659,803,1,1,0
331,1,150,0,1,0
332,713,919,0,1,0
333,215,900,0,1,0
334,266,430,0,1,0
335,807,702,0,1,0
336,823,304,0,1,0
337,442,109,0,1,0
338,758,0,0,1,0
339,6,707,1,0,0
340,901,638,0,1,0
341,794,688,0,1,0
342,478,669,1,0,0
343,557,0,0,1,0
344,980,954,1,0,0
345,478,580,1,0,0
346,237,273,1,1,0
347,334,480,0,1,0
348,305,428,0,1,0
349,802,164,1,0,0
350,110,808,1,1,0
351,523,277,1,0,1
352,400,859,1,1,0
353,822,750,1,1,0
354,913,899,0,1,0
355,70,750,1,1,0
356,126,691,1,1,0
357,101,440,0,1,0
358,537,625,1,0,0
359,610,941,0,1,0
360,341,390,0,1,0
361,0,816,1,0,0
362,713,1,0,1,0
363,675,343,1,1,0
364,845,888,0,1,0
365,842,873,0,1,0
366,335,143,0,1,0
367,426,661,1,0,0
368,208,413,0,1,0
369,144,477,1,0,1
370,668,862,0,1,0
371,4,886,1,0,0
372,728,572,1,0,1
373,364,949,0,1,0
374,867,855,0,1,0
375,482,162,0,1,0
376,199,804,1,0,0
377,467,841,0,1,0
378,486,666,1,0,0
379,121,778,1,0,0
380,773,368,0,1,0
381,834,687,1,0,1
382,743,393,0,1,0
383,462,10,1,0,0
384,839,176,1,0,0
385,438,4,1,0,1
386,882,762,0,1,0
387,287,130,1,0,0
388,751,7,0,1,0
389,385,137,1,0,1
390,6,21,0,1,0
391,75,900,1,0,0
392,196,107,0,1,0
393,258,852,0,1,0
394,758,541,0,1,0
395,257,8,1,0,0
396,99,506,1,1,0
397,953,817,1,0,0
398,194,150,0,1,0
399,665,81,1,0,0
400,515,397,1,0,0
401,730,571,0,0,1
402,296,454,0,1,0
403,314,61,0,1,0
404,260,580,1,0,0
405,894,173,1,0,0
406,770,468,1,1,0
407,330,499,0,1,0
408,9,755,1,0,0
409,605,110,1,0,0
410,276,677,1,0,1
411,447,10,1,0,1
412,514,334,1,0,0
413,727,844,0,1,0
414,254,800,0,1,0
415,491,193,1,1,0
416,138,547,0,1,0
417,501,898,0,1,0
418,304,855,0,1,0
419,383,324,0,1,0
420,717,485,1,1,0
421,861,761,0,1,0
422,59,710,1,0,1
423,362,97,1,1,0
424,141,339,0,1,0
425,152,366,0,1,0
426,41,807,0,1,0
427,352,593,1,1,0
428,980,0,1,0,0
429,575,977,0,1,0
430,346,106,1,0,0
431,591,704,1,1,0
432,880,294,1,0,0
433,852,489,1,1,0
434,399,796,1,0,0
435,842,387,1,0,0
436,488,10,1,0,0
437,835,632,0,1,0
438,513,588,1,0,0
439,870,204,1,0,0
440,297,68,0,1,0
441,760,542,1,0,1
442,417,499,1,0,0
443,232,326,1,0,0
444,192,202,1,0,0
445,261,457,0,1,0
446,799,675,0,1,0
447,412,939,0,1,0
448,710,117,1,0,0
449,98,259,1,0,0
450,887,319,1,1,0
451,301,4,0,1,0
452,973,120,1,1,0
453,218,718,1,0,0
454,560,691,1,0,0
455,597,288,0,1,0
456,990,900,1,0,0
457,622,358,0,1,0
458,344,776,0,1,0
459,10,840,1,0,0
460,978,6,1,0,0
461,410,444,1,0,0
462,607,563,1,0,1
463,831,445,1,0,0
464,574,840,0,1,0
465,832,549,0,1,0
466,314,165,1,0,0
467,493,416,1,0,0
468,27,6,1,0,1
469,679,377,0,1,0
470,689,1,0,1,0
471,20,528,0,1,0
472,854,3,1,0,0
473,4,564,1,1,0
474,260,95,0,0,1
475,336,0,1,0,1
476,358,360,1,1,0
477,486,505,1,0,0
478,384,889,1,0,1
479,807,249,1,0,0
480,848,429,1,0,0
481,294,254,1,0,1
482,233,849,1,0,1
483,506,887,0,1,0
484,942,733,0,1,0
485,630,625,0,1,0
486,326,459,0,1,0
487,130,643,1,1,0
488,362,799,1,0,0
489,590,333,1,0,1
490,908,849,1,0,1
491,400,310,0,1,0
492,990,15,1,0,0
493,754,94,1,1,0
494,555,259,0,1,0
495,136,612,0,1,0
496,100,99,1,0,0
497,608,482,0,1,0
498,164,744,1,0,0
499,921,261,1,0,1
500,315,217,1,1,0
501,111,960,1,0,0
502,567,3,0,1,0
503,754,9,0,1,0
504,251,347,1,0,0
505,650,479,1,0,1
506,730,709,1,0,1
507,613,336,0,1,0
508,425,80,0,1,0
509,83,622,0,1,0
510,553,5,1,0,1
511,862,543,0,1,0
512,901,210,1,0,0
513,100,692,1,1,0
514,638,189,0,1,0
515,114,96,0,1,0
516,827,432,1,0,0
517,597,132,0,1,0
518,627,264,0,1,0
519,420,104,0,1,0
520,759,646,0,1,0
521,896,135,1,1,0
522,301,602,1,1,0
523,461,702,1,0,0
524,838,869,0,1,0
525,565,375,1,0,0
526,1,37,0,1,0
527,420,398,1,0,0
528,754,3,0,1,0
529,337,541,1,0,1
530,928,597,1,0,1
531,477,723,1,0,0
532,112,893,0,1,0
533,108,183,0,1,0
534,836,474,1,0,0
535,219,894,0,1,0
536,847,664,0,1,0
537,403,587,1,0,0
538,400,104,0,1,0
539,573,342,1,1,0
540,510,650,1,0,0
541,553,678,1,0,0
542,669,486,1,1,0
543,993,46,1,0,0
544,352,268,1,0,0
545,52,3,1,0,0
546,121,380,0,1,0
547,453,455,1,0,0
548,81,737,1,0,0
549,606,541,0,1,0
550,811,402,0,1,0
551,235,964,1,0,0
552,893,304,1,0,1
553,386,833,1,0,0
554,471,707,1,0,0
555,185,864,0,1,0
556,358,654,0,1,0
557,307,978,0,1,0
558,824,594,1,0,1
559,727,492,0,1,0
560,736,647,1,0,0
561,683,705,0,1,0
562,879,612,0,1,0
563,397,944,0,1,0
564,7,142,1,0,1
565,228,695,1,0,0
566,220,99,0,1,0
567,249,348,1,0,0
568,767,118,0,1,0
569,156,941,1,0,0
570,798,636,1,0,1
571,275,623,1,0,0
572,539,271,0,1,0
573,239,614,1,1,0
574,900,474,1,0,0
575,526,179,0,1,0
576,102,885,1,0,0
577,329,841,1,0,0
578,176,186,1,1,0
579,753,130,0,1,0
580,189,791,1,0,0
581,0,370,1,0,0
582,370,318,1,0,0
583,519,920,0,1,0
584,269,203,1,0,1
585,167,553,1,0,0
586,799,301,1,1,0
587,801,7,0,1,0
588,202,516,1,0,0
589,570,743,1,0,0
590,527,343,0,1,0
591,798,392,1,0,0
592,834,886,0,1,0
593,258,687,0,1,0
594,750,597,0,1,0
595,549,908,1,0,1
596,315,832,0,1,0
597,754,525,0,1,0
598,141,259,1,0,0
599,114,443,0,1,0
600,909,258,0,1,0
601,748,773,0,1,0
602,743,511,0,1,0
603,6,429,0,1,0
604,562,80,0,1,0
605,373,418,0,1,0
606,811,0,1,1,0
607,133,315,0,1,0
608,562,641,1,0,0
609,306,348,1,0,0
610,778,900,1,0,0
611,411,222,1,0,0
612,248,861,0,1,0
613,72,542,0,1,0
614,644,792,1,1,0
615,507,4,0,1,0
616,959,763,1,0,0
617,708,601,0,1,0
618,474,227,0,1,0
619,693,217,0,1,0
620,934,83,0,1,0
621,495,340,1,0,0
622,539,4,0,1,0
623,182,316,1,1,0
624,709,342,1,0,1
625,282,505,1,0,0
626,0,20,0,1,0
627,128,319,0,1,0
628,833,3,1,0,0
629,668,733,0,1,0
630,753,498,0,1,0
631,914,976,1,0,0
632,971,808,1,0,0
633,211,295,0,1,0
634,892,281,0,1,0
635,493,905,0,1,0
636,814,864,0,1,0
637,124,438,0,1,0
638,364,512,1,0,0
639,621,349,1,0,1
640,119,757,1,0,0
641,984,583,0,1,0
642,0,967,0,1,0
643,880,605,0,1,0
644,436,285,0,1,0
645,83,206,0,1,0
646,573,271,1,1,0
647,8,644,0,1,0
648,73,329,0,1,0
649,705,435,0,1,0
650,954,990,1,0,0
651,811,343,0,1,0
652,220,429,1,1,0
653,219,0,1,0,0
654,0,824,1,0,0
655,508,8,0,1,0
656,459,413,1,0,0
657,587,207,0,1,0
658,285,738,0,1,0
659,219,59,1,1,0
660,303,106,1,0,1
661,340,633,1,1,0
662,347,46,1,0,0
663,729,419,0,1,0
664,82,687,1,0,0
665,226,544,1,1,0
666,111,401,0,1,0
667,615,159,1,1,0
668,889,632,0,1,0
669,921,4,1,0,0
670,198,301,0,1,0
671,774,696,1,0,0
672,905,674,0,1,0
673,816,302,1,0,1
674,680,262,0,1,0
675,603,565,1,0,0
676,832,803,1,0,0
677,883,900,1,1,0
678,451,410,1,0,0
679,3,147,0,1,0
680,547,497,1,0,0
681,489,6,1,0,0
682,193,685,1,0,0
683,70,602,0,1,0
684,208,89,0,1,0
685,371,133,1,0,1
686,897,110,0,1,0
687,830,506,1,0,1
688,584,780,0,1,0
689,797,705,1,1,0
690,607,598,1,0,0
691,285,746,0,1,0
692,797,783,0,1,0
693,534,876,0,1,0
694,763,289,1,0,0
695,614,439,0,1,0
696,803,384,1,0,1
697,594,359,0,1,0
698,214,449,1,0,1
699,170,739,1,0,0
700,711,325,1,0,0
701,60,940,1,0,0
702,550,392,1,0,0
703,397,8,1,0,0
704,335,887,0,1,0
705,9,645,0,1,0
706,546,922,1,0,1
707,489,704,1,0,0
708,855,271,0,1,0
709,536,10,0,1,0
710,671,179,0,1,0
711,438,588,1,0,0
712,2,579,1,0,0
713,884,881,0,1,0
714,851,444,1,0,0
715,582,7,0,1,0
716,80,785,1,0,0
717,784,696,1,1,0
718,365,417,1,1,0
719,617,900,0,1,0
720,359,424,0,1,0
721,817,132,1,0,0
722,939,159,1,0,0
723,899,903,0,1,0
724,81,818,0,1,0
725,542,189,1,1,0
726,370,438,0,1,0
727,7,951,1,0,0
728,446,761,1,1,0
729,4,523,0,1,0
730,149,237,1,0,0
731,130,727,1,0,0
732,522,860,1,0,1
733,392,159,1,0,1
734,9,268,1,0,0
735,264,540,0,1,0
736,514,506,1,0,0
737,199,3,1,0,0
738,59,848,1,0,0
739,139,707,1,1,0
740,67,164,0,1,0
741,937,9,1,0,0
742,721,849,0,1,0
743,308,673,0,1,0
744,871,598,0,1,0
745,426,818,1,0,1
746,160,316,1,1,0
747,8,520,1,0,1
748,474,621,1,0,0
749,917,148,1,0,0
750,990,874,1,0,0
751,902,62,1,0,0
752,321,460,1,0,1
753,9,945,1,0,0
754,540,248,0,1,0
755,490,498,1,0,0
756,875,499,0,1,0
757,880,802,0,1,0
758,494,799,0,1,0
759,9,160,1,0,1
760,625,210,0,1,0
761,542,947,0,1,0
762,660,576,0,1,0
763,873,465,1,0,0
764,334,1,0,1,0
765,438,728,1,1,0
766,734,435,0,1,0
767,204,690,1,0,0
768,946,2,1,0,0
769,351,10,1,0,0
770,368,158,1,0,1
771,322,508,0,1,0
772,847,714,0,1,0
773,865,595,0,1,0
774,862,520,0,1,0
775,598,731,0,1,0
776,849,329,1,1,0
777,196,89,0,1,0
778,930,671,1,0,0
779,118,8,1,0,0
780,233,805,0,1,0
781,667,528,0,1,0
782,358,103,1,1,0
783,183,281,1,1,0
784,303,966,1,1,0
785,771,69,1,0,1
786,883,73,1,0,0
787,611,850,0,1,0
788,10,911,1,0,0
789,76,947,1,0,0
790,563,119,0,1,0
791,205,633,0,1,0
792,9,983,1,0,0
793,12,690,0,1,0
794,247,605,0,1,0
795,941,701,1,0,1
796,446,650,1,0,0
797,910,304,0,1,0
798,868,552,0,1,0
799,843,425,1,0,0
800,497,499,1,0,0
801,256,212,1,0,0
802,362,296,0,1,0
803,261,159,0,1,0
804,501,6,0,1,0
805,756,274,1,0,0
806,921,393,0,1,0
807,424,135,1,0,1
808,780,585,0,1,0
809,966,221,0,1,0
810,844,649,0,1,0
811,656,431,0,1,0
812,873,602,0,1,0
813,221,617,1,1,0
814,823,10,1,0,0
815,541,376,1,0,0
816,533,173,0,1,0
817,364,826,1,0,0
818,701,545,1,0,1
819,863,906,0,1,0
820,137,692,1,1,0
821,536,86,0,1,0
822,295,630,0,1,0
823,966,870,0,1,0
824,79,702,1,0,0
825,581,786,1,1,0
826,399,3,1,0,0
827,618,893,0,1,0
828,591,937,0,1,0
829,742,497,0,1,0
830,559,689,1,0,0
831,578,592,1,0,0
832,238,411,0,1,0
833,161,1,0,1,0
834,10,194,1,0,0
835,780,477,0,1,0
836,456,263,1,0,1
837,933,756,1,0,0
838,68,392,1,0,1
839,929,943,1,0,0
840,223,558,0,1,0
841,380,697,1,0,0
842,290,978,0,1,0
843,507,592,1,0,0
844,149,370,1,0,1
845,685,194,0,1,0
846,436,277,0,1,0
847,213,700,1,0,0
848,867,798,0,1,0
849,938,811,0,1,0
850,593,3,0,1,0
851,387,598,1,0,0
852,255,846,1,0,1
853,130,688,0,1,0
854,475,220,0,1,0
855,261,429,0,1,0
856,420,867,0,1,0
857,294,769,1,0,0
858,408,414,1,0,0
859,957,117,0,1,0
860,400,927,0,1,0
861,784,916,0,1,0
862,1,280,1,0,0
863,759,55,1,0,0
864,182,349,0,1,0
865,248,537,1,0,1
866,78,234,1,0,0
867,53,196,0,1,0
868,719,688,0,1,0
869,605,409,0,1,0
870,662,881,1,1,0
871,304,741,0,1,0
872,122,279,1,0,0
873,918,441,0,1,0
874,713,354,0,1,0
875,937,935,1,0,0
876,929,718,0,1,0
877,255,297,1,0,0
878,940,537,0,1,0
879,589,749,1,0,0
880,356,932,0,1,0
881,503,483,1,0,0
882,7,31,1,0,1
883,854,309,0,1,0
884,9,672,0,1,0
885,548,840,0,1,0
886,491,181,0,1,0
887,354,719,0,1,0
888,569,196,0,1,0
889,162,49,1,0,1
890,590,710,0,1,0
891,472,301,0,1,0
892,942,691,1,0,1
893,40,842,1,0,0
894,495,979,1,0,0
895,93,4,1,0,0
896,879,289,1,0,0
897,739,230,1,0,0
898,340,222,0,1,0
899,93,950,1,0,0
900,506,383,1,0,0
901,587,7,0,1,0
902,294,725,1,0,1
903,683,668,1,0,0
904,914,696,0,1,0
905,662,527,0,1,0
906,9,112,1,0,0
907,247,772,1,1,0
908,173,620,0,1,0
909,103,948,1,0,0
910,990,389,1,0,1
911,228,227,0,1,0
912,604,698,0,1,0
913,608,684,0,1,0
914,548,186,0,1,0
915,588,411,0,1,0
916,797,962,0,1,0
917,384,882,1,1,0
918,2,403,1,0,0
919,518,359,1,0,0
920,586,623,1,0,0
921,341,862,1,0,1
922,581,800,0,1,0
923,664,406,1,0,1
924,596,159,1,0,0
925,419,843,0,1,0
926,971,599,0,1,0
927,217,10,1,0,0
928,648,508,0,1,0
929,858,482,1,1,0
930,418,10,1,0,0
931,921,621,0,1,0
932,173,84,0,1,0
933,530,583,1,0,0
934,923,926,1,1,0
935,175,93,1,0,1
936,778,1,0,1,0
937,686,311,1,0,0
938,466,486,1,0,0
939,419,513,1,0,0
940,394,879,0,1,0
941,95,336,0,1,0
942,707,180,1,0,1
943,686,180,0,1,0
944,881,25,1,0,0
945,191,393,1,1,0
946,513,866,0,1,0
947,627,853,0,1,0
948,0,908,1,0,0
949,932,503,0,1,0
950,375,626,1,1,0
951,247,561,0,1,0
952,428,3,0,1,0
953,522,645,1,0,0
954,588,536,0,1,0
955,180,0,1,1,0
956,322,214,0,1,0
957,396,239,1,0,0
958,441,248,0,1,0
959,781,671,0,1,0
960,630,919,0,1,0
961,220,653,0,1,0
962,731,990,1,0,1
963,244,392,0,1,0
964,61,1,1,0,0
965,352,158,0,1,0
966,514,195,1,1,0
967,7,793,0,1,0
968,247,267,1,1,0
969,151,33,0,1,0
970,9,673,0,1,0
971,452,568,1,0,0
972,513,201,0,1,0
973,736,794,0,1,0
974,2,719,1,0,0
975,398,468,1,0,0
976,811,691,1,0,1
977,329,641,0,1,0
978,537,162,0,1,0
979,247,802,0,1,0
980,755,380,0,1,0
981,609,907,0,1,0
982,482,250,0,1,0
983,433,465,1,0,0
984,254,408,0,1,0
985,420,282,0,1,0
986,603,927,0,1,0
987,721,1,1,1,0
988,490,299,0,1,0
989,127,655,0,1,0
990,68,570,1,0,1
991,627,166,0,1,0
992,243,79,0,1,0
993,9,24,0,1,0
994,186,190,0,1,0
995,698,900,0,1,0
996,593,639,1,0,0
997,102,163,1,0,1
998,707,586,0,1,0
999,702,553,0,1,0
