Index,x,y,alive,infected,immune
0,777,332,0,1,0
1,37,641,1,0,1
2,945,232,0,0,1
3,515,863,1,0,1
4,889,735,0,1,0
5,441,138,0,1,0
6,451,48,0,1,0
7,971,551,0,1,0
8,292,762,1,0,1
9,878,605,0,1,0
10,408,120,0,1,0
11,662,158,0,1,0
12,551,940,0,1,0
13,86,296,0,1,0
14,861,296,0,1,0
15,82,809,0,1,0
16,512,317,1,0,1
17,771,624,0,1,0
18,965,196,0,1,0
19,604,855,0,1,0
20,955,626,0,1,0
21,341,366,0,1,0
22,472,785,0,1,0
23,257,65,1,0,1
24,203,410,0,1,0
25,0,153,0,1,0
26,795,3,0,1,0
27,686,477,0,1,0
28,124,134,0,1,0
29,521,915,0,1,0
30,690,729,0,1,0
31,561,5,0,1,0
32,772,874,1,0,1
33,937,374,1,0,1
34,240,892,0,1,0
35,281,4,0,1,0
36,629,3,1,0,1
37,899,716,0,1,0
38,55,560,0,1,0
39,409,758,0,1,0
40,181,61,0,1,0
41,689,510,1,0,1
42,490,169,1,0,1
43,112,431,0,1,0
44,431,299,0,1,0
45,176,131,0,1,0
46,531,893,1,0,1
47,743,580,0,1,0
48,707,331,0,1,0
49,407,161,0,1,0
50,499,921,0,1,0
51,908,730,0,1,0
52,119,404,0,1,0
53,121,374,0,1,0
54,283,878,0,1,0
55,571,322,0,0,1
56,721,180,0,1,0
57,554,267,0,1,0
58,157,381,0,1,0
59,990,407,0,1,0
60,232,547,0,1,0
61,594,7,0,1,0
62,363,978,0,1,0
63,156,471,0,1,0
64,2,962,0,1,0
65,986,347,1,0,1
66,73,809,0,1,0
67,787,827,0,1,0
68,611,738,0,1,0
69,675,943,0,1,0
70,597,797,0,1,0
71,750,21,0,1,0
72,587,812,0,1,0
73,620,750,0,1,0
74,335,0,0,1,0
75,990,163,1,0,1
76,138,356,0,1,0
77,422,257,1,0,1
78,342,725,1,0,1
79,901,99,0,1,0
80,114,504,0,1,0
81,800,839,0,1,0
82,196,164,0,1,0
83,210,910,0,1,0
84,365,539,0,1,0
85,187,380,0,1,0
86,386,702,1,0,1
87,839,589,0,1,0
88,555,163,0,1,0
89,625,937,0,1,0
90,317,186,0,1,0
91,221,495,0,1,0
92,271,437,0,1,0
93,473,897,0,1,0
94,653,442,0,1,0
95,188,950,0,1,0
96,715,921,0,1,0
97,613,519,0,1,0
98,80,38,0,1,0
99,649,164,0,1,0
100,232,299,1,1,0
101,807,406,1,0,0
102,672,880,1,1,0
103,0,33,0,0,1
104,654,482,1,1,0
105,565,594,1,0,0
106,874,240,1,0,0
107,626,209,0,1,0
108,884,403,0,1,0
109,804,612,1,1,0
110,341,848,1,0,0
111,0,776,0,1,0
112,753,463,1,1,0
113,862,343,0,1,0
114,575,337,0,1,0
115,875,553,0,1,0
116,97,971,1,0,0
117,720,856,0,1,0
118,413,9,1,0,0
119,157,745,1,0,0
120,663,515,1,1,0
121,857,482,0,1,0
122,993,481,1,0,0
123,684,105,1,0,0
124,311,344,1,0,0
125,836,631,1,0,1
126,808,2,0,1,0
127,647,764,1,0,0
128,225,734,1,0,0
129,531,3,0,1,0
130,400,778,1,0,0
131,0,180,1,0,0
132,920,256,0,1,0
133,72,260,0,1,0
134,668,571,0,1,0
135,297,445,1,1,0
136,202,226,1,1,0
137,562,598,1,0,0
138,662,710,1,1,0
139,598,143,1,0,1
140,0,421,0,1,0
141,592,700,1,0,0
142,504,362,1,0,0
143,773,106,0,1,0
144,392,692,1,0,0
145,190,68,0,1,0
146,534,518,1,0,0
147,426,658,1,0,0
148,687,369,0,1,0
149,297,175,0,1,0
150,84,186,1,0,1
151,648,378,1,1,0
152,388,405,1,1,0
153,367,344,1,1,0
154,4,901,1,0,0
155,104,156,0,1,0
156,571,539,1,0,0
157,146,289,0,1,0
158,377,710,1,0,0
159,854,605,0,1,0
160,814,719,0,1,0
161,128,565,1,1,0
162,731,770,1,0,0
163,612,176,0,1,0
164,71,543,0,1,0
165,555,830,0,1,0
166,886,264,1,0,0
167,305,200,0,1,0
168,238,7,1,0,0
169,871,935,1,0,0
170,514,713,1,0,0
171,925,525,0,1,0
172,165,241,1,0,0
173,9,926,1,0,0
174,64,848,1,0,0
175,60,99,1,0,0
176,603,391,0,1,0
177,368,420,1,1,0
178,368,636,1,0,0
179,709,1,1,1,0
180,556,97,1,1,0
181,957,606,0,1,0
182,420,924,1,0,0
183,769,245,1,0,0
184,315,295,1,0,0
185,540,77,1,0,0
186,811,377,1,0,1
187,669,476,0,1,0
188,404,960,1,0,0
189,835,96,1,0,0
190,948,554,1,0,0
191,929,983,1,0,0
192,931,242,0,1,0
193,515,241,0,1,0
194,986,533,0,1,0
195,503,257,0,1,0
196,6,676,1,0,1
197,970,939,1,0,0
198,763,891,1,0,0
199,822,601,0,1,0
200,545,593,1,0,0
201,168,785,1,0,0
202,277,857,0,1,0
203,947,9,1,0,0
204,37,736,1,0,0
205,653,924,0,1,0
206,237,335,1,0,0
207,769,311,1,1,0
208,271,583,1,0,0
209,762,100,1,1,0
210,233,990,1,0,0
211,728,777,1,0,0
212,99,598,0,1,0
213,622,777,0,1,0
214,990,506,1,0,0
215,524,766,1,0,0
216,272,72,0,1,0
217,366,245,0,1,0
218,625,425,0,1,0
219,309,10,1,0,0
220,8,785,1,1,0
221,790,146,0,1,0
222,5,550,1,0,0
223,357,165,0,1,0
224,280,452,0,1,0
225,662,649,1,0,0
226,394,544,1,0,0
227,529,660,1,0,0
228,930,730,0,1,0
229,425,346,1,0,0
230,264,172,1,1,0
231,925,155,1,0,0
232,812,118,1,0,0
233,237,746,1,0,0
234,374,638,0,1,0
235,652,501,0,1,0
236,346,862,1,0,0
237,308,1,1,0,0
238,482,410,1,0,0
239,219,912,0,1,0
240,226,98,0,0,1
241,283,874,0,1,0
242,327,237,0,1,0
243,207,314,1,0,1
244,266,887,0,1,0
245,857,595,1,0,1
246,736,120,1,1,0
247,554,853,0,1,0
248,321,3,0,1,0
249,688,847,0,1,0
250,838,574,0,1,0
251,873,696,1,0,1
252,717,705,0,1,0
253,608,42,1,0,0
254,147,255,1,0,0
255,116,469,0,1,0
256,626,379,1,0,0
257,727,586,0,1,0
258,569,552,1,0,0
259,757,829,1,1,0
260,839,520,0,1,0
261,464,534,1,0,0
262,8,515,0,1,0
263,963,628,0,1,0
264,87,609,0,1,0
265,189,351,1,1,0
266,91,897,1,0,0
267,263,50,1,1,0
268,751,145,0,1,0
269,892,3,1,0,0
270,816,700,1,1,0
271,744,218,1,0,0
272,852,949,1,0,1
273,509,704,1,0,0
274,160,422,1,0,1
275,174,913,0,1,0
276,468,45,0,0,1
277,632,634,1,0,0
278,519,521,1,0,0
279,384,9,1,0,0
280,214,264,1,0,0
281,185,715,1,0,0
282,519,698,1,0,0
283,960,877,1,0,0
284,778,767,1,0,0
285,821,1,1,0,0
286,887,970,1,1,0
287,6,39,0,1,0
288,8,695,1,0,0
289,220,721,1,0,0
290,544,355,1,1,0
291,898,106,1,1,0
292,67,855,1,0,0
293,0,244,1,0,0
294,39,863,1,0,0
295,223,654,1,0,0
296,218,707,1,0,0
297,372,162,0,1,0
298,722,728,0,1,0
299,73,296,1,0,0
300,442,765,1,1,0
301,684,570,1,1,0
302,97,162,0,0,1
303,6,498,0,1,0
304,598,268,0,1,0
305,942,1,1,0,0
306,736,136,0,1,0
307,609,269,1,0,1
308,838,10,1,0,0
309,478,329,1,0,1
310,932,335,1,0,0
311,734,469,1,1,0
312,214,766,1,1,0
313,352,5,1,0,0
314,9,244,1,0,0
315,907,692,0,1,0
316,7,790,1,1,0
317,761,727,0,0,1
318,535,685,1,0,0
319,61,990,1,0,0
320,651,853,1,0,0
321,800,640,1,0,1
322,825,726,0,1,0
323,762,633,1,0,1
324,2,503,0,1,0
325,623,814,0,1,0
326,362,96,1,0,0
327,858,466,1,0,0
328,126,465,1,1,0
329,164,455,1,0,0
330,686,790,1,0,0
331,4,150,0,1,0
332,681,922,0,1,0
333,202,904,0,1,0
334,248,412,1,1,0
335,826,698,0,1,0
336,828,317,1,1,0
337,451,75,0,1,0
338,758,2,0,1,0
339,3,707,1,0,0
340,870,606,0,1,0
341,780,699,1,0,0
342,487,672,1,0,0
343,557,2,0,1,0
344,976,955,1,0,0
345,482,571,1,0,0
346,204,295,1,1,0
347,313,482,0,1,0
348,266,458,0,1,0
349,788,174,1,0,0
350,94,798,1,0,0
351,551,288,1,0,1
352,419,885,1,0,0
353,775,743,1,0,0
354,871,911,1,1,0
355,84,768,1,1,0
356,132,694,1,0,0
357,106,423,0,1,0
358,555,650,1,0,0
359,609,951,0,1,0
360,322,414,0,1,0
361,7,816,1,0,0
362,713,1,0,1,0
363,668,377,1,1,0
364,848,899,1,1,0
365,830,819,0,1,0
366,326,139,0,1,0
367,424,699,1,0,0
368,236,409,1,0,0
369,133,476,1,0,1
370,662,879,0,1,0
371,8,886,1,0,0
372,725,542,1,0,1
373,378,917,0,1,0
374,874,859,0,1,0
375,479,173,0,1,0
376,149,786,1,0,0
377,497,817,0,1,0
378,494,636,1,0,0
379,133,787,1,0,0
380,775,358,0,1,0
381,814,676,1,0,1
382,779,403,0,1,0
383,462,10,1,0,0
384,868,161,1,0,0
385,438,4,1,1,0
386,887,746,0,1,0
387,286,121,1,0,0
388,751,2,0,1,0
389,394,147,1,0,1
390,8,21,0,1,0
391,79,895,1,0,0
392,198,116,0,1,0
393,267,846,0,1,0
394,732,544,0,1,0
395,257,4,1,0,0
396,68,491,1,0,0
397,935,827,1,0,0
398,195,176,0,1,0
399,684,83,1,0,0
400,529,407,1,0,0
401,720,567,0,0,1
402,294,462,1,1,0
403,302,54,1,1,0
404,249,634,1,0,0
405,882,182,1,0,0
406,773,478,1,1,0
407,308,504,0,1,0
408,0,755,1,0,0
409,610,104,1,0,0
410,266,681,1,0,1
411,447,10,1,1,0
412,489,352,1,0,0
413,724,867,0,1,0
414,250,783,1,1,0
415,483,222,1,1,0
416,124,567,0,1,0
417,470,927,0,1,0
418,274,851,0,1,0
419,385,296,1,1,0
420,714,475,1,0,0
421,845,752,0,1,0
422,25,664,1,1,0
423,384,74,1,1,0
424,109,317,0,1,0
425,129,371,0,1,0
426,31,801,0,1,0
427,360,603,1,0,0
428,980,9,1,0,0
429,586,971,0,1,0
430,332,91,1,0,0
431,567,712,1,0,0
432,913,291,1,0,0
433,861,452,1,0,0
434,380,775,1,0,0
435,829,399,1,0,0
436,488,10,1,0,0
437,843,652,0,1,0
438,485,593,1,0,0
439,875,209,1,0,0
440,280,63,0,1,0
441,739,539,1,0,1
442,454,492,1,0,0
443,268,333,1,0,0
444,167,243,1,0,0
445,258,425,1,1,0
446,820,684,0,1,0
447,442,907,0,1,0
448,710,108,1,0,0
449,120,258,1,0,0
450,919,335,1,1,0
451,313,976,0,1,0
452,937,107,1,1,0
453,193,706,1,0,0
454,558,683,1,0,0
455,588,314,1,1,0
456,990,900,1,0,0
457,628,346,0,1,0
458,335,757,0,1,0
459,10,840,1,0,0
460,978,8,1,0,0
461,389,462,1,0,0
462,597,561,1,0,1
463,813,432,1,0,0
464,574,844,0,1,0
465,801,537,0,1,0
466,290,142,1,0,0
467,472,420,1,0,0
468,27,7,1,0,1
469,668,383,0,1,0
470,689,4,0,1,0
471,31,531,0,1,0
472,854,1,1,0,0
473,9,564,1,0,0
474,254,95,1,1,0
475,336,2,1,0,1
476,358,386,1,0,0
477,497,496,1,0,0
478,377,902,1,0,1
479,816,248,1,0,0
480,868,447,1,0,0
481,294,275,1,1,0
482,215,878,1,0,1
483,477,895,0,1,0
484,950,734,0,1,0
485,642,593,0,1,0
486,304,444,0,1,0
487,125,644,1,1,0
488,339,801,1,0,0
489,560,331,1,0,1
490,885,859,1,0,1
491,368,288,0,1,0
492,990,15,1,0,0
493,800,102,1,0,0
494,582,255,0,1,0
495,110,602,0,1,0
496,102,99,1,0,0
497,614,475,0,1,0
498,166,749,1,0,0
499,965,224,1,1,0
500,310,265,1,1,0
501,121,940,1,0,0
502,567,8,0,1,0
503,754,9,0,1,0
504,244,325,1,0,0
505,653,477,1,0,1
506,762,744,1,1,0
507,621,343,0,1,0
508,438,91,0,1,0
509,97,626,1,1,0
510,553,6,1,0,1
511,874,526,0,1,0
512,925,211,1,0,0
513,109,691,1,0,0
514,631,173,0,1,0
515,124,123,0,1,0
516,843,424,1,0,0
517,593,110,0,1,0
518,605,257,0,1,0
519,424,134,0,1,0
520,811,640,0,1,0
521,861,140,1,0,0
522,359,621,1,1,0
523,482,702,1,0,0
524,849,875,0,1,0
525,574,396,1,0,0
526,8,37,0,1,0
527,439,382,1,0,0
528,754,4,0,1,0
529,316,531,1,0,1
530,920,608,1,0,1
531,464,739,1,0,0
532,128,887,0,1,0
533,134,190,0,1,0
534,850,455,1,0,0
535,231,881,0,1,0
536,843,657,0,1,0
537,406,605,1,0,0
538,409,101,1,0,0
539,546,335,1,1,0
540,519,670,1,0,0
541,544,658,1,0,0
542,690,456,1,0,0
543,968,78,1,0,0
544,331,262,1,0,0
545,60,957,1,0,0
546,137,381,0,1,0
547,430,450,1,0,0
548,71,737,1,0,0
549,624,519,0,1,0
550,786,418,0,1,0
551,218,963,1,0,0
552,903,319,1,0,1
553,377,810,1,0,0
554,467,723,1,0,0
555,157,876,1,1,0
556,324,659,1,1,0
557,317,952,0,1,0
558,834,609,1,0,1
559,753,504,0,1,0
560,728,634,1,0,0
561,641,711,1,1,0
562,865,619,0,1,0
563,404,910,0,1,0
564,9,142,1,0,1
565,230,730,1,0,0
566,242,135,1,1,0
567,256,336,1,0,0
568,738,133,1,1,0
569,162,943,1,0,0
570,818,599,1,0,1
571,291,639,1,0,0
572,527,268,0,1,0
573,238,626,1,0,0
574,876,461,1,0,0
575,502,176,0,1,0
576,99,876,1,0,0
577,320,843,1,0,0
578,213,161,1,0,0
579,739,147,0,1,0
580,189,789,1,0,0
581,7,370,1,0,0
582,367,325,1,0,0
583,508,930,0,1,0
584,248,169,1,1,0
585,151,573,1,0,0
586,798,286,1,0,0
587,801,0,1,1,0
588,185,499,1,0,0
589,566,754,1,0,0
590,564,372,1,1,0
591,823,415,1,0,0
592,808,858,0,1,0
593,258,694,1,1,0
594,769,609,0,1,0
595,530,919,1,0,1
596,300,856,0,1,0
597,745,521,1,1,0
598,158,244,1,0,0
599,132,463,0,1,0
600,919,240,1,0,0
601,770,793,0,1,0
602,751,527,0,1,0
603,9,429,0,1,0
604,587,112,0,1,0
605,363,421,1,1,0
606,802,971,1,0,0
607,148,339,0,1,0
608,569,656,1,0,0
609,266,344,1,0,0
610,769,874,1,0,0
611,380,255,1,0,0
612,237,884,0,1,0
613,68,540,0,1,0
614,638,811,1,0,0
615,507,7,0,1,0
616,953,768,1,0,0
617,693,577,0,1,0
618,476,218,0,1,0
619,668,218,0,1,0
620,960,112,0,1,0
621,489,365,1,0,0
622,539,1,0,1,0
623,176,310,1,0,0
624,742,375,1,1,0
625,295,540,1,0,0
626,1,20,0,1,0
627,158,318,1,0,0
628,833,0,1,0,0
629,648,746,0,1,0
630,751,492,0,1,0
631,917,958,1,0,0
632,948,808,1,0,0
633,203,312,0,1,0
634,871,273,1,1,0
635,479,915,0,1,0
636,793,867,0,1,0
637,133,430,0,1,0
638,373,488,1,0,0
639,647,367,1,1,0
640,112,758,1,0,0
641,975,590,0,1,0
642,1,967,0,1,0
643,873,602,0,1,0
644,435,257,0,1,0
645,69,203,0,1,0
646,557,281,1,0,0
647,1,644,0,1,0
648,68,330,0,1,0
649,687,450,0,1,0
650,954,990,1,0,0
651,809,316,1,1,0
652,228,426,1,0,0
653,219,1,1,0,0
654,9,824,1,0,0
655,508,0,0,1,0
656,452,429,1,0,0
657,578,209,0,1,0
658,279,741,0,1,0
659,214,54,1,0,0
660,309,77,1,1,0
661,354,653,1,1,0
662,350,69,1,0,0
663,724,457,0,1,0
664,109,712,1,0,0
665,230,545,1,0,0
666,136,394,0,1,0
667,628,148,1,0,0
668,883,635,0,1,0
669,921,1,1,0,0
670,155,310,0,1,0
671,772,711,1,0,0
672,901,691,0,1,0
673,808,306,1,0,1
674,708,263,0,1,0
675,616,587,1,0,0
676,801,780,1,0,0
677,937,919,1,0,0
678,434,393,1,0,0
679,1,147,0,1,0
680,572,495,1,0,0
681,489,7,1,0,0
682,195,663,1,0,0
683,43,602,0,1,0
684,192,113,0,1,0
685,368,144,1,0,1
686,921,121,0,1,0
687,840,485,1,1,0
688,591,774,0,1,0
689,786,674,1,1,0
690,605,604,1,0,0
691,282,698,0,1,0
692,772,771,0,1,0
693,534,882,0,1,0
694,727,298,1,0,0
695,625,425,0,1,0
696,838,413,1,0,1
697,551,359,0,1,0
698,255,462,1,1,0
699,164,751,1,0,0
700,730,303,1,0,0
701,41,947,1,0,0
702,547,424,1,0,0
703,397,3,1,0,0
704,351,891,0,1,0
705,6,645,1,1,0
706,546,924,1,0,1
707,496,717,1,0,0
708,846,291,0,1,0
709,536,10,1,1,0
710,637,207,0,1,0
711,440,589,1,0,0
712,5,579,1,0,0
713,868,865,0,1,0
714,874,432,1,0,0
715,582,5,0,1,0
716,93,757,1,0,0
717,754,700,1,0,0
718,373,414,1,0,0
719,600,902,0,1,0
720,351,417,1,0,0
721,813,122,1,0,0
722,940,177,1,0,0
723,885,912,0,1,0
724,62,806,0,1,0
725,539,211,1,0,0
726,367,443,1,0,0
727,8,951,1,0,0
728,412,751,1,0,0
729,4,523,0,1,0
730,167,217,1,0,0
731,103,682,1,0,0
732,536,855,1,0,1
733,352,171,1,0,1
734,9,268,1,0,0
735,246,574,1,1,0
736,536,491,1,0,0
737,199,6,1,0,0
738,58,851,1,0,0
739,124,705,1,0,0
740,66,153,0,1,0
741,937,8,1,0,0
742,712,849,0,1,0
743,340,645,1,1,0
744,886,580,0,1,0
745,412,828,1,0,1
746,149,323,1,1,0
747,2,520,1,1,0
748,465,621,1,0,0
749,905,159,1,0,0
750,990,874,1,0,0
751,877,70,1,0,0
752,297,438,1,0,1
753,8,945,1,0,0
754,577,227,0,1,0
755,476,497,1,0,0
756,876,498,0,1,0
757,880,806,0,1,0
758,477,798,1,1,0
759,2,160,1,0,1
760,618,192,0,1,0
761,541,929,0,1,0
762,636,558,0,1,0
763,865,461,1,0,0
764,334,3,0,1,0
765,446,737,1,0,0
766,737,446,1,1,0
767,166,704,1,0,0
768,946,4,1,0,0
769,353,13,1,0,0
770,351,151,1,0,1
771,311,505,0,1,0
772,848,721,0,1,0
773,865,608,0,1,0
774,870,545,0,1,0
775,599,742,0,1,0
776,865,360,1,0,0
777,197,103,0,1,0
778,945,669,1,0,0
779,118,3,1,0,0
780,229,836,0,1,0
781,673,535,0,1,0
782,351,82,1,0,0
783,180,272,1,0,0
784,313,937,1,1,0
785,812,89,1,1,0
786,895,59,1,0,0
787,592,807,0,1,0
788,10,911,1,0,0
789,67,941,1,0,0
790,549,119,0,1,0
791,209,587,0,1,0
792,4,983,1,0,0
793,32,696,0,1,0
794,255,593,0,1,0
795,948,694,1,0,1
796,445,648,1,0,0
797,929,327,1,0,0
798,852,578,0,1,0
799,843,432,1,0,0
800,483,499,1,0,0
801,279,221,1,0,0
802,385,291,0,1,0
803,284,164,0,1,0
804,501,9,0,1,0
805,759,230,1,0,0
806,937,379,0,1,0
807,399,131,1,0,1
808,793,579,1,1,0
809,927,241,1,1,0
810,834,615,0,1,0
811,691,420,1,1,0
812,891,619,0,1,0
813,214,635,1,0,0
814,823,10,1,0,0
815,550,387,1,0,0
816,528,184,1,1,0
817,391,804,1,0,0
818,710,531,1,0,1
819,878,885,0,1,0
820,118,700,1,0,0
821,540,59,0,1,0
822,313,635,0,1,0
823,924,874,1,1,0
824,105,692,1,0,0
825,575,759,1,0,0
826,406,19,1,0,0
827,615,896,0,1,0
828,575,923,0,1,0
829,774,486,0,1,0
830,559,681,1,0,0
831,601,602,1,0,0
832,224,393,0,1,0
833,161,2,0,1,0
834,10,194,1,0,0
835,780,458,0,1,0
836,446,274,1,1,0
837,936,776,1,0,0
838,104,376,1,0,1
839,903,961,1,0,0
840,220,558,0,1,0
841,378,677,1,0,0
842,303,956,0,1,0
843,501,604,1,0,0
844,166,376,1,0,1
845,677,171,0,1,0
846,422,275,0,1,0
847,233,709,1,0,0
848,862,786,0,1,0
849,906,845,1,1,0
850,593,4,1,1,0
851,369,596,1,0,0
852,243,815,1,0,1
853,125,658,0,1,0
854,481,203,0,1,0
855,269,431,0,1,0
856,405,877,0,1,0
857,330,768,1,0,0
858,421,417,1,0,0
859,960,118,0,1,0
860,409,907,0,1,0
861,797,899,0,1,0
862,0,280,1,0,0
863,773,68,1,0,0
864,192,311,1,1,0
865,236,536,1,0,1
866,107,238,1,0,0
867,59,204,0,1,0
868,766,668,1,1,0
869,616,391,0,1,0
870,671,843,1,1,0
871,326,736,0,1,0
872,121,240,1,0,0
873,899,401,1,0,0
874,715,388,0,1,0
875,964,938,1,0,0
876,896,721,0,1,0
877,237,308,1,0,0
878,920,558,1,0,0
879,572,744,1,0,0
880,336,936,0,1,0
881,496,465,1,0,0
882,3,31,1,0,1
883,838,351,0,1,0
884,4,672,0,1,0
885,533,843,0,1,0
886,506,203,0,1,0
887,355,706,0,1,0
888,560,210,1,1,0
889,154,35,1,1,0
890,614,699,0,1,0
891,452,312,0,1,0
892,896,703,1,1,0
893,28,821,1,0,0
894,467,970,1,0,0
895,93,8,1,0,0
896,896,281,1,0,0
897,718,217,1,0,0
898,328,227,0,1,0
899,111,934,1,0,0
900,475,385,1,0,0
901,587,4,0,1,0
902,310,717,1,1,0
903,684,660,1,0,0
904,894,695,0,1,0
905,668,519,0,1,0
906,4,112,1,0,0
907,239,789,1,1,0
908,144,590,0,1,0
909,118,961,1,0,0
910,990,389,1,0,1
911,225,218,0,1,0
912,588,687,0,1,0
913,650,705,0,1,0
914,537,192,0,1,0
915,606,394,0,1,0
916,813,965,0,1,0
917,365,881,1,1,0
918,1,403,1,0,0
919,520,376,1,0,0
920,604,622,1,0,0
921,340,894,1,0,1
922,566,821,0,1,0
923,672,401,1,1,0
924,606,151,1,0,0
925,418,829,0,1,0
926,950,614,0,1,0
927,217,10,1,0,0
928,669,495,0,1,0
929,877,505,1,1,0
930,429,35,1,0,0
931,925,624,1,1,0
932,185,87,0,1,0
933,531,566,1,0,0
934,955,896,1,0,0
935,171,97,1,0,1
936,778,1,1,1,0
937,690,321,1,0,0
938,493,498,1,0,0
939,434,513,1,0,0
940,403,865,0,1,0
941,107,335,0,1,0
942,670,185,1,0,1
943,659,162,0,1,0
944,873,33,1,0,0
945,184,425,1,1,0
946,525,885,0,1,0
947,597,853,0,1,0
948,1,908,1,0,0
949,905,502,0,1,0
950,336,624,1,0,0
951,217,612,1,1,0
952,428,8,0,1,0
953,508,650,1,0,0
954,597,509,0,1,0
955,189,31,1,0,0
956,303,224,0,1,0
957,415,229,1,0,0
958,460,290,0,1,0
959,770,672,0,1,0
960,671,947,0,1,0
961,259,663,1,1,0
962,731,990,1,0,1
963,274,379,0,1,0
964,61,3,1,0,0
965,361,122,1,1,0
966,529,197,1,1,0
967,9,793,0,1,0
968,222,291,1,1,0
969,126,60,1,1,0
970,2,673,0,1,0
971,456,556,1,0,0
972,495,212,0,1,0
973,742,795,0,1,0
974,2,719,1,0,0
975,391,448,1,0,0
976,802,690,1,0,1
977,346,634,0,1,0
978,528,143,0,1,0
979,239,799,0,1,0
980,770,371,0,1,0
981,617,906,1,1,0
982,490,241,0,1,0
983,472,455,1,0,0
984,236,431,1,1,0
985,423,268,0,1,0
986,647,939,0,1,0
987,721,7,1,1,0
988,501,314,0,1,0
989,128,648,1,0,0
990,70,574,1,0,1
991,655,127,0,1,0
992,224,79,0,1,0
993,6,24,0,1,0
994,198,200,0,1,0
995,725,907,0,1,0
996,593,628,1,0,0
997,101,166,1,0,1
998,705,599,1,0,0
999,715,542,0,1,0
