Index,x,y,alive,infected,immune
0,789,302,0,1,0
1,21,685,1,0,1
2,945,221,0,0,1
3,531,906,1,0,1
4,937,753,0,1,0
5,393,97,0,1,0
6,499,81,0,1,0
7,3,559,0,1,0
8,310,806,1,0,1
9,850,597,0,1,0
10,464,156,0,1,0
11,628,117,0,1,0
12,515,1,0,1,0
13,66,315,0,1,0
14,877,259,0,1,0
15,90,718,0,1,0
16,494,331,1,0,1
17,750,736,0,1,0
18,957,137,0,1,0
19,652,829,0,1,0
20,933,552,0,1,0
21,321,335,0,1,0
22,413,819,0,1,0
23,238,126,1,0,1
24,192,390,0,1,0
25,8,153,0,1,0
26,795,4,0,1,0
27,705,395,0,1,0
28,113,150,0,1,0
29,506,884,0,1,0
30,692,692,0,1,0
31,561,3,0,1,0
32,774,867,1,0,1
33,944,311,1,0,1
34,269,846,0,1,0
35,281,3,0,1,0
36,629,7,1,0,1
37,941,647,0,1,0
38,2,585,0,1,0
39,372,763,0,1,0
40,196,40,0,1,0
41,630,565,1,0,1
42,483,162,1,0,1
43,130,423,0,1,0
44,471,287,0,1,0
45,230,111,0,1,0
46,557,907,1,0,1
47,757,573,0,1,0
48,757,334,0,1,0
49,499,174,0,1,0
50,528,914,0,1,0
51,836,715,0,1,0
52,124,391,0,1,0
53,149,346,0,1,0
54,312,806,0,1,0
55,550,292,0,0,1
56,694,189,0,1,0
57,545,243,0,1,0
58,167,382,0,1,0
59,990,407,0,1,0
60,178,625,0,1,0
61,594,9,0,1,0
62,414,944,0,1,0
63,116,449,0,1,0
64,0,962,0,1,0
65,8,349,1,0,1
66,12,821,0,1,0
67,800,831,0,1,0
68,644,790,0,1,0
69,706,933,0,1,0
70,599,796,0,1,0
71,747,10,0,1,0
72,551,763,0,1,0
73,607,777,0,1,0
74,335,1,0,1,0
75,990,163,1,0,1
76,133,366,0,1,0
77,425,256,1,0,1
78,355,758,1,0,1
79,949,82,0,1,0
80,107,520,0,1,0
81,776,881,0,1,0
82,140,119,0,1,0
83,284,949,0,1,0
84,377,543,0,1,0
85,201,314,0,1,0
86,370,656,1,0,1
87,867,612,0,1,0
88,597,100,0,1,0
89,633,950,0,1,0
90,222,193,0,1,0
91,191,507,0,1,0
92,259,499,0,1,0
93,553,931,0,1,0
94,644,379,0,1,0
95,237,916,0,1,0
96,785,897,0,1,0
97,521,547,0,1,0
98,127,43,0,1,0
99,699,184,0,1,0
100,215,259,0,1,0
101,749,414,1,0,1
102,681,897,1,0,1
103,0,33,0,0,1
104,659,436,1,0,1
105,583,574,1,0,0
106,875,273,0,1,0
107,615,190,0,1,0
108,898,400,0,1,0
109,804,565,0,0,1
110,348,873,1,0,1
111,4,776,0,1,0
112,783,439,0,1,0
113,873,365,0,1,0
114,567,281,0,1,0
115,883,548,0,1,0
116,59,913,1,0,0
117,692,847,0,1,0
118,413,1,1,0,0
119,186,740,1,1,0
120,675,507,1,0,1
121,856,504,0,1,0
122,0,481,1,0,0
123,640,56,1,0,0
124,259,424,0,1,0
125,863,576,1,0,1
126,808,6,0,1,0
127,665,769,0,1,0
128,212,768,1,0,1
129,531,1,0,1,0
130,469,892,0,1,0
131,4,180,1,0,0
132,918,271,0,1,0
133,3,274,0,1,0
134,662,603,0,1,0
135,309,462,0,1,0
136,196,176,0,1,0
137,536,525,1,0,0
138,608,719,1,0,1
139,622,164,1,0,1
140,5,421,0,1,0
141,618,626,1,0,1
142,556,384,0,1,0
143,791,188,0,1,0
144,394,608,0,1,0
145,176,62,0,1,0
146,509,600,1,0,0
147,472,684,1,1,0
148,769,330,0,1,0
149,268,185,0,1,0
150,159,211,1,0,1
151,655,386,0,1,0
152,392,453,1,0,1
153,309,339,0,1,0
154,0,901,1,0,0
155,51,126,0,1,0
156,560,572,1,0,0
157,205,276,0,1,0
158,407,741,1,1,0
159,846,640,0,1,0
160,788,729,0,1,0
161,151,583,0,1,0
162,823,818,0,1,0
163,676,231,0,1,0
164,72,568,0,1,0
165,556,880,0,1,0
166,836,321,0,1,0
167,244,210,0,1,0
168,238,0,0,1,0
169,883,6,1,0,0
170,546,669,1,0,1
171,971,540,0,1,0
172,117,310,1,0,0
173,5,926,1,0,0
174,173,876,0,1,0
175,72,46,1,0,0
176,601,401,0,1,0
177,393,409,0,1,0
178,383,642,0,1,0
179,709,6,0,1,0
180,533,104,0,1,0
181,957,613,0,1,0
182,446,881,0,1,0
183,719,284,1,0,0
184,348,320,1,0,0
185,535,62,1,0,0
186,857,311,1,0,1
187,715,427,0,1,0
188,394,990,0,1,0
189,862,38,1,0,0
190,949,526,0,1,0
191,950,5,0,1,0
192,927,213,0,1,0
193,455,222,0,1,0
194,5,537,0,1,0
195,538,285,0,1,0
196,2,676,1,0,1
197,966,990,0,1,0
198,739,956,0,1,0
199,810,529,0,1,0
200,537,613,1,0,0
201,202,832,1,1,0
202,179,866,0,1,0
203,947,0,0,1,0
204,36,749,1,0,0
205,659,887,0,1,0
206,179,280,1,0,1
207,776,351,0,1,0
208,278,618,0,1,0
209,773,62,1,0,1
210,233,990,1,0,0
211,732,775,0,1,0
212,44,582,0,1,0
213,579,818,0,1,0
214,990,506,1,0,0
215,512,755,1,0,0
216,316,72,0,1,0
217,437,268,0,1,0
218,638,426,0,1,0
219,309,10,1,0,1
220,0,785,0,0,1
221,747,193,0,1,0
222,9,550,0,1,0
223,408,126,0,1,0
224,321,435,0,1,0
225,653,694,0,1,0
226,327,564,1,0,1
227,507,622,1,0,0
228,934,729,0,1,0
229,472,308,1,1,0
230,288,120,0,1,0
231,967,156,1,1,0
232,818,147,0,1,0
233,222,754,0,1,0
234,444,616,0,1,0
235,664,476,0,1,0
236,350,847,0,1,0
237,308,7,0,1,0
238,524,438,1,0,0
239,266,897,0,1,0
240,223,112,0,0,1
241,268,937,0,1,0
242,265,258,0,1,0
243,170,344,1,0,1
244,249,844,0,1,0
245,817,593,1,0,1
246,755,196,1,0,1
247,539,857,0,1,0
248,321,9,0,1,0
249,695,771,0,1,0
250,860,594,0,1,0
251,904,664,1,0,1
252,711,632,0,1,0
253,647,72,1,0,0
254,144,238,1,0,0
255,113,463,0,1,0
256,645,406,0,0,1
257,740,617,0,1,0
258,578,620,1,1,0
259,783,834,1,0,1
260,826,440,0,1,0
261,563,503,0,1,0
262,2,515,0,1,0
263,892,626,0,1,0
264,82,616,0,1,0
265,198,360,0,1,0
266,57,931,1,0,0
267,267,34,0,0,1
268,756,116,0,1,0
269,892,2,1,0,0
270,848,680,1,0,1
271,742,285,1,0,0
272,891,957,1,0,1
273,476,694,0,1,0
274,121,376,1,0,1
275,112,3,0,1,0
276,527,151,0,0,1
277,697,637,1,0,1
278,504,525,1,0,0
279,384,4,1,0,0
280,240,232,0,1,0
281,209,695,0,1,0
282,467,652,1,1,0
283,990,904,1,0,0
284,867,785,0,1,0
285,821,6,0,1,0
286,870,964,1,0,1
287,3,39,0,1,0
288,5,695,0,1,0
289,143,685,0,1,0
290,582,370,0,1,0
291,838,116,1,0,1
292,36,867,1,0,0
293,5,244,0,1,0
294,46,870,1,0,1
295,229,630,0,1,0
296,248,719,0,1,0
297,335,131,0,1,0
298,649,736,0,1,0
299,84,270,1,0,1
300,423,730,1,0,1
301,724,582,1,0,1
302,144,147,0,0,1
303,2,498,0,1,0
304,553,262,0,1,0
305,942,6,0,1,0
306,736,101,0,1,0
307,568,286,1,0,1
308,838,10,1,0,0
309,465,252,1,0,1
310,856,329,0,1,0
311,751,504,0,1,0
312,207,766,0,1,0
313,352,3,1,0,0
314,3,244,0,1,0
315,880,766,0,1,0
316,4,790,0,1,0
317,776,742,0,0,1
318,604,801,0,1,0
319,61,990,1,0,0
320,745,849,0,1,0
321,768,568,1,0,1
322,783,796,0,1,0
323,830,646,1,0,1
324,2,503,0,1,0
325,579,856,0,1,0
326,293,60,0,1,0
327,816,465,0,1,0
328,127,504,0,1,0
329,105,445,0,1,0
330,613,797,0,1,0
331,0,150,0,1,0
332,702,933,0,1,0
333,202,897,0,1,0
334,210,401,0,1,0
335,796,642,0,1,0
336,870,326,0,1,0
337,410,109,0,1,0
338,758,7,0,1,0
339,0,707,1,0,0
340,923,658,0,1,0
341,816,626,0,1,0
342,511,651,1,1,0
343,557,8,0,1,0
344,965,955,1,0,0
345,488,574,1,0,0
346,180,236,1,0,1
347,283,484,0,1,0
348,267,495,0,1,0
349,789,101,0,1,0
350,98,834,1,0,1
351,490,275,1,0,1
352,361,881,0,1,0
353,847,791,0,1,0
354,894,920,0,1,0
355,4,791,1,0,1
356,147,684,0,1,0
357,120,414,0,1,0
358,560,603,1,0,0
359,653,911,0,1,0
360,365,331,0,1,0
361,9,816,0,1,0
362,713,7,0,1,0
363,632,349,1,0,1
364,857,880,0,1,0
365,802,839,0,1,0
366,381,184,0,1,0
367,456,644,0,1,0
368,246,383,0,1,0
369,171,466,1,0,1
370,671,889,0,1,0
371,7,886,1,0,0
372,766,627,1,0,1
373,377,988,0,1,0
374,875,920,0,1,0
375,533,130,0,1,0
376,227,804,0,1,0
377,495,864,0,1,0
378,538,634,1,0,0
379,102,813,1,0,0
380,822,423,0,1,0
381,843,650,1,0,1
382,693,433,0,1,0
383,462,10,1,0,0
384,844,152,1,0,0
385,438,2,1,0,1
386,882,788,0,1,0
387,315,114,1,0,0
388,751,7,0,1,0
389,407,113,1,0,1
390,0,21,0,1,0
391,85,873,1,0,0
392,186,47,0,1,0
393,272,828,0,1,0
394,735,552,0,1,0
395,257,3,1,0,0
396,63,485,0,1,0
397,1,827,0,1,0
398,226,197,0,1,0
399,690,141,1,0,0
400,564,433,1,0,0
401,744,492,0,0,1
402,350,483,0,1,0
403,312,61,0,1,0
404,153,555,0,1,0
405,912,146,1,0,0
406,724,450,0,1,0
407,321,516,0,1,0
408,2,755,1,0,0
409,585,87,0,1,0
410,312,623,1,0,1
411,447,10,1,0,1
412,550,305,0,1,0
413,773,771,0,1,0
414,220,831,0,1,0
415,491,215,1,0,1
416,168,543,0,1,0
417,572,918,0,1,0
418,311,874,0,1,0
419,409,240,0,1,0
420,729,523,0,1,0
421,876,748,0,1,0
422,39,717,1,0,1
423,279,89,1,0,1
424,176,377,0,1,0
425,140,387,0,1,0
426,66,750,0,1,0
427,314,548,1,0,1
428,980,0,1,0,0
429,585,990,0,1,0
430,341,172,0,1,0
431,560,716,0,1,0
432,882,285,0,1,0
433,822,475,1,0,1
434,420,797,1,0,0
435,855,397,0,1,0
436,488,10,1,0,0
437,786,617,0,1,0
438,531,646,1,0,0
439,878,195,1,0,0
440,305,30,0,1,0
441,752,585,1,0,1
442,448,472,1,0,0
443,223,266,0,1,0
444,124,230,0,0,1
445,316,454,0,1,0
446,799,659,0,1,0
447,406,920,0,1,0
448,653,108,1,0,0
449,89,293,1,0,0
450,913,284,0,1,0
451,301,6,0,1,0
452,955,130,1,0,1
453,255,650,1,1,0
454,623,611,0,1,0
455,618,213,0,1,0
456,990,900,1,0,0
457,646,378,0,1,0
458,350,830,0,1,0
459,10,840,1,0,0
460,978,1,1,0,0
461,434,380,1,0,1
462,616,555,1,0,1
463,832,580,1,0,1
464,557,801,0,1,0
465,833,483,0,1,0
466,231,206,1,0,1
467,479,458,1,0,0
468,27,9,1,0,1
469,725,368,0,1,0
470,689,7,0,1,0
471,9,530,0,1,0
472,854,8,1,0,0
473,2,564,1,0,1
474,300,95,0,0,1
475,336,5,1,0,1
476,312,345,0,1,0
477,540,510,1,0,0
478,398,854,1,0,1
479,787,239,1,0,0
480,817,434,0,1,0
481,241,259,1,0,1
482,240,808,1,0,1
483,551,968,0,1,0
484,891,747,0,1,0
485,639,609,0,1,0
486,318,475,0,1,0
487,112,529,0,0,1
488,350,820,1,1,0
489,588,404,1,0,1
490,859,795,1,0,1
491,402,318,0,1,0
492,990,15,1,0,0
493,745,96,0,1,0
494,526,221,0,1,0
495,82,588,0,1,0
496,136,168,0,1,0
497,660,440,0,1,0
498,172,783,1,0,1
499,931,204,1,0,1
500,333,212,1,0,1
501,107,916,1,0,0
502,567,2,0,1,0
503,754,4,0,1,0
504,213,329,0,1,0
505,621,450,1,0,1
506,699,680,1,0,1
507,624,388,0,1,0
508,343,122,0,1,0
509,116,641,0,1,0
510,553,3,1,0,1
511,908,501,0,1,0
512,879,198,1,0,0
513,76,658,1,0,1
514,648,211,0,1,0
515,149,96,0,1,0
516,829,386,0,1,0
517,609,181,0,1,0
518,669,218,0,1,0
519,359,116,0,1,0
520,750,687,0,1,0
521,901,77,0,1,0
522,293,563,1,0,1
523,499,739,1,1,0
524,826,868,0,1,0
525,601,422,1,0,1
526,1,37,0,1,0
527,442,385,1,0,1
528,754,7,0,1,0
529,296,534,1,0,1
530,908,511,1,0,1
531,469,731,1,0,0
532,129,905,0,1,0
533,28,222,0,1,0
534,856,381,0,1,0
535,247,890,0,1,0
536,876,695,0,1,0
537,372,539,0,1,0
538,455,143,0,1,0
539,595,380,1,0,1
540,476,708,0,1,0
541,502,716,0,1,0
542,663,469,0,1,0
543,2,46,0,1,0
544,312,292,1,0,0
545,52,1,1,1,0
546,112,392,0,1,0
547,429,431,0,1,0
548,97,791,1,1,0
549,627,574,0,1,0
550,771,357,0,1,0
551,251,923,0,1,0
552,923,283,1,0,1
553,389,797,1,0,1
554,533,753,1,0,0
555,171,848,0,1,0
556,342,595,0,1,0
557,299,4,0,1,0
558,852,582,1,0,1
559,702,528,0,1,0
560,770,644,0,1,0
561,687,750,0,1,0
562,857,612,0,1,0
563,435,990,0,1,0
564,8,142,1,0,1
565,195,716,0,1,0
566,157,97,0,1,0
567,225,363,0,1,0
568,743,126,0,1,0
569,210,3,0,1,0
570,789,661,1,0,1
571,252,615,0,1,0
572,586,315,0,1,0
573,205,514,1,0,1
574,886,504,0,1,0
575,522,209,0,1,0
576,42,884,1,0,0
577,328,817,1,0,1
578,196,139,0,1,0
579,732,114,0,1,0
580,207,748,0,1,0
581,5,370,1,0,0
582,366,324,0,1,0
583,502,949,0,1,0
584,323,252,1,0,1
585,128,522,0,1,0
586,792,338,0,1,0
587,801,6,0,1,0
588,262,588,0,1,0
589,558,804,0,1,0
590,435,328,0,1,0
591,802,395,1,0,1
592,814,834,0,1,0
593,274,722,0,1,0
594,807,582,0,1,0
595,575,877,1,0,1
596,328,854,0,1,0
597,760,597,0,1,0
598,168,332,0,1,0
599,83,381,0,1,0
600,930,240,0,1,0
601,731,815,0,1,0
602,713,461,0,1,0
603,7,429,0,1,0
604,491,81,0,1,0
605,354,398,0,1,0
606,811,2,1,0,1
607,125,305,0,1,0
608,539,648,1,0,0
609,363,401,0,1,0
610,748,921,0,1,0
611,456,254,0,1,0
612,323,863,0,1,0
613,43,521,0,1,0
614,590,762,1,0,1
615,507,5,0,1,0
616,917,800,1,0,0
617,718,582,0,1,0
618,444,252,0,1,0
619,676,204,0,1,0
620,0,76,0,1,0
621,541,322,0,1,0
622,539,7,0,1,0
623,163,368,0,1,0
624,675,349,1,0,1
625,251,479,0,1,0
626,5,20,0,1,0
627,160,356,0,1,0
628,833,5,1,0,0
629,650,646,0,1,0
630,742,503,0,1,0
631,885,931,0,1,0
632,990,792,1,0,0
633,179,269,0,1,0
634,858,276,0,1,0
635,545,858,0,1,0
636,769,810,0,1,0
637,198,445,0,1,0
638,358,563,1,0,0
639,645,337,1,0,1
640,169,744,0,1,0
641,1,586,0,1,0
642,2,967,0,1,0
643,924,580,0,1,0
644,495,251,0,1,0
645,37,198,0,1,0
646,623,193,0,1,0
647,1,644,0,1,0
648,83,255,0,1,0
649,703,393,0,1,0
650,954,990,0,1,0
651,793,330,0,1,0
652,244,404,0,1,0
653,219,3,0,1,0
654,0,824,0,1,0
655,508,4,0,1,0
656,394,371,0,1,0
657,666,232,0,1,0
658,305,730,0,1,0
659,261,54,1,0,1
660,305,112,1,0,1
661,325,594,1,0,1
662,360,150,1,0,1
663,693,385,0,1,0
664,133,605,0,1,0
665,244,535,0,1,0
666,122,396,0,1,0
667,568,96,0,1,0
668,924,638,0,1,0
669,921,0,1,0,0
670,262,358,0,1,0
671,797,679,0,1,0
672,895,680,0,1,0
673,759,306,1,0,1
674,712,306,0,1,0
675,687,589,0,1,0
676,810,870,0,1,0
677,885,915,0,1,0
678,488,376,1,0,0
679,2,147,0,1,0
680,568,518,0,1,0
681,489,0,1,0,0
682,152,728,0,1,0
683,0,604,0,1,0
684,212,38,0,1,0
685,401,230,1,0,1
686,864,93,0,1,0
687,814,564,1,0,1
688,540,774,0,1,0
689,815,742,1,0,1
690,588,570,0,1,0
691,225,711,0,1,0
692,777,728,0,1,0
693,437,871,0,1,0
694,664,273,1,0,0
695,686,404,0,1,0
696,827,419,1,0,1
697,553,327,0,1,0
698,219,455,1,0,1
699,117,671,0,1,0
700,754,307,1,0,1
701,68,950,1,0,0
702,521,405,0,1,0
703,397,6,1,0,0
704,285,859,0,1,0
705,0,645,0,1,0
706,550,3,1,0,1
707,496,708,0,1,0
708,860,278,0,1,0
709,536,10,0,1,0
710,683,153,0,1,0
711,401,581,0,1,0
712,8,579,0,1,0
713,887,816,0,1,0
714,898,428,0,1,0
715,582,4,0,1,0
716,110,866,0,1,0
717,787,731,1,0,1
718,423,358,1,0,1
719,650,911,0,1,0
720,439,408,0,1,0
721,857,89,0,1,0
722,962,154,0,1,0
723,936,899,0,1,0
724,104,844,0,1,0
725,575,192,0,1,0
726,296,481,0,1,0
727,9,951,1,0,0
728,497,841,0,0,1
729,8,523,0,1,0
730,235,221,0,1,0
731,152,711,0,1,0
732,523,799,1,0,1
733,448,153,1,0,1
734,0,268,0,1,0
735,161,580,0,1,0
736,565,484,1,0,0
737,199,7,1,0,0
738,43,826,0,1,0
739,138,706,0,1,0
740,93,110,0,1,0
741,937,0,0,1,0
742,698,810,0,1,0
743,369,629,0,1,0
744,832,616,0,1,0
745,472,852,1,0,1
746,160,285,1,0,1
747,4,520,1,0,1
748,485,672,0,1,0
749,939,119,0,1,0
750,990,874,1,0,0
751,936,120,0,1,0
752,286,523,1,0,1
753,1,945,1,0,0
754,522,254,0,1,0
755,541,537,1,1,0
756,840,508,0,1,0
757,860,826,0,1,0
758,480,789,0,1,0
759,5,160,1,0,1
760,589,205,0,1,0
761,588,963,0,1,0
762,624,512,0,1,0
763,799,515,0,1,0
764,334,1,0,1,0
765,386,728,1,0,1
766,720,444,0,1,0
767,264,739,1,0,1
768,946,8,0,1,0
769,351,10,1,0,0
770,419,184,1,0,1
771,320,473,0,1,0
772,873,670,0,1,0
773,888,607,0,1,0
774,858,570,0,1,0
775,580,697,0,1,0
776,831,380,1,0,1
777,137,72,0,1,0
778,863,656,0,1,0
779,118,5,1,1,0
780,233,779,0,1,0
781,652,563,0,1,0
782,361,172,0,1,0
783,166,238,1,0,1
784,228,0,1,0,1
785,732,132,1,0,1
786,840,154,1,0,1
787,638,869,0,1,0
788,10,911,1,0,0
789,103,925,1,0,0
790,542,117,0,1,0
791,173,644,0,1,0
792,3,983,1,0,0
793,7,688,0,1,0
794,219,587,0,1,0
795,919,707,1,0,1
796,421,716,1,0,0
797,968,227,0,1,0
798,937,514,0,1,0
799,856,460,0,1,0
800,472,455,1,0,0
801,243,185,0,1,0
802,354,296,0,1,0
803,251,144,0,1,0
804,501,5,0,1,0
805,800,243,1,0,0
806,877,393,0,1,0
807,408,127,1,0,1
808,824,586,0,1,0
809,0,242,0,1,0
810,874,630,0,1,0
811,678,414,0,1,0
812,900,657,0,1,0
813,141,631,1,0,1
814,823,10,0,1,0
815,505,373,0,1,0
816,549,153,0,1,0
817,370,862,0,1,0
818,720,503,1,0,1
819,791,927,0,1,0
820,164,711,0,1,0
821,553,73,0,1,0
822,247,645,0,1,0
823,990,839,0,1,0
824,24,688,1,0,0
825,526,818,0,1,0
826,399,6,1,0,0
827,668,893,0,1,0
828,602,938,0,1,0
829,768,494,0,1,0
830,612,674,0,1,0
831,591,602,0,1,0
832,233,434,0,1,0
833,161,7,0,1,0
834,10,194,1,0,0
835,790,526,0,1,0
836,456,328,1,0,1
837,891,778,0,1,0
838,35,384,1,0,1
839,963,8,0,1,0
840,236,540,0,1,0
841,406,673,0,1,0
842,289,983,0,1,0
843,539,604,1,0,0
844,134,385,1,0,1
845,672,174,0,1,0
846,440,252,0,1,0
847,216,637,0,1,0
848,882,805,0,1,0
849,990,856,0,1,0
850,593,4,0,1,0
851,419,581,0,1,0
852,320,764,1,0,1
853,189,664,0,1,0
854,457,196,0,1,0
855,176,387,0,1,0
856,429,906,0,1,0
857,306,762,1,0,0
858,402,434,0,0,1
859,914,144,0,1,0
860,379,858,0,1,0
861,763,950,0,1,0
862,2,280,0,1,0
863,771,51,1,0,0
864,204,352,0,1,0
865,231,578,1,0,1
866,99,245,0,1,0
867,53,208,0,1,0
868,645,689,0,1,0
869,705,411,0,1,0
870,659,825,1,0,1
871,369,709,0,1,0
872,19,205,0,1,0
873,892,502,0,1,0
874,637,349,0,1,0
875,912,953,0,1,0
876,966,721,0,1,0
877,225,277,0,1,0
878,930,526,0,1,0
879,626,743,1,0,1
880,363,960,0,1,0
881,481,535,1,0,0
882,9,31,1,0,1
883,864,285,0,1,0
884,0,672,0,1,0
885,567,866,0,1,0
886,506,113,0,1,0
887,400,726,0,1,0
888,572,218,0,1,0
889,174,10,1,0,1
890,600,660,0,1,0
891,469,291,0,1,0
892,961,668,1,0,1
893,3,851,1,0,0
894,516,990,0,1,0
895,93,3,1,0,0
896,907,260,0,1,0
897,786,226,1,0,0
898,307,201,0,1,0
899,71,964,1,0,0
900,422,398,1,0,1
901,587,6,0,1,0
902,257,770,1,0,1
903,649,690,0,1,0
904,966,723,0,1,0
905,633,515,0,1,0
906,3,112,1,0,0
907,246,768,1,0,1
908,219,563,0,1,0
909,72,990,1,0,0
910,990,389,1,0,1
911,211,257,0,1,0
912,592,671,0,1,0
913,607,735,0,1,0
914,543,226,0,1,0
915,607,358,0,1,0
916,759,9,0,1,0
917,369,879,1,0,1
918,8,403,1,0,0
919,586,415,0,1,0
920,587,722,0,1,0
921,301,827,1,0,1
922,629,765,0,1,0
923,630,470,1,0,1
924,527,131,0,1,0
925,429,846,0,1,0
926,973,670,0,1,0
927,217,10,0,1,0
928,699,535,0,1,0
929,828,465,1,0,1
930,418,10,1,0,0
931,927,646,0,1,0
932,169,48,0,1,0
933,510,562,1,0,0
934,939,955,0,1,0
935,167,123,1,0,1
936,778,2,0,1,0
937,636,282,0,1,0
938,443,457,1,0,0
939,350,506,1,1,0
940,358,939,0,1,0
941,112,296,0,1,0
942,716,180,1,0,1
943,726,189,0,1,0
944,955,25,1,1,0
945,198,414,1,0,1
946,528,876,0,1,0
947,645,850,0,1,0
948,8,908,1,0,0
949,3,458,0,1,0
950,402,595,1,0,1
951,215,620,0,1,0
952,428,3,0,1,0
953,478,684,1,1,0
954,603,515,0,1,0
955,180,1,0,1,0
956,318,157,0,1,0
957,384,220,1,1,0
958,405,257,0,1,0
959,794,668,0,1,0
960,603,940,0,1,0
961,209,597,0,1,0
962,731,990,1,0,1
963,243,352,0,1,0
964,61,8,1,1,0
965,371,129,0,1,0
966,514,265,1,0,1
967,9,793,0,1,0
968,297,299,0,0,1
969,63,10,0,1,0
970,7,673,0,1,0
971,499,632,1,0,0
972,554,167,0,1,0
973,785,775,0,1,0
974,6,719,1,0,0
975,356,423,0,1,0
976,830,692,1,0,1
977,300,628,0,1,0
978,486,179,0,1,0
979,259,794,0,1,0
980,717,404,0,1,0
981,612,886,0,1,0
982,455,252,0,1,0
983,413,477,1,0,0
984,199,458,0,1,0
985,437,329,0,1,0
986,590,6,0,1,0
987,721,5,1,0,1
988,523,277,0,1,0
989,118,637,0,1,0
990,92,592,1,0,1
991,709,150,0,1,0
992,253,61,0,1,0
993,3,24,0,1,0
994,149,149,0,1,0
995,718,893,0,1,0
996,664,644,0,1,0
997,32,93,1,0,1
998,689,634,0,1,0
999,693,539,0,1,0
