Index,x,y,alive,infected,immune
0,780,311,0,1,0
1,3,697,1,0,1
2,951,164,0,0,1
3,563,906,1,0,1
4,986,808,0,1,0
5,389,123,0,1,0
6,496,91,0,1,0
7,3,559,0,1,0
8,340,786,1,0,1
9,847,595,0,1,0
10,424,130,0,1,0
11,596,124,0,1,0
12,515,5,0,1,0
13,46,342,0,1,0
14,848,235,0,1,0
15,81,771,0,1,0
16,478,363,1,0,1
17,792,695,0,1,0
18,964,147,0,1,0
19,673,782,0,1,0
20,955,558,0,1,0
21,305,313,0,1,0
22,406,807,0,1,0
23,266,171,1,0,1
24,200,432,0,1,0
25,0,153,0,1,0
26,795,5,0,1,0
27,693,398,0,1,0
28,111,115,0,1,0
29,511,900,0,1,0
30,710,647,0,1,0
31,561,8,0,1,0
32,740,873,1,0,1
33,991,275,1,0,1
34,252,845,0,1,0
35,281,0,0,1,0
36,629,8,1,0,1
37,947,674,0,1,0
38,9,585,0,1,0
39,380,767,0,1,0
40,217,4,0,1,0
41,618,546,1,0,1
42,520,197,1,0,1
43,132,430,0,1,0
44,499,268,0,1,0
45,200,119,0,1,0
46,540,925,1,0,1
47,767,529,0,1,0
48,725,334,0,1,0
49,497,154,0,1,0
50,525,920,0,1,0
51,859,683,0,1,0
52,137,386,0,1,0
53,182,330,0,1,0
54,279,749,0,1,0
55,552,282,0,0,1
56,697,179,0,1,0
57,539,292,0,1,0
58,176,333,0,1,0
59,990,407,0,1,0
60,174,668,0,1,0
61,594,9,0,1,0
62,444,924,0,1,0
63,151,418,0,1,0
64,5,962,0,1,0
65,0,349,1,0,1
66,21,834,0,1,0
67,800,809,0,1,0
68,631,798,0,1,0
69,691,917,0,1,0
70,591,823,0,1,0
71,747,10,0,1,0
72,520,786,0,1,0
73,568,769,0,1,0
74,335,4,0,1,0
75,990,163,1,0,1
76,97,323,0,1,0
77,416,230,1,0,1
78,319,754,1,0,1
79,972,62,0,1,0
80,123,532,0,1,0
81,748,823,0,1,0
82,103,111,0,1,0
83,268,922,0,1,0
84,342,558,0,1,0
85,204,280,0,1,0
86,379,651,1,0,1
87,883,570,0,1,0
88,626,91,0,1,0
89,613,9,0,1,0
90,231,152,0,1,0
91,192,487,0,1,0
92,266,556,0,1,0
93,505,938,0,1,0
94,627,331,0,1,0
95,208,890,0,1,0
96,777,869,0,1,0
97,514,551,0,1,0
98,122,77,0,1,0
99,712,188,0,1,0
100,259,261,0,1,0
101,757,448,1,0,1
102,662,942,1,0,1
103,7,33,0,0,1
104,644,427,1,0,1
105,597,556,1,0,1
106,879,257,0,1,0
107,622,213,0,1,0
108,879,329,0,1,0
109,823,588,0,0,1
110,372,876,1,0,1
111,0,776,0,1,0
112,799,415,0,1,0
113,854,299,0,1,0
114,561,253,0,1,0
115,879,557,0,1,0
116,47,908,1,0,0
117,713,832,0,1,0
118,413,3,1,0,0
119,208,721,0,1,0
120,716,464,1,0,1
121,872,527,0,1,0
122,9,481,1,0,0
123,620,25,1,0,0
124,272,431,0,1,0
125,848,559,1,0,1
126,808,8,0,1,0
127,679,752,0,1,0
128,236,779,1,0,1
129,531,6,0,1,0
130,458,878,0,1,0
131,7,180,1,0,0
132,890,272,0,1,0
133,8,274,0,1,0
134,648,589,0,1,0
135,334,439,0,1,0
136,195,165,0,1,0
137,561,567,0,1,0
138,623,739,1,0,1
139,621,152,1,0,1
140,9,421,0,1,0
141,610,644,1,0,1
142,514,370,0,1,0
143,817,188,0,1,0
144,396,606,0,1,0
145,171,84,0,1,0
146,485,582,1,0,0
147,478,681,0,1,0
148,738,353,0,1,0
149,267,201,0,1,0
150,167,220,1,0,1
151,718,341,0,1,0
152,423,457,1,0,1
153,336,347,0,1,0
154,6,901,1,0,0
155,77,148,0,1,0
156,590,592,1,1,0
157,200,282,0,1,0
158,442,726,0,1,0
159,868,609,0,1,0
160,783,723,0,1,0
161,122,575,0,1,0
162,804,782,0,1,0
163,669,185,0,1,0
164,92,562,0,1,0
165,538,915,0,1,0
166,841,288,0,1,0
167,253,172,0,1,0
168,238,9,0,1,0
169,883,7,1,0,0
170,570,675,1,0,1
171,981,500,0,1,0
172,134,375,0,1,0
173,0,926,1,0,0
174,184,851,0,1,0
175,72,61,1,0,0
176,576,431,0,1,0
177,384,384,0,1,0
178,394,649,0,1,0
179,709,3,0,1,0
180,505,138,0,1,0
181,988,649,0,1,0
182,483,861,0,1,0
183,715,288,1,0,0
184,331,326,1,0,1
185,519,77,1,1,0
186,846,263,1,0,1
187,759,462,0,1,0
188,394,990,0,1,0
189,861,58,1,0,0
190,904,532,0,1,0
191,950,1,0,1,0
192,899,240,0,1,0
193,480,250,0,1,0
194,2,537,0,1,0
195,554,272,0,1,0
196,3,676,1,0,1
197,966,990,0,1,0
198,717,936,0,1,0
199,780,549,0,1,0
200,510,634,1,0,0
201,159,884,0,1,0
202,205,822,0,1,0
203,947,7,0,1,0
204,7,719,1,1,0
205,725,879,0,1,0
206,206,267,1,0,1
207,735,383,0,1,0
208,263,620,0,1,0
209,783,32,1,0,1
210,233,990,1,0,0
211,723,789,0,1,0
212,30,592,0,1,0
213,605,877,0,1,0
214,990,506,1,1,0
215,518,653,1,1,0
216,357,77,0,1,0
217,475,291,0,1,0
218,672,374,0,1,0
219,309,10,1,0,1
220,2,785,0,0,1
221,736,205,0,1,0
222,5,550,0,1,0
223,441,86,0,1,0
224,269,474,0,1,0
225,649,705,0,1,0
226,303,530,1,0,1
227,492,674,1,1,0
228,953,721,0,1,0
229,459,314,1,0,1
230,312,155,0,1,0
231,7,120,1,0,1
232,796,125,0,1,0
233,225,753,0,1,0
234,441,643,0,1,0
235,667,474,0,1,0
236,395,841,0,1,0
237,308,0,0,1,0
238,501,368,1,1,0
239,251,920,0,1,0
240,180,148,0,0,1
241,274,928,0,1,0
242,264,232,0,1,0
243,176,326,1,0,1
244,230,810,0,1,0
245,837,600,1,0,1
246,764,206,1,0,1
247,563,826,0,1,0
248,321,6,0,1,0
249,671,797,0,1,0
250,889,605,0,1,0
251,893,691,1,0,1
252,674,614,0,1,0
253,662,129,1,0,0
254,123,230,1,0,0
255,110,436,0,1,0
256,633,420,0,0,1
257,770,593,0,1,0
258,592,568,0,1,0
259,799,818,1,0,1
260,789,442,0,1,0
261,589,509,0,1,0
262,8,515,0,1,0
263,879,679,0,1,0
264,56,626,0,1,0
265,188,377,0,1,0
266,49,888,1,0,0
267,279,37,0,0,1
268,750,123,0,1,0
269,892,4,1,0,0
270,792,723,1,0,1
271,723,328,1,0,0
272,833,953,1,0,1
273,465,685,0,1,0
274,107,360,1,0,1
275,112,4,0,1,0
276,505,140,0,0,1
277,707,675,1,0,1
278,542,541,1,1,0
279,384,0,1,0,0
280,233,184,0,1,0
281,194,726,0,1,0
282,496,664,1,0,1
283,990,904,1,0,0
284,874,787,0,1,0
285,821,7,0,1,0
286,828,944,1,0,1
287,4,39,0,1,0
288,9,695,0,1,0
289,148,694,0,1,0
290,552,388,0,1,0
291,846,125,1,0,1
292,38,847,1,0,0
293,5,244,0,1,0
294,27,903,1,0,1
295,227,643,0,1,0
296,248,687,0,1,0
297,330,104,0,1,0
298,642,768,0,1,0
299,52,295,1,0,1
300,483,725,1,0,1
301,675,574,1,0,1
302,202,159,0,0,1
303,0,498,0,1,0
304,574,206,0,1,0
305,942,0,0,1,0
306,771,92,0,1,0
307,582,249,1,0,1
308,838,10,1,0,0
309,436,219,1,0,1
310,843,317,0,1,0
311,791,538,0,1,0
312,217,793,0,1,0
313,352,2,1,0,0
314,5,244,0,1,0
315,899,743,0,1,0
316,2,790,0,1,0
317,789,756,0,0,1
318,524,772,0,1,0
319,61,990,1,0,0
320,734,871,0,1,0
321,745,590,1,0,1
322,776,820,0,1,0
323,842,628,1,0,1
324,1,503,0,1,0
325,585,834,0,1,0
326,272,66,0,1,0
327,799,475,0,1,0
328,152,452,0,1,0
329,95,400,0,1,0
330,625,781,0,1,0
331,5,150,0,1,0
332,701,962,0,1,0
333,240,845,0,1,0
334,186,400,0,1,0
335,771,702,0,1,0
336,882,336,0,1,0
337,421,123,0,1,0
338,758,8,0,1,0
339,0,707,1,1,0
340,869,693,0,1,0
341,862,616,0,1,0
342,578,678,0,1,0
343,557,8,0,1,0
344,977,943,1,0,0
345,495,594,1,0,0
346,172,211,1,0,1
347,283,510,0,1,0
348,252,466,0,1,0
349,754,108,0,1,0
350,126,838,1,0,1
351,486,248,1,0,1
352,363,962,0,1,0
353,864,763,0,1,0
354,829,917,0,1,0
355,4,791,1,0,1
356,137,679,0,1,0
357,84,415,0,1,0
358,584,587,0,1,0
359,644,908,0,1,0
360,391,315,0,1,0
361,7,816,0,1,0
362,713,3,0,1,0
363,608,374,1,0,1
364,871,859,0,1,0
365,836,840,0,1,0
366,323,175,0,1,0
367,438,599,0,1,0
368,254,403,0,1,0
369,169,478,1,0,1
370,617,861,0,1,0
371,8,886,1,0,0
372,757,633,1,0,1
373,367,0,0,1,0
374,878,914,0,1,0
375,511,140,0,1,0
376,181,840,0,1,0
377,509,903,0,1,0
378,487,642,1,1,0
379,106,869,0,1,0
380,810,431,0,1,0
381,852,647,1,0,1
382,711,482,0,1,0
383,462,10,1,0,0
384,858,174,1,0,0
385,438,9,1,0,1
386,890,766,0,1,0
387,293,164,0,1,0
388,751,5,0,1,0
389,404,134,1,0,1
390,0,21,0,1,0
391,21,893,1,0,0
392,176,50,0,1,0
393,226,809,0,1,0
394,758,575,0,1,0
395,257,1,1,0,0
396,40,486,0,1,0
397,0,827,0,1,0
398,243,236,0,1,0
399,715,94,1,1,0
400,538,444,1,0,0
401,746,469,0,0,1
402,351,527,0,1,0
403,347,80,0,1,0
404,103,578,0,1,0
405,904,90,0,0,1
406,712,439,0,1,0
407,287,460,0,1,0
408,9,755,1,0,0
409,591,73,0,1,0
410,312,677,1,0,1
411,447,10,1,0,1
412,539,286,0,1,0
413,792,780,0,1,0
414,241,857,0,1,0
415,486,189,1,0,1
416,182,475,0,1,0
417,590,907,0,1,0
418,280,889,0,1,0
419,418,269,0,1,0
420,741,484,0,1,0
421,887,755,0,1,0
422,20,678,1,0,1
423,277,45,1,0,1
424,201,400,0,1,0
425,127,362,0,1,0
426,72,778,0,1,0
427,309,556,1,0,1
428,980,5,1,0,0
429,585,990,0,1,0
430,353,158,0,1,0
431,608,671,0,1,0
432,871,268,0,1,0
433,805,454,1,0,1
434,432,835,0,1,0
435,831,405,0,1,0
436,488,10,1,0,0
437,784,624,0,1,0
438,534,678,0,1,0
439,864,148,0,1,0
440,281,4,0,1,0
441,697,592,1,0,1
442,425,435,1,0,0
443,278,279,0,1,0
444,142,217,0,0,1
445,290,454,0,1,0
446,774,629,0,1,0
447,409,925,0,1,0
448,654,91,1,0,0
449,60,279,1,0,0
450,899,288,0,1,0
451,301,9,0,1,0
452,935,138,1,0,1
453,267,686,1,0,1
454,640,629,0,1,0
455,592,173,0,1,0
456,990,900,1,0,0
457,659,345,0,1,0
458,319,787,0,1,0
459,10,840,1,0,0
460,978,2,1,0,0
461,479,376,1,0,1
462,639,593,1,0,1
463,851,573,1,0,1
464,575,858,0,1,0
465,869,496,0,1,0
466,201,235,1,0,1
467,471,427,1,0,0
468,27,1,1,0,1
469,740,379,0,1,0
470,689,3,0,1,0
471,2,530,0,1,0
472,854,0,1,0,0
473,7,564,1,0,1
474,319,81,0,0,1
475,336,6,1,0,1
476,325,368,0,1,0
477,545,530,0,1,0
478,442,834,1,0,1
479,702,243,1,0,0
480,853,431,0,1,0
481,240,244,1,0,1
482,237,834,1,0,1
483,515,993,0,1,0
484,886,724,0,1,0
485,599,578,0,1,0
486,336,506,0,1,0
487,106,524,0,0,1
488,351,809,0,1,0
489,611,398,1,0,1
490,854,781,1,0,1
491,397,340,0,1,0
492,990,15,1,0,0
493,756,102,0,1,0
494,587,194,0,1,0
495,87,592,0,1,0
496,154,165,0,1,0
497,632,510,0,1,0
498,189,793,1,0,1
499,923,191,1,0,1
500,320,238,1,0,1
501,102,937,1,0,0
502,567,4,0,1,0
503,754,9,0,1,0
504,222,303,0,1,0
505,604,456,1,0,1
506,682,674,1,0,1
507,611,382,0,1,0
508,337,139,0,1,0
509,163,640,0,1,0
510,553,1,1,0,1
511,990,529,0,1,0
512,879,174,1,0,0
513,8,676,1,0,1
514,672,181,0,1,0
515,134,135,0,1,0
516,872,407,0,1,0
517,597,170,0,1,0
518,690,247,0,1,0
519,367,114,0,1,0
520,722,677,0,1,0
521,935,100,0,1,0
522,261,522,1,0,1
523,457,732,0,1,0
524,805,839,0,1,0
525,599,405,1,0,1
526,2,37,0,1,0
527,467,413,1,0,1
528,754,5,0,1,0
529,292,555,1,0,1
530,935,498,1,0,1
531,439,721,0,1,0
532,140,930,0,1,0
533,65,210,0,1,0
534,830,352,0,1,0
535,279,838,0,1,0
536,843,697,0,1,0
537,398,583,0,1,0
538,428,129,0,1,0
539,615,416,1,0,1
540,481,655,0,1,0
541,450,685,0,1,0
542,664,493,0,1,0
543,9,46,0,1,0
544,308,273,1,0,0
545,52,2,0,1,0
546,111,406,0,1,0
547,439,396,0,1,0
548,59,824,0,0,1
549,632,582,0,1,0
550,784,367,0,1,0
551,233,926,0,1,0
552,957,286,1,0,1
553,376,793,1,0,1
554,485,771,0,1,0
555,215,868,0,1,0
556,327,615,0,1,0
557,299,0,0,1,0
558,845,551,1,0,1
559,717,518,0,1,0
560,789,651,0,1,0
561,684,754,0,1,0
562,828,611,0,1,0
563,435,990,0,1,0
564,3,142,1,0,1
565,181,704,0,1,0
566,168,95,0,1,0
567,266,354,0,1,0
568,759,144,0,1,0
569,210,6,0,1,0
570,747,668,1,0,1
571,274,625,0,1,0
572,640,339,0,1,0
573,183,526,1,0,1
574,893,536,0,1,0
575,527,194,0,1,0
576,27,867,1,0,0
577,342,829,1,0,1
578,171,162,0,1,0
579,726,127,0,1,0
580,195,757,0,1,0
581,9,370,1,0,0
582,339,331,0,1,0
583,495,986,0,1,0
584,300,210,1,0,1
585,177,517,0,1,0
586,804,315,0,1,0
587,801,1,0,1,0
588,282,583,0,1,0
589,550,777,0,1,0
590,408,372,0,1,0
591,805,390,1,0,1
592,793,851,0,1,0
593,251,679,0,1,0
594,793,576,0,1,0
595,596,896,1,0,1
596,332,817,0,1,0
597,802,603,0,1,0
598,160,329,0,1,0
599,84,340,0,1,0
600,917,261,0,1,0
601,730,798,0,1,0
602,718,443,0,1,0
603,0,429,0,1,0
604,521,71,0,1,0
605,379,362,0,1,0
606,811,4,1,0,1
607,173,260,0,1,0
608,504,631,1,0,0
609,389,442,0,1,0
610,753,942,0,1,0
611,419,261,0,1,0
612,334,838,0,1,0
613,41,529,0,1,0
614,590,761,1,0,1
615,507,4,0,1,0
616,915,811,1,0,0
617,730,593,0,1,0
618,442,287,0,1,0
619,684,210,0,1,0
620,9,76,0,1,0
621,509,281,0,1,0
622,539,2,0,1,0
623,136,379,0,1,0
624,670,371,1,0,1
625,243,478,0,1,0
626,4,20,0,1,0
627,107,326,0,1,0
628,833,5,1,0,0
629,633,652,0,1,0
630,754,465,0,1,0
631,902,869,0,1,0
632,990,792,1,0,0
633,157,233,0,1,0
634,865,263,0,1,0
635,549,862,0,1,0
636,753,784,0,1,0
637,191,474,0,1,0
638,372,543,1,1,0
639,681,349,1,0,1
640,165,746,0,1,0
641,5,586,0,1,0
642,4,967,0,1,0
643,935,628,0,1,0
644,524,273,0,1,0
645,86,193,0,1,0
646,618,191,0,1,0
647,4,644,0,1,0
648,101,239,0,1,0
649,752,393,0,1,0
650,954,990,0,1,0
651,746,336,0,1,0
652,262,451,0,1,0
653,219,4,0,1,0
654,0,824,0,1,0
655,508,6,0,1,0
656,369,413,0,1,0
657,681,219,0,1,0
658,317,740,0,1,0
659,252,44,1,0,1
660,269,106,1,0,1
661,344,629,1,0,1
662,359,162,1,0,1
663,682,404,0,1,0
664,116,584,0,1,0
665,248,570,0,1,0
666,146,426,0,1,0
667,579,99,0,1,0
668,940,630,0,1,0
669,921,2,1,0,0
670,214,346,0,1,0
671,809,689,0,1,0
672,919,690,0,1,0
673,751,273,1,0,1
674,726,337,0,1,0
675,664,555,0,1,0
676,813,877,0,1,0
677,907,880,0,1,0
678,534,385,1,1,0
679,7,147,0,1,0
680,554,469,0,1,0
681,489,9,1,0,0
682,139,730,0,1,0
683,4,604,0,1,0
684,221,65,0,1,0
685,378,270,1,0,1
686,829,116,0,1,0
687,783,530,1,0,1
688,569,786,0,1,0
689,804,750,1,0,1
690,608,574,0,1,0
691,222,735,0,1,0
692,789,748,0,1,0
693,407,834,0,1,0
694,665,305,1,0,0
695,694,420,0,1,0
696,843,470,1,0,1
697,576,346,0,1,0
698,174,466,1,0,1
699,114,718,0,1,0
700,753,261,1,0,1
701,95,955,1,0,0
702,547,402,0,1,0
703,397,4,1,0,0
704,275,875,0,1,0
705,5,645,0,1,0
706,550,9,1,0,1
707,468,702,0,1,0
708,878,311,0,1,0
709,536,10,0,1,0
710,671,164,0,1,0
711,348,589,0,1,0
712,1,579,0,1,0
713,874,795,0,1,0
714,877,423,0,1,0
715,582,7,0,1,0
716,94,853,0,1,0
717,772,747,1,0,1
718,417,377,1,0,1
719,643,898,0,1,0
720,447,393,0,1,0
721,884,71,0,1,0
722,959,151,0,1,0
723,932,869,0,1,0
724,106,883,0,1,0
725,603,181,0,1,0
726,279,516,0,1,0
727,4,951,1,0,0
728,512,901,0,0,1
729,8,523,0,1,0
730,196,252,0,1,0
731,120,718,0,1,0
732,487,761,1,0,1
733,425,138,1,0,1
734,5,268,0,1,0
735,164,542,0,1,0
736,590,473,0,1,0
737,199,5,1,0,0
738,68,861,0,1,0
739,163,715,0,1,0
740,102,94,0,1,0
741,937,5,0,1,0
742,701,805,0,1,0
743,322,632,0,1,0
744,812,621,0,1,0
745,445,861,1,0,1
746,142,252,1,0,1
747,0,520,1,0,1
748,520,671,0,1,0
749,946,107,0,1,0
750,990,874,1,0,0
751,917,85,0,1,0
752,311,524,1,0,1
753,3,945,1,0,0
754,497,225,0,1,0
755,554,585,0,1,0
756,834,520,0,1,0
757,823,830,0,1,0
758,522,783,0,1,0
759,1,160,1,0,1
760,525,198,0,1,0
761,579,5,0,1,0
762,611,543,0,1,0
763,789,475,0,1,0
764,334,8,0,1,0
765,390,720,1,0,1
766,739,467,0,1,0
767,220,772,1,0,1
768,946,3,0,1,0
769,351,10,1,0,0
770,436,185,1,0,1
771,279,427,0,1,0
772,820,675,0,1,0
773,901,633,0,1,0
774,848,580,0,1,0
775,566,676,0,1,0
776,779,399,1,0,1
777,93,112,0,1,0
778,879,644,0,1,0
779,118,5,0,1,0
780,267,816,0,1,0
781,682,555,0,1,0
782,346,156,0,1,0
783,165,260,1,0,1
784,228,5,1,0,1
785,702,147,1,0,1
786,808,147,1,0,1
787,677,862,0,1,0
788,10,911,1,0,0
789,103,895,1,0,0
790,526,89,0,1,0
791,193,642,0,1,0
792,9,983,1,0,0
793,6,688,0,1,0
794,227,580,0,1,0
795,909,745,1,0,1
796,392,727,1,1,0
797,963,181,0,1,0
798,935,491,0,1,0
799,900,439,0,1,0
800,487,469,1,0,0
801,227,167,0,1,0
802,365,255,0,1,0
803,251,132,0,1,0
804,501,7,0,1,0
805,788,256,1,0,0
806,885,385,0,1,0
807,414,110,1,0,1
808,833,570,0,1,0
809,3,242,0,1,0
810,869,604,0,1,0
811,679,451,0,1,0
812,895,638,0,1,0
813,138,615,1,0,1
814,823,10,0,1,0
815,539,340,0,1,0
816,564,132,0,1,0
817,367,885,0,1,0
818,788,469,1,0,1
819,805,909,0,1,0
820,194,716,0,1,0
821,511,56,0,1,0
822,278,655,0,1,0
823,990,839,0,1,0
824,3,640,0,1,0
825,528,783,0,1,0
826,399,9,1,0,0
827,669,888,0,1,0
828,608,910,0,1,0
829,741,467,0,1,0
830,640,652,0,1,0
831,593,587,0,1,0
832,200,438,0,1,0
833,161,4,0,1,0
834,10,194,0,1,0
835,798,576,0,1,0
836,427,302,1,0,1
837,889,769,0,1,0
838,0,381,1,0,1
839,963,6,0,1,0
840,224,537,0,1,0
841,406,674,0,1,0
842,286,8,0,1,0
843,584,575,1,1,0
844,123,373,1,0,1
845,689,154,0,1,0
846,399,273,0,1,0
847,230,633,0,1,0
848,836,843,0,1,0
849,990,856,0,1,0
850,593,3,0,1,0
851,395,571,0,1,0
852,340,778,1,0,1
853,196,635,0,1,0
854,410,202,0,1,0
855,244,418,0,1,0
856,446,873,0,1,0
857,276,749,1,1,0
858,424,431,0,0,1
859,877,158,0,1,0
860,378,846,0,1,0
861,744,961,0,1,0
862,0,280,0,1,0
863,793,5,0,1,0
864,254,402,0,1,0
865,195,543,1,0,1
866,81,254,0,1,0
867,13,196,0,1,0
868,682,704,0,1,0
869,664,438,0,1,0
870,705,810,1,0,1
871,337,715,0,1,0
872,2,208,0,1,0
873,867,524,0,1,0
874,618,430,0,1,0
875,912,981,0,1,0
876,940,663,0,1,0
877,238,296,0,1,0
878,907,494,0,1,0
879,636,719,1,0,1
880,356,975,0,1,0
881,463,534,1,0,0
882,1,31,1,0,1
883,860,263,0,1,0
884,5,672,0,1,0
885,514,817,0,1,0
886,506,106,0,1,0
887,317,712,0,1,0
888,640,232,0,1,0
889,174,10,1,0,1
890,597,692,0,1,0
891,460,297,0,1,0
892,971,654,1,0,1
893,3,851,1,0,0
894,516,990,0,1,0
895,93,5,1,0,0
896,902,257,0,1,0
897,790,132,1,1,0
898,313,202,0,1,0
899,93,2,1,0,0
900,459,421,1,0,1
901,587,9,0,1,0
902,277,762,1,0,1
903,652,689,0,1,0
904,9,710,0,1,0
905,646,524,0,1,0
906,0,112,1,0,0
907,262,781,1,0,1
908,251,576,0,1,0
909,72,990,1,0,0
910,990,389,1,0,1
911,239,271,0,1,0
912,583,696,0,1,0
913,604,720,0,1,0
914,579,224,0,1,0
915,608,346,0,1,0
916,759,4,0,1,0
917,394,861,1,0,1
918,9,403,1,0,0
919,595,450,0,1,0
920,614,706,0,1,0
921,319,841,1,0,1
922,633,736,0,1,0
923,686,495,1,0,1
924,533,159,0,1,0
925,398,866,0,1,0
926,9,660,0,1,0
927,217,10,0,1,0
928,724,553,0,1,0
929,834,514,1,0,1
930,418,10,1,0,0
931,933,616,0,1,0
932,212,43,0,1,0
933,570,531,1,1,0
934,994,890,0,1,0
935,191,144,1,0,1
936,778,1,0,1,0
937,644,262,0,1,0
938,396,484,1,0,0
939,370,554,0,1,0
940,352,5,0,1,0
941,148,324,0,1,0
942,749,159,1,0,1
943,735,199,0,1,0
944,947,50,0,1,0
945,229,414,1,0,1
946,528,887,0,1,0
947,676,850,0,1,0
948,2,908,1,0,0
949,1,458,0,1,0
950,407,590,1,0,1
951,214,653,0,1,0
952,428,2,0,1,0
953,489,714,1,0,1
954,586,522,0,1,0
955,180,0,0,1,0
956,334,181,0,1,0
957,351,234,1,0,1
958,419,225,0,1,0
959,804,667,0,1,0
960,615,915,0,1,0
961,173,620,0,1,0
962,731,990,1,0,1
963,270,349,0,1,0
964,61,9,1,0,1
965,350,113,0,1,0
966,543,299,1,0,1
967,7,793,0,1,0
968,279,307,0,0,1
969,63,10,0,1,0
970,9,673,0,1,0
971,491,608,1,0,0
972,558,152,0,1,0
973,814,752,0,1,0
974,2,719,1,1,0
975,369,402,0,1,0
976,854,708,1,0,1
977,302,621,0,1,0
978,421,172,0,1,0
979,256,828,0,1,0
980,691,398,0,1,0
981,631,880,0,1,0
982,437,274,0,1,0
983,415,502,1,0,0
984,189,442,0,1,0
985,422,347,0,1,0
986,590,7,0,1,0
987,721,0,1,0,1
988,516,253,0,1,0
989,85,648,0,1,0
990,103,571,1,0,1
991,729,126,0,1,0
992,290,48,0,1,0
993,8,24,0,1,0
994,139,157,0,1,0
995,713,889,0,1,0
996,706,634,0,1,0
997,0,81,1,0,1
998,701,617,0,1,0
999,671,552,0,1,0
