Index,x,y,alive,infected,immune
0,798,291,0,1,0
1,23,655,1,1,0
2,948,232,1,1,0
3,528,866,1,1,0
4,914,723,0,1,0
5,459,161,0,1,0
6,464,39,0,1,0
7,968,531,0,1,0
8,278,753,1,1,0
9,859,585,0,1,0
10,363,130,0,1,0
11,682,163,0,1,0
12,574,951,0,1,0
13,73,293,0,1,0
14,812,302,0,1,0
15,81,790,0,1,0
16,531,323,1,1,0
17,791,628,0,1,0
18,951,189,0,1,0
19,570,842,0,1,0
20,968,660,0,1,0
21,365,333,0,1,0
22,519,782,0,1,0
23,266,77,1,1,0
24,197,384,0,1,0
25,1,153,0,1,0
26,766,982,0,1,0
27,682,500,0,1,0
28,121,175,0,1,0
29,519,934,0,1,0
30,704,719,0,1,0
31,561,7,0,1,0
32,755,874,1,1,0
33,959,397,1,1,0
34,216,897,0,1,0
35,281,3,0,1,0
36,629,3,1,1,0
37,857,750,0,1,0
38,66,605,0,1,0
39,395,721,0,1,0
40,134,34,0,1,0
41,633,508,1,1,0
42,477,182,1,1,0
43,122,417,0,1,0
44,463,268,0,1,0
45,194,115,0,1,0
46,523,892,1,1,0
47,765,564,0,1,0
48,741,348,0,1,0
49,433,134,0,1,0
50,487,899,0,1,0
51,884,804,0,1,0
52,136,373,0,1,0
53,181,380,0,1,0
54,288,878,0,1,0
55,585,299,1,1,0
56,760,149,0,1,0
57,607,274,0,1,0
58,151,391,0,1,0
59,990,407,0,1,0
60,221,565,0,1,0
61,594,0,0,1,0
62,373,957,0,1,0
63,152,477,0,1,0
64,4,962,0,1,0
65,946,385,1,1,0
66,80,810,0,1,0
67,764,833,0,1,0
68,644,755,0,1,0
69,676,949,0,1,0
70,563,821,0,1,0
71,754,23,0,1,0
72,608,798,0,1,0
73,654,727,0,1,0
74,335,4,0,1,0
75,950,130,1,1,0
76,110,341,0,1,0
77,437,210,1,1,0
78,316,712,1,1,0
79,908,102,0,1,0
80,124,501,0,1,0
81,780,809,0,1,0
82,183,121,0,1,0
83,203,861,0,1,0
84,329,558,0,1,0
85,210,398,0,1,0
86,403,741,1,1,0
87,866,596,0,1,0
88,560,170,0,1,0
89,648,942,0,1,0
90,330,199,0,1,0
91,241,510,0,1,0
92,301,430,0,1,0
93,479,895,0,1,0
94,642,447,0,1,0
95,189,943,0,1,0
96,719,897,0,1,0
97,637,502,0,1,0
98,62,44,0,1,0
99,630,160,0,1,0
100,235,286,1,0,0
101,774,429,1,0,0
102,720,837,1,1,0
103,4,33,1,1,0
104,655,413,1,1,0
105,563,566,1,0,0
106,874,215,1,0,0
107,645,212,1,1,0
108,845,343,1,0,0
109,756,641,1,0,0
110,333,864,1,0,0
111,5,776,1,0,0
112,782,414,1,0,0
113,880,325,1,0,0
114,579,331,1,1,0
115,855,575,0,1,0
116,102,963,1,0,0
117,741,827,0,1,0
118,413,0,1,0,0
119,160,748,1,0,0
120,695,487,1,0,0
121,867,495,1,0,0
122,963,491,1,0,0
123,672,92,1,0,0
124,274,324,1,0,0
125,815,614,1,1,0
126,808,9,1,0,0
127,645,811,1,0,0
128,224,736,1,0,0
129,531,5,1,0,0
130,391,773,1,0,0
131,2,180,1,0,0
132,949,214,1,1,0
133,63,239,0,1,0
134,697,571,1,1,0
135,329,520,1,0,0
136,194,184,1,0,0
137,568,610,1,0,0
138,655,702,1,0,0
139,572,143,1,1,0
140,6,421,0,1,0
141,575,746,1,0,0
142,485,367,1,0,0
143,751,114,0,1,0
144,357,712,1,0,0
145,204,88,1,1,0
146,539,510,1,0,0
147,465,619,1,0,0
148,701,363,0,1,0
149,299,162,1,0,0
150,110,183,1,1,0
151,649,382,1,0,0
152,378,393,1,0,0
153,346,352,1,0,0
154,8,901,1,0,0
155,122,161,1,0,0
156,553,530,1,0,0
157,176,309,1,0,0
158,364,685,1,0,0
159,857,600,1,1,0
160,841,761,1,0,0
161,144,573,1,0,0
162,714,749,1,0,0
163,607,178,1,0,0
164,55,542,0,1,0
165,571,884,0,1,0
166,880,274,1,0,0
167,328,205,0,1,0
168,238,7,1,0,0
169,870,931,1,0,0
170,491,719,1,0,0
171,948,514,0,1,0
172,148,255,1,0,0
173,6,926,1,0,0
174,46,873,1,0,0
175,98,90,1,0,0
176,600,361,1,0,0
177,365,419,1,0,0
178,380,597,1,0,0
179,709,0,1,0,0
180,545,92,1,0,0
181,919,620,1,0,0
182,441,954,1,0,0
183,744,285,1,0,0
184,373,308,1,0,0
185,502,85,1,0,0
186,771,363,1,1,0
187,653,465,0,1,0
188,405,917,1,0,0
189,819,104,1,0,0
190,946,571,1,0,0
191,906,952,1,0,0
192,925,214,0,1,0
193,478,240,0,1,0
194,951,540,1,1,0
195,516,249,1,0,0
196,5,676,1,1,0
197,930,939,1,0,0
198,757,883,1,0,0
199,823,587,0,1,0
200,544,579,1,0,0
201,198,778,1,0,0
202,308,876,1,1,0
203,947,6,1,0,0
204,45,754,1,0,0
205,660,899,1,1,0
206,217,345,1,0,0
207,745,315,1,0,0
208,281,596,1,0,0
209,751,135,1,0,0
210,219,953,1,0,0
211,684,784,1,0,0
212,77,589,0,1,0
213,635,772,0,1,0
214,990,506,1,0,0
215,540,780,1,0,0
216,270,82,0,1,0
217,361,280,1,0,0
218,625,408,1,0,0
219,309,10,1,0,0
220,3,785,1,0,0
221,772,142,1,1,0
222,6,550,1,0,0
223,324,187,0,1,0
224,276,511,1,1,0
225,653,670,1,0,0
226,369,559,1,0,0
227,519,605,1,0,0
228,946,728,1,1,0
229,406,356,1,0,0
230,291,140,1,0,0
231,931,179,1,0,0
232,801,131,1,0,0
233,206,743,1,0,0
234,387,667,1,0,0
235,624,495,0,1,0
236,346,814,1,0,0
237,314,971,1,0,0
238,456,386,1,0,0
239,229,914,0,1,0
240,272,65,1,1,0
241,303,873,0,1,0
242,296,227,1,1,0
243,169,358,1,1,0
244,296,890,1,1,0
245,878,578,1,1,0
246,703,90,1,0,0
247,554,831,1,1,0
248,331,958,1,1,0
249,700,888,0,1,0
250,819,600,0,1,0
251,877,640,1,1,0
252,718,691,0,1,0
253,656,48,1,0,0
254,145,261,1,0,0
255,147,469,0,1,0
256,602,388,1,0,0
257,709,589,1,0,0
258,587,547,1,0,0
259,696,812,1,0,0
260,786,518,1,0,0
261,450,558,1,0,0
262,1,515,1,0,0
263,950,603,1,0,0
264,86,645,1,0,0
265,138,336,1,0,0
266,119,941,1,0,0
267,283,29,1,0,0
268,710,157,1,0,0
269,901,984,1,0,0
270,784,728,1,0,0
271,774,210,1,0,0
272,868,903,1,1,0
273,512,727,1,0,0
274,124,382,1,1,0
275,167,926,1,1,0
276,493,69,1,1,0
277,588,618,1,0,0
278,476,491,1,0,0
279,384,1,1,0,0
280,194,237,1,0,0
281,212,743,1,0,0
282,515,733,1,0,0
283,938,853,1,0,0
284,787,709,1,0,0
285,821,6,1,0,0
286,867,914,1,1,0
287,7,39,1,1,0
288,9,695,1,0,0
289,264,749,1,0,0
290,545,364,1,0,0
291,920,80,1,0,0
292,70,852,1,0,0
293,3,244,1,0,0
294,35,862,1,0,0
295,228,644,1,0,0
296,236,690,1,0,0
297,392,166,1,0,0
298,701,708,1,1,0
299,46,293,1,0,0
300,397,719,1,0,0
301,682,559,1,0,0
302,83,143,1,1,0
303,1,498,0,1,0
304,566,274,0,1,0
305,945,17,1,0,0
306,775,93,1,0,0
307,669,222,1,1,0
308,838,10,1,0,0
309,510,302,1,1,0
310,965,335,1,0,0
311,708,486,1,0,0
312,252,768,1,0,0
313,352,7,1,0,0
314,6,244,1,0,0
315,889,631,0,1,0
316,0,790,1,0,0
317,732,711,1,1,0
318,483,650,1,0,0
319,61,990,1,0,0
320,659,822,1,0,0
321,811,648,1,1,0
322,840,695,0,1,0
323,794,642,1,1,0
324,3,503,1,1,0
325,641,799,1,1,0
326,378,106,1,0,0
327,888,397,1,0,0
328,110,470,1,0,0
329,132,451,1,0,0
330,702,796,1,0,0
331,1,150,0,1,0
332,679,945,0,1,0
333,195,920,0,1,0
334,265,428,1,0,0
335,798,691,1,0,0
336,862,365,1,0,0
337,467,69,1,1,0
338,758,5,0,1,0
339,9,707,1,0,0
340,894,630,1,1,0
341,809,707,1,0,0
342,491,656,1,0,0
343,557,8,0,1,0
344,950,946,1,0,0
345,507,593,1,0,0
346,206,268,1,0,0
347,328,439,1,1,0
348,263,448,1,0,0
349,775,185,1,0,0
350,110,825,1,0,0
351,545,327,1,1,0
352,421,892,1,0,0
353,772,759,1,0,0
354,834,902,1,0,0
355,49,775,1,0,0
356,101,709,1,0,0
357,127,424,0,1,0
358,558,663,1,0,0
359,603,946,0,1,0
360,309,399,1,1,0
361,1,816,1,0,0
362,711,983,0,1,0
363,647,354,1,0,0
364,832,891,1,0,0
365,845,794,0,1,0
366,334,176,0,1,0
367,392,670,1,0,0
368,215,458,1,0,0
369,125,441,1,1,0
370,707,899,1,1,0
371,0,886,1,0,0
372,738,504,1,1,0
373,367,927,1,1,0
374,929,835,0,1,0
375,465,163,0,1,0
376,149,779,1,0,0
377,536,825,0,1,0
378,552,608,1,0,0
379,157,787,1,0,0
380,778,333,0,1,0
381,848,727,1,1,0
382,818,384,1,0,0
383,462,10,1,0,0
384,841,135,1,0,0
385,399,942,1,0,0
386,866,719,1,0,0
387,295,142,1,0,0
388,751,3,1,1,0
389,321,203,1,1,0
390,5,21,0,1,0
391,60,920,1,0,0
392,160,136,0,1,0
393,290,852,1,1,0
394,710,498,1,0,0
395,257,5,1,0,0
396,87,475,1,0,0
397,942,803,1,0,0
398,181,158,0,1,0
399,685,82,1,0,0
400,523,434,1,0,0
401,731,551,1,1,0
402,312,482,1,0,0
403,295,37,1,0,0
404,276,641,1,0,0
405,898,215,1,0,0
406,746,442,1,0,0
407,354,520,1,0,0
408,9,755,1,0,0
409,607,82,1,0,0
410,303,729,1,1,0
411,431,74,1,0,0
412,458,346,1,0,0
413,759,830,1,1,0
414,234,769,1,0,0
415,524,228,1,0,0
416,132,596,1,0,0
417,447,893,0,1,0
418,267,849,1,0,0
419,344,328,1,0,0
420,733,467,1,0,0
421,823,777,0,1,0
422,73,641,1,0,0
423,407,76,1,0,0
424,139,334,1,0,0
425,123,361,0,1,0
426,64,797,1,1,0
427,398,599,1,0,0
428,980,9,1,0,0
429,589,962,0,1,0
430,378,103,1,0,0
431,557,693,1,0,0
432,914,258,1,0,0
433,843,435,1,0,0
434,364,780,1,0,0
435,860,405,1,0,0
436,488,10,1,0,0
437,830,659,1,1,0
438,522,607,1,0,0
439,850,193,1,0,0
440,273,76,1,1,0
441,772,532,1,1,0
442,431,511,1,0,0
443,289,327,1,0,0
444,170,236,1,0,0
445,245,443,1,0,0
446,783,677,1,0,0
447,452,892,0,1,0
448,677,108,1,0,0
449,137,257,1,0,0
450,931,325,1,0,0
451,314,886,1,1,0
452,959,94,1,0,0
453,135,727,1,0,0
454,586,724,1,0,0
455,577,341,1,0,0
456,990,900,1,0,0
457,663,293,0,1,0
458,348,747,1,1,0
459,10,840,1,0,0
460,978,3,1,0,0
461,387,481,1,0,0
462,623,539,1,1,0
463,798,434,1,0,0
464,564,781,0,1,0
465,807,540,1,1,0
466,252,121,1,0,0
467,488,425,1,0,0
468,27,6,1,1,0
469,685,385,1,0,0
470,675,945,0,1,0
471,37,544,1,1,0
472,854,2,1,0,0
473,0,564,1,0,0
474,307,144,1,1,0
475,336,9,1,1,0
476,369,388,1,0,0
477,480,491,1,0,0
478,392,903,1,1,0
479,810,207,1,0,0
480,866,448,1,0,0
481,281,261,1,0,0
482,232,924,1,1,0
483,506,853,0,1,0
484,943,714,0,1,0
485,649,553,0,1,0
486,267,428,1,0,0
487,97,637,1,0,0
488,340,793,1,0,0
489,600,303,1,1,0
490,923,837,1,1,0
491,451,244,1,1,0
492,990,15,1,0,0
493,805,79,1,0,0
494,600,252,0,1,0
495,75,655,0,1,0
496,93,104,1,0,0
497,627,485,1,1,0
498,141,760,1,0,0
499,943,207,1,1,0
500,330,234,1,0,0
501,138,929,1,0,0
502,567,9,1,1,0
503,754,8,0,1,0
504,221,324,1,0,0
505,640,544,1,1,0
506,781,773,1,0,0
507,610,338,0,1,0
508,420,86,1,0,0
509,131,628,1,0,0
510,544,968,1,1,0
511,891,565,0,1,0
512,910,193,1,0,0
513,89,738,1,0,0
514,600,148,1,0,0
515,140,159,1,0,0
516,861,436,1,0,0
517,587,101,1,0,0
518,614,260,0,1,0
519,455,140,0,1,0
520,802,665,0,1,0
521,831,161,1,0,0
522,384,609,1,0,0
523,532,665,1,0,0
524,889,914,1,0,0
525,573,406,1,0,0
526,14,28,0,1,0
527,421,390,1,0,0
528,754,8,0,1,0
529,281,528,1,1,0
530,916,595,1,1,0
531,466,718,1,0,0
532,184,943,1,1,0
533,138,195,1,1,0
534,854,439,1,0,0
535,205,864,1,1,0
536,847,625,0,1,0
537,394,605,1,0,0
538,379,80,1,0,0
539,530,354,1,0,0
540,520,669,1,0,0
541,567,661,1,0,0
542,723,430,1,0,0
543,960,60,1,0,0
544,316,243,1,0,0
545,60,966,1,0,0
546,119,382,0,1,0
547,426,465,1,0,0
548,29,751,1,0,0
549,638,528,0,1,0
550,780,404,0,1,0
551,211,976,1,0,0
552,831,343,1,1,0
553,350,792,1,0,0
554,477,701,1,0,0
555,112,887,1,0,0
556,313,631,1,0,0
557,380,952,1,1,0
558,866,631,1,1,0
559,788,502,1,0,0
560,728,636,1,0,0
561,649,675,1,0,0
562,853,590,0,1,0
563,401,889,1,0,0
564,3,142,1,1,0
565,232,735,1,0,0
566,271,121,1,0,0
567,250,323,1,0,0
568,730,112,1,0,0
569,137,957,1,0,0
570,813,585,1,1,0
571,305,655,1,0,0
572,537,283,1,1,0
573,255,659,1,0,0
574,894,465,1,0,0
575,495,183,0,1,0
576,107,862,1,0,0
577,315,817,1,0,0
578,217,152,1,0,0
579,698,136,1,0,0
580,177,794,1,0,0
581,1,370,1,0,0
582,386,305,1,0,0
583,541,933,0,1,0
584,310,120,1,0,0
585,193,571,1,0,0
586,801,266,1,0,0
587,801,8,1,0,0
588,197,521,1,0,0
589,548,758,1,0,0
590,579,339,1,0,0
591,819,457,1,0,0
592,836,822,0,1,0
593,260,744,1,0,0
594,788,617,0,1,0
595,569,966,1,1,0
596,315,860,0,1,0
597,782,480,1,0,0
598,188,222,1,0,0
599,144,457,1,1,0
600,886,260,1,0,0
601,760,815,0,1,0
602,781,533,0,1,0
603,6,429,0,1,0
604,620,148,1,1,0
605,333,433,1,1,0
606,812,953,1,0,0
607,164,355,0,1,0
608,588,616,1,0,0
609,225,319,1,0,0
610,769,887,1,0,0
611,336,238,1,0,0
612,279,929,1,1,0
613,58,523,0,1,0
614,653,849,1,0,0
615,507,7,1,0,0
616,936,761,1,0,0
617,679,542,0,1,0
618,493,250,0,1,0
619,673,214,1,1,0
620,946,110,0,1,0
621,455,376,1,0,0
622,514,973,1,0,0
623,176,298,1,0,0
624,796,385,1,0,0
625,317,548,1,0,0
626,986,29,1,0,0
627,149,315,1,0,0
628,833,9,1,0,0
629,655,747,0,1,0
630,811,462,1,0,0
631,912,949,1,0,0
632,939,823,1,0,0
633,203,258,1,0,0
634,857,277,1,0,0
635,497,927,0,1,0
636,819,885,1,1,0
637,174,410,0,1,0
638,323,507,1,0,0
639,664,408,1,0,0
640,133,757,1,0,0
641,977,605,0,1,0
642,4,967,1,1,0
643,884,619,0,1,0
644,460,225,0,1,0
645,79,236,0,1,0
646,547,267,1,0,0
647,965,656,0,1,0
648,94,327,1,1,0
649,665,456,1,1,0
650,954,990,1,0,0
651,853,289,1,0,0
652,244,469,1,0,0
653,219,9,1,0,0
654,1,824,1,0,0
655,508,6,1,1,0
656,470,468,1,0,0
657,604,228,0,1,0
658,304,728,1,1,0
659,220,32,1,0,0
660,281,60,1,0,0
661,340,660,1,0,0
662,366,43,1,0,0
663,770,486,1,1,0
664,133,706,1,0,0
665,205,550,1,0,0
666,151,370,0,1,0
667,652,97,1,0,0
668,893,613,0,1,0
669,921,4,1,0,0
670,164,320,1,0,0
671,771,700,1,0,0
672,917,680,0,1,0
673,827,353,1,1,0
674,686,230,1,0,0
675,598,597,1,0,0
676,796,790,1,0,0
677,943,928,1,0,0
678,407,391,1,0,0
679,66,132,1,1,0
680,562,473,1,0,0
681,489,6,1,0,0
682,183,673,1,0,0
683,111,559,1,1,0
684,166,125,0,1,0
685,381,169,1,1,0
686,944,147,0,1,0
687,776,512,1,0,0
688,590,755,1,0,0
689,806,698,1,0,0
690,594,616,1,0,0
691,310,696,1,0,0
692,735,776,1,1,0
693,538,893,1,1,0
694,721,254,1,0,0
695,642,423,0,1,0
696,828,372,1,1,0
697,611,357,1,0,0
698,270,467,1,0,0
699,156,738,1,0,0
700,699,325,1,0,0
701,37,951,1,0,0
702,514,409,1,0,0
703,397,9,1,0,0
704,353,870,0,1,0
705,9,645,1,0,0
706,529,907,1,1,0
707,492,750,1,0,0
708,832,302,0,1,0
709,536,10,1,0,0
710,650,191,0,1,0
711,443,593,1,0,0
712,0,579,1,0,0
713,869,841,0,1,0
714,855,430,1,0,0
715,589,979,1,1,0
716,73,751,1,0,0
717,768,733,1,0,0
718,407,424,1,0,0
719,615,923,1,0,0
720,392,412,1,0,0
721,851,156,1,0,0
722,925,165,1,0,0
723,878,894,1,1,0
724,94,788,0,1,0
725,507,207,1,0,0
726,384,434,1,0,0
727,28,933,1,0,0
728,435,725,1,0,0
729,989,530,0,1,0
730,167,201,1,0,0
731,120,661,1,0,0
732,515,886,1,1,0
733,351,173,1,1,0
734,8,268,1,0,0
735,221,528,1,0,0
736,546,449,1,0,0
737,199,2,1,0,0
738,42,836,1,0,0
739,110,728,1,0,0
740,97,140,0,1,0
741,937,7,1,0,0
742,686,859,1,0,0
743,372,602,1,0,0
744,894,620,0,1,0
745,442,817,1,1,0
746,135,301,1,0,0
747,6,520,1,0,0
748,467,589,1,0,0
749,919,174,1,0,0
750,990,874,1,0,0
751,879,22,1,0,0
752,324,432,1,1,0
753,8,945,1,0,0
754,588,229,0,1,0
755,505,461,1,0,0
756,823,530,1,0,0
757,863,812,0,1,0
758,473,808,1,0,0
759,5,160,1,1,0
760,632,206,1,1,0
761,528,962,1,1,0
762,621,545,0,1,0
763,872,484,1,0,0
764,334,7,0,1,0
765,457,775,1,0,0
766,731,478,1,0,0
767,162,724,1,0,0
768,954,41,1,0,0
769,359,41,1,0,0
770,327,144,1,1,0
771,330,519,1,0,0
772,866,727,1,0,0
773,868,601,0,1,0
774,879,565,1,1,0
775,635,757,0,1,0
776,881,378,1,0,0
777,167,101,0,1,0
778,956,636,1,0,0
779,118,1,1,0,0
780,203,786,1,0,0
781,645,526,0,1,0
782,340,61,1,0,0
783,214,285,1,0,0
784,294,942,1,0,0
785,762,94,1,0,0
786,881,51,1,0,0
787,589,825,1,1,0
788,10,911,1,0,0
789,42,947,1,0,0
790,532,77,0,1,0
791,230,572,0,1,0
792,0,983,1,0,0
793,47,673,1,1,0
794,237,567,1,0,0
795,949,706,1,1,0
796,490,636,1,0,0
797,939,269,1,0,0
798,902,585,0,1,0
799,850,443,1,0,0
800,473,473,1,0,0
801,283,237,1,0,0
802,392,252,1,0,0
803,338,149,1,1,0
804,501,4,1,1,0
805,751,234,1,0,0
806,948,376,0,1,0
807,443,97,1,1,0
808,799,573,1,0,0
809,915,247,1,0,0
810,834,629,0,1,0
811,700,413,1,0,0
812,844,596,1,1,0
813,213,626,1,0,0
814,823,10,1,0,0
815,516,423,1,0,0
816,538,202,1,0,0
817,387,830,1,0,0
818,716,513,1,1,0
819,812,873,0,1,0
820,122,713,1,0,0
821,546,49,0,1,0
822,374,678,1,1,0
823,931,857,1,0,0
824,113,680,1,0,0
825,587,762,1,0,0
826,422,42,1,0,0
827,604,911,0,1,0
828,578,956,0,1,0
829,721,519,0,1,0
830,540,655,1,0,0
831,583,612,1,0,0
832,199,379,0,1,0
833,189,38,1,0,0
834,10,194,1,0,0
835,736,454,1,0,0
836,442,302,1,0,0
837,943,790,1,0,0
838,108,429,1,1,0
839,923,943,1,0,0
840,244,539,0,1,0
841,350,693,1,0,0
842,269,959,1,0,0
843,470,608,1,0,0
844,184,376,1,1,0
845,643,160,1,1,0
846,424,286,0,1,0
847,257,731,1,0,0
848,825,798,0,1,0
849,897,864,1,0,0
850,632,35,1,0,0
851,356,599,1,0,0
852,230,825,1,1,0
853,129,659,1,0,0
854,479,202,0,1,0
855,263,422,1,0,0
856,369,925,0,1,0
857,291,804,1,0,0
858,393,434,1,0,0
859,961,129,1,1,0
860,394,917,1,1,0
861,773,921,1,0,0
862,4,280,1,0,0
863,791,103,1,0,0
864,229,314,1,0,0
865,253,562,1,1,0
866,104,218,1,0,0
867,42,227,0,1,0
868,704,651,1,0,0
869,624,406,1,0,0
870,679,826,1,0,0
871,324,751,0,1,0
872,148,245,1,0,0
873,887,421,1,0,0
874,693,374,1,0,0
875,962,943,1,0,0
876,858,721,1,1,0
877,188,342,1,0,0
878,932,575,1,0,0
879,592,734,1,0,0
880,319,927,0,1,0
881,476,481,1,0,0
882,6,31,1,1,0
883,827,367,1,1,0
884,5,672,0,1,0
885,559,826,0,1,0
886,539,191,1,0,0
887,376,719,1,1,0
888,568,223,1,0,0
889,151,47,1,0,0
890,635,708,1,1,0
891,444,296,1,1,0
892,889,724,1,0,0
893,25,821,1,0,0
894,492,963,1,0,0
895,95,984,1,0,0
896,864,222,1,0,0
897,743,188,1,0,0
898,311,266,1,0,0
899,122,918,1,0,0
900,459,373,1,0,0
901,587,2,0,1,0
902,337,676,1,0,0
903,661,667,1,0,0
904,915,733,1,1,0
905,674,546,1,1,0
906,0,112,1,0,0
907,264,753,1,0,0
908,94,597,1,0,0
909,92,978,1,0,0
910,990,389,1,1,0
911,194,171,1,0,0
912,626,718,1,0,0
913,637,726,1,0,0
914,509,188,0,1,0
915,613,396,1,0,0
916,870,973,1,0,0
917,338,921,1,0,0
918,1,403,1,0,0
919,514,414,1,0,0
920,601,600,1,0,0
921,360,954,1,1,0
922,573,867,0,1,0
923,663,456,1,1,0
924,659,127,1,0,0
925,438,862,0,1,0
926,898,617,0,1,0
927,217,10,1,0,0
928,663,505,0,1,0
929,895,477,1,0,0
930,420,38,1,0,0
931,957,597,1,0,0
932,172,107,1,1,0
933,583,585,1,0,0
934,971,878,1,0,0
935,146,93,1,1,0
936,772,55,1,0,0
937,719,302,1,0,0
938,486,474,1,0,0
939,425,504,1,0,0
940,419,849,0,1,0
941,112,344,1,1,0
942,666,188,1,1,0
943,623,154,1,1,0
944,849,64,1,0,0
945,190,413,1,0,0
946,543,848,0,1,0
947,616,852,1,0,0
948,3,908,1,0,0
949,932,536,1,0,0
950,344,641,1,0,0
951,219,606,1,0,0
952,457,970,1,0,0
953,511,644,1,0,0
954,603,494,1,0,0
955,205,30,1,0,0
956,293,241,1,0,0
957,407,219,1,0,0
958,475,339,1,0,0
959,749,659,1,0,0
960,635,961,1,1,0
961,248,718,1,0,0
962,731,990,1,1,0
963,300,410,1,1,0
964,61,5,1,0,0
965,378,138,1,0,0
966,531,241,1,0,0
967,25,790,1,0,0
968,191,304,1,0,0
969,147,61,1,0,0
970,3,673,0,1,0
971,443,591,1,0,0
972,491,233,0,1,0
973,757,808,0,1,0
974,8,719,1,0,0
975,407,395,1,0,0
976,806,635,1,1,0
977,349,655,1,0,0
978,516,185,1,1,0
979,233,812,0,1,0
980,823,361,1,1,0
981,613,886,1,0,0
982,461,229,0,1,0
983,437,434,1,0,0
984,235,408,1,0,0
985,425,258,0,1,0
986,636,941,1,1,0
987,706,28,1,0,0
988,501,307,0,1,0
989,132,657,1,0,0
990,70,552,1,1,0
991,648,187,0,1,0
992,222,61,0,1,0
993,4,24,1,1,0
994,217,203,1,0,0
995,749,894,1,1,0
996,626,644,1,0,0
997,129,109,1,1,0
998,746,614,1,0,0
999,713,551,0,1,0
