Index,x,y,alive,infected,immune
0,776,302,0,1,0
1,20,633,1,0,1
2,946,221,0,0,1
3,534,865,1,0,1
4,911,717,0,1,0
5,456,144,0,1,0
6,450,38,0,1,0
7,952,530,0,1,0
8,304,754,1,0,1
9,868,594,0,1,0
10,364,145,0,1,0
11,676,160,0,1,0
12,573,955,0,1,0
13,81,289,0,1,0
14,830,296,0,1,0
15,79,804,0,1,0
16,523,330,1,0,1
17,797,627,0,1,0
18,954,200,0,1,0
19,582,837,0,1,0
20,976,632,0,1,0
21,370,346,0,1,0
22,504,763,0,1,0
23,249,74,1,0,1
24,197,398,0,1,0
25,0,153,0,1,0
26,778,984,0,1,0
27,692,495,0,1,0
28,124,162,0,1,0
29,514,944,0,1,0
30,701,743,0,1,0
31,561,2,0,1,0
32,765,864,1,0,1
33,968,391,1,0,1
34,219,913,0,1,0
35,281,9,0,1,0
36,629,3,1,0,1
37,841,739,0,1,0
38,63,596,0,1,0
39,391,732,0,1,0
40,125,40,0,1,0
41,659,515,1,0,1
42,496,184,1,0,1
43,132,410,0,1,0
44,467,272,0,1,0
45,186,123,0,1,0
46,539,882,1,0,1
47,755,576,0,1,0
48,721,342,0,1,0
49,431,139,0,1,0
50,495,915,0,1,0
51,892,787,0,1,0
52,137,367,0,1,0
53,174,374,0,1,0
54,278,884,0,1,0
55,580,302,0,0,1
56,746,154,0,1,0
57,598,265,0,1,0
58,169,382,0,1,0
59,990,407,0,1,0
60,216,557,0,1,0
61,594,4,0,1,0
62,380,972,0,1,0
63,165,490,0,1,0
64,8,962,0,1,0
65,942,371,1,0,1
66,71,800,0,1,0
67,761,853,0,1,0
68,638,752,0,1,0
69,673,939,0,1,0
70,576,820,0,1,0
71,759,22,0,1,0
72,593,806,0,1,0
73,642,733,0,1,0
74,335,4,0,1,0
75,981,146,1,0,1
76,110,326,0,1,0
77,436,219,1,0,1
78,323,719,1,0,1
79,918,96,0,1,0
80,105,499,0,1,0
81,779,818,0,1,0
82,178,140,0,1,0
83,180,880,0,1,0
84,323,544,0,1,0
85,197,402,0,1,0
86,408,737,1,0,1
87,883,593,0,1,0
88,555,164,0,1,0
89,622,932,0,1,0
90,326,181,0,1,0
91,257,505,0,1,0
92,280,425,0,1,0
93,472,885,0,1,0
94,657,444,0,1,0
95,184,941,0,1,0
96,716,915,0,1,0
97,643,512,0,1,0
98,72,50,0,1,0
99,639,156,0,1,0
100,230,292,1,0,0
101,781,430,1,0,0
102,726,833,1,1,0
103,3,33,1,1,0
104,656,427,1,1,0
105,581,560,1,0,0
106,880,234,1,0,0
107,643,228,1,1,0
108,847,348,1,1,0
109,764,644,1,0,0
110,336,858,1,0,0
111,0,776,1,0,0
112,796,420,1,0,0
113,881,335,1,0,0
114,574,322,1,1,0
115,868,576,0,1,0
116,118,978,1,0,0
117,742,831,0,1,0
118,413,5,1,0,0
119,156,737,1,0,0
120,692,501,1,1,0
121,877,501,1,0,0
122,980,499,1,0,0
123,667,96,1,0,0
124,299,317,1,0,0
125,823,618,1,1,0
126,808,9,1,0,0
127,641,797,1,0,0
128,221,725,1,0,0
129,531,3,1,0,0
130,386,778,1,0,0
131,1,180,1,0,0
132,968,243,1,1,0
133,83,247,0,1,0
134,687,589,1,1,0
135,317,517,1,0,0
136,209,196,1,0,0
137,576,609,1,0,0
138,644,707,1,0,0
139,576,154,1,0,1
140,7,421,0,1,0
141,559,732,1,0,0
142,495,365,1,0,0
143,751,117,0,1,0
144,385,715,1,0,0
145,201,63,1,1,0
146,537,521,1,0,0
147,465,621,1,0,0
148,683,365,0,1,0
149,288,178,1,0,0
150,81,183,1,1,0
151,646,381,1,0,0
152,375,385,1,0,0
153,354,346,1,0,0
154,1,901,1,0,0
155,134,176,1,1,0
156,564,510,1,0,0
157,172,288,1,0,0
158,360,692,1,0,0
159,831,615,1,1,0
160,829,757,1,1,0
161,124,574,1,0,0
162,721,761,1,0,0
163,613,160,1,0,0
164,66,534,0,1,0
165,571,883,0,1,0
166,897,269,1,0,0
167,320,215,0,1,0
168,238,9,1,0,0
169,853,934,1,0,0
170,509,725,1,0,0
171,942,532,0,1,0
172,146,237,1,0,0
173,5,926,1,0,0
174,50,870,1,0,0
175,86,99,1,0,0
176,614,373,1,0,0
177,374,411,1,0,0
178,376,616,1,0,0
179,709,6,1,0,0
180,562,107,1,0,0
181,921,625,1,0,0
182,423,959,1,0,0
183,745,272,1,0,0
184,361,306,1,0,0
185,507,78,1,0,0
186,773,354,1,1,0
187,664,487,0,1,0
188,404,934,1,0,0
189,812,106,1,0,0
190,949,564,1,0,0
191,930,959,1,0,0
192,924,204,0,1,0
193,497,235,0,1,0
194,964,547,0,1,0
195,502,242,1,0,0
196,1,676,1,1,0
197,951,943,1,0,0
198,758,882,1,0,0
199,830,587,0,1,0
200,541,577,1,0,0
201,196,782,1,0,0
202,306,879,1,1,0
203,947,3,1,0,0
204,41,762,1,0,0
205,647,907,1,1,0
206,207,349,1,0,0
207,751,323,1,0,0
208,285,603,1,0,0
209,766,142,1,0,0
210,202,968,1,0,0
211,698,777,1,0,0
212,90,597,0,1,0
213,620,774,0,1,0
214,990,506,1,0,0
215,534,779,1,0,0
216,268,85,0,1,0
217,377,268,1,0,0
218,636,424,1,0,0
219,309,10,1,0,0
220,2,785,1,0,0
221,790,109,1,1,0
222,8,550,1,0,0
223,336,191,0,1,0
224,292,482,0,1,0
225,650,651,1,0,0
226,391,556,1,0,0
227,509,619,1,0,0
228,961,715,0,1,0
229,409,362,1,0,0
230,280,152,1,0,0
231,936,161,1,0,0
232,813,122,1,0,0
233,208,748,1,0,0
234,384,661,1,1,0
235,633,504,0,1,0
236,345,823,1,0,0
237,317,986,1,0,0
238,467,399,1,0,0
239,231,909,0,1,0
240,266,52,1,1,0
241,283,892,0,1,0
242,306,243,0,1,0
243,172,333,1,1,0
244,303,899,0,1,0
245,873,568,1,1,0
246,706,97,1,0,0
247,557,822,0,1,0
248,328,987,1,1,0
249,697,891,0,1,0
250,832,609,0,1,0
251,888,631,1,1,0
252,733,691,0,1,0
253,643,34,1,0,0
254,158,273,1,0,0
255,134,466,0,1,0
256,600,385,1,0,0
257,707,588,1,1,0
258,587,547,1,0,0
259,709,807,1,0,0
260,792,522,1,1,0
261,444,562,1,0,0
262,5,515,1,1,0
263,964,592,1,1,0
264,76,640,1,1,0
265,155,358,1,0,0
266,104,937,1,0,0
267,282,26,1,0,0
268,715,150,1,0,0
269,892,1,1,0,0
270,791,707,1,0,0
271,774,195,1,0,0
272,874,912,1,0,1
273,503,717,1,0,0
274,145,390,1,1,0
275,165,924,0,1,0
276,491,72,1,1,0
277,600,621,1,0,0
278,482,488,1,0,0
279,384,0,1,0,0
280,201,255,1,0,0
281,205,745,1,0,0
282,525,726,1,0,0
283,949,869,1,0,0
284,800,729,1,0,0
285,821,6,1,0,0
286,867,916,1,1,0
287,2,39,0,1,0
288,9,695,1,0,0
289,254,749,1,0,0
290,553,361,1,0,0
291,907,71,1,0,0
292,69,855,1,0,0
293,1,244,1,0,0
294,37,854,1,0,0
295,220,636,1,0,0
296,252,701,1,0,0
297,403,154,1,0,0
298,715,710,1,1,0
299,61,266,1,0,0
300,368,736,1,1,0
301,673,562,1,0,0
302,86,154,1,1,0
303,0,498,0,1,0
304,568,254,0,1,0
305,942,9,1,0,0
306,752,106,1,0,0
307,649,244,1,1,0
308,838,10,1,0,0
309,499,325,1,1,0
310,950,336,1,0,0
311,716,490,1,0,0
312,248,767,1,0,0
313,352,3,1,0,0
314,9,244,1,0,0
315,866,634,0,1,0
316,4,790,1,0,0
317,742,711,0,0,1
318,490,664,1,0,0
319,61,990,1,0,0
320,668,829,1,0,0
321,797,640,1,0,1
322,833,696,0,1,0
323,767,660,1,1,0
324,2,503,0,1,0
325,629,807,0,1,0
326,368,86,1,0,0
327,862,415,1,0,0
328,109,472,1,0,0
329,148,437,1,0,0
330,686,778,1,0,0
331,2,150,0,1,0
332,677,931,0,1,0
333,187,918,0,1,0
334,248,431,1,0,0
335,786,683,1,0,0
336,853,354,1,0,0
337,460,59,0,1,0
338,758,5,0,1,0
339,1,707,1,0,0
340,891,615,1,1,0
341,794,710,1,0,0
342,506,652,1,0,0
343,557,8,0,1,0
344,948,948,1,0,0
345,499,591,1,0,0
346,221,283,1,0,0
347,325,476,0,1,0
348,262,438,1,0,0
349,770,183,1,0,0
350,103,841,1,0,0
351,543,310,1,1,0
352,428,896,1,0,0
353,779,745,1,0,0
354,845,899,1,0,0
355,50,767,1,0,0
356,120,708,1,0,0
357,106,433,0,1,0
358,559,646,1,0,0
359,609,941,0,1,0
360,309,406,1,1,0
361,4,816,1,0,0
362,695,969,0,1,0
363,659,363,1,0,0
364,851,894,1,0,0
365,862,819,0,1,0
366,324,188,0,1,0
367,394,658,1,0,0
368,220,439,1,0,0
369,136,464,1,0,1
370,706,888,1,1,0
371,5,886,1,0,0
372,749,528,1,1,0
373,365,922,1,1,0
374,912,833,0,1,0
375,470,165,0,1,0
376,162,777,1,0,0
377,520,834,0,1,0
378,540,602,1,0,0
379,156,768,1,0,0
380,765,325,0,1,0
381,846,719,1,1,0
382,822,380,1,1,0
383,462,10,1,0,0
384,854,148,1,0,0
385,401,951,1,0,0
386,857,731,1,1,0
387,295,138,1,0,0
388,751,0,0,1,0
389,347,180,1,1,0
390,7,21,0,1,0
391,59,918,1,0,0
392,169,121,0,1,0
393,288,856,1,1,0
394,719,503,1,0,0
395,257,2,1,0,0
396,81,468,1,0,0
397,949,802,1,0,0
398,195,168,0,1,0
399,679,78,1,0,0
400,529,418,1,0,0
401,721,551,1,1,0
402,318,490,1,0,0
403,292,49,1,0,0
404,279,637,1,0,0
405,890,205,1,0,0
406,729,459,1,0,0
407,342,520,1,0,0
408,3,755,1,0,0
409,621,91,1,0,0
410,304,720,1,1,0
411,430,59,1,0,0
412,463,351,1,0,0
413,764,823,1,1,0
414,223,781,1,0,0
415,513,223,1,0,0
416,138,588,1,0,0
417,466,909,0,1,0
418,271,853,1,1,0
419,360,311,1,0,0
420,706,468,1,0,0
421,823,771,0,1,0
422,54,641,1,0,0
423,392,70,1,0,0
424,115,346,1,0,0
425,129,377,0,1,0
426,57,792,1,1,0
427,390,586,1,0,0
428,980,3,1,0,0
429,593,969,0,1,0
430,365,108,1,0,0
431,550,697,1,0,0
432,919,284,1,0,0
433,862,437,1,0,0
434,371,784,1,0,0
435,865,417,1,0,0
436,488,10,1,0,0
437,823,637,1,1,0
438,514,584,1,0,0
439,842,206,1,0,0
440,277,64,1,1,0
441,766,531,1,1,0
442,439,517,1,0,0
443,285,338,1,0,0
444,159,244,1,0,0
445,248,432,1,0,0
446,778,700,1,0,0
447,457,888,0,1,0
448,691,110,1,0,0
449,145,250,1,0,0
450,911,326,1,0,0
451,339,914,0,1,0
452,957,90,1,0,0
453,163,737,1,0,0
454,589,717,1,0,0
455,591,344,1,0,0
456,990,900,1,0,0
457,640,312,0,1,0
458,337,745,0,1,0
459,10,840,1,0,0
460,978,9,1,0,0
461,375,457,1,0,0
462,630,529,1,1,0
463,793,436,1,0,0
464,566,797,0,1,0
465,804,530,0,1,0
466,265,134,1,0,0
467,478,416,1,0,0
468,27,3,1,1,0
469,674,385,1,0,0
470,679,962,0,1,0
471,43,528,1,1,0
472,854,3,1,0,0
473,2,564,1,0,0
474,281,126,1,1,0
475,336,1,1,1,0
476,374,395,1,0,0
477,487,469,1,0,0
478,386,882,1,1,0
479,809,213,1,0,0
480,854,456,1,0,0
481,287,253,1,0,0
482,245,906,1,0,1
483,503,848,0,1,0
484,957,715,0,1,0
485,648,552,0,1,0
486,259,433,1,0,0
487,93,633,1,0,0
488,324,795,1,0,0
489,579,322,1,1,0
490,907,828,1,1,0
491,418,253,0,1,0
492,990,15,1,0,0
493,806,80,1,0,0
494,611,261,0,1,0
495,75,643,0,1,0
496,90,111,1,0,0
497,595,493,0,1,0
498,147,777,1,0,0
499,938,235,1,1,0
500,326,228,1,0,0
501,126,912,1,0,0
502,567,0,0,1,0
503,754,5,0,1,0
504,232,332,1,0,0
505,637,536,1,1,0
506,776,782,1,0,0
507,614,359,0,1,0
508,424,81,1,1,0
509,131,619,1,0,0
510,557,960,1,1,0
511,894,558,0,1,0
512,907,200,1,0,0
513,96,724,1,0,0
514,598,132,1,0,0
515,146,145,1,0,0
516,850,439,1,0,0
517,592,107,1,0,0
518,617,273,0,1,0
519,450,132,0,1,0
520,803,656,0,1,0
521,826,162,1,0,0
522,372,621,1,0,0
523,516,663,1,0,0
524,889,905,1,1,0
525,574,415,1,0,0
526,8,37,0,1,0
527,432,384,1,0,0
528,754,1,0,1,0
529,289,535,1,0,1
530,916,613,1,1,0
531,443,726,1,0,0
532,170,939,1,1,0
533,153,201,1,1,0
534,866,443,1,0,0
535,205,896,1,1,0
536,850,637,0,1,0
537,396,619,1,0,0
538,380,75,1,0,0
539,536,335,1,0,0
540,519,670,1,0,0
541,558,681,1,0,0
542,710,426,1,0,0
543,951,56,1,0,0
544,325,262,1,0,0
545,58,961,1,0,0
546,122,367,0,1,0
547,420,459,1,0,0
548,40,739,1,0,0
549,646,530,0,1,0
550,764,410,0,1,0
551,220,963,1,0,0
552,840,327,1,1,0
553,358,788,1,0,0
554,450,706,1,0,0
555,108,874,1,0,0
556,314,641,1,0,0
557,351,950,1,1,0
558,867,647,1,1,0
559,789,510,1,0,0
560,725,639,1,0,0
561,660,691,1,0,0
562,877,578,0,1,0
563,413,876,1,1,0
564,4,142,1,1,0
565,233,753,1,0,0
566,258,115,1,0,0
567,271,327,1,0,0
568,734,115,1,1,0
569,132,952,1,0,0
570,813,587,1,0,1
571,323,670,1,0,0
572,530,278,1,1,0
573,244,645,1,0,0
574,878,465,1,0,0
575,485,168,0,1,0
576,90,876,1,0,0
577,319,809,1,0,0
578,234,156,1,0,0
579,719,142,1,0,0
580,189,784,1,0,0
581,1,370,1,0,0
582,380,291,1,0,0
583,533,930,0,1,0
584,306,138,1,0,0
585,172,563,1,0,0
586,795,273,1,0,0
587,801,2,1,0,0
588,199,517,1,0,0
589,562,759,1,0,0
590,581,333,1,0,0
591,806,446,1,0,0
592,844,839,0,1,0
593,268,727,1,0,0
594,779,617,0,1,0
595,559,950,1,1,0
596,307,860,0,1,0
597,773,477,1,0,0
598,163,238,1,0,0
599,141,447,1,1,0
600,889,249,1,0,0
601,763,807,0,1,0
602,773,535,0,1,0
603,9,429,0,1,0
604,601,147,0,1,0
605,340,418,1,1,0
606,808,946,1,0,0
607,168,358,0,1,0
608,598,637,1,0,0
609,249,323,1,0,0
610,780,873,1,0,0
611,345,230,1,0,0
612,264,903,1,1,0
613,50,534,0,1,0
614,635,827,1,0,0
615,507,6,0,1,0
616,941,759,1,0,0
617,680,565,0,1,0
618,489,244,0,1,0
619,684,240,1,1,0
620,942,112,0,1,0
621,461,394,1,0,0
622,525,974,1,1,0
623,184,285,1,0,0
624,787,376,1,0,0
625,312,562,1,0,0
626,1,20,1,1,0
627,155,308,1,0,0
628,833,2,1,0,0
629,667,757,0,1,0
630,796,463,1,0,0
631,932,943,1,0,0
632,929,807,1,0,0
633,204,272,1,0,0
634,868,290,1,0,0
635,509,938,0,1,0
636,809,889,0,1,0
637,155,408,0,1,0
638,337,493,1,0,0
639,659,417,1,1,0
640,144,761,1,0,0
641,970,589,0,1,0
642,3,967,0,1,0
643,883,619,0,1,0
644,447,235,0,1,0
645,78,229,0,1,0
646,554,273,1,0,0
647,981,646,0,1,0
648,98,334,1,1,0
649,650,447,0,1,0
650,954,990,1,0,0
651,848,286,1,0,0
652,238,452,1,0,0
653,219,9,1,0,0
654,0,824,1,0,0
655,508,5,0,1,0
656,444,467,1,0,0
657,597,206,0,1,0
658,291,728,1,1,0
659,208,36,1,0,0
660,269,67,1,1,0
661,343,680,1,0,0
662,358,42,1,0,0
663,756,487,1,1,0
664,124,702,1,0,0
665,202,543,1,0,0
666,150,373,0,1,0
667,650,113,1,0,0
668,900,621,0,1,0
669,921,1,1,0,0
670,179,306,1,0,0
671,769,705,1,0,0
672,893,687,0,1,0
673,825,342,1,1,0
674,677,243,1,1,0
675,617,597,1,0,0
676,802,787,1,0,0
677,941,919,1,0,0
678,401,384,1,0,0
679,73,140,1,1,0
680,551,463,1,0,0
681,489,6,1,0,0
682,190,647,1,0,0
683,76,570,0,1,0
684,175,108,0,1,0
685,359,137,1,0,1
686,921,144,0,1,0
687,788,517,1,1,0
688,607,771,1,0,0
689,806,684,1,0,0
690,594,620,1,0,0
691,303,702,1,0,0
692,769,788,1,1,0
693,536,880,0,1,0
694,731,267,1,0,0
695,660,417,0,1,0
696,825,386,1,1,0
697,600,360,1,1,0
698,276,459,1,0,0
699,157,728,1,0,0
700,698,318,1,0,0
701,46,936,1,0,0
702,521,397,1,0,0
703,397,4,1,0,0
704,344,881,0,1,0
705,3,645,1,0,0
706,559,888,1,1,0
707,488,735,1,0,0
708,832,307,0,1,0
709,536,10,1,0,0
710,651,186,0,1,0
711,438,577,1,0,0
712,5,579,1,0,0
713,878,852,0,1,0
714,872,438,1,0,0
715,582,9,0,1,0
716,76,763,1,0,0
717,778,725,1,0,0
718,411,438,1,0,0
719,625,918,1,0,0
720,382,404,1,0,0
721,835,145,1,0,0
722,916,153,1,0,0
723,871,895,1,1,0
724,81,807,0,1,0
725,530,194,1,0,0
726,392,438,1,0,0
727,21,944,1,0,0
728,425,732,1,0,0
729,7,523,0,1,0
730,167,214,1,0,0
731,118,670,1,0,0
732,530,862,1,0,1
733,359,198,1,1,0
734,7,268,1,0,0
735,235,533,1,0,0
736,553,462,1,0,0
737,199,7,1,0,0
738,28,850,1,0,0
739,111,726,1,0,0
740,91,139,0,1,0
741,937,9,1,0,0
742,693,865,1,0,0
743,379,596,1,0,0
744,877,609,0,1,0
745,433,824,1,1,0
746,146,303,1,0,0
747,1,520,1,1,0
748,479,586,1,0,0
749,909,175,1,0,0
750,990,874,1,0,0
751,882,16,1,0,0
752,320,435,1,1,0
753,0,945,1,0,0
754,590,234,0,1,0
755,498,474,1,0,0
756,829,538,1,0,0
757,861,803,0,1,0
758,486,811,1,0,0
759,3,160,1,0,1
760,627,205,0,1,0
761,537,956,0,1,0
762,622,537,0,1,0
763,872,487,1,0,0
764,334,4,0,1,0
765,463,771,1,0,0
766,724,466,1,0,0
767,175,715,1,0,0
768,968,55,1,0,0
769,361,29,1,0,0
770,330,153,1,1,0
771,319,538,1,0,0
772,881,722,1,1,0
773,869,600,0,1,0
774,881,557,0,1,0
775,621,748,0,1,0
776,879,377,1,0,0
777,175,86,0,1,0
778,954,631,1,0,0
779,118,3,1,0,0
780,206,800,1,0,0
781,657,523,0,1,0
782,359,64,1,0,0
783,203,294,1,0,0
784,313,946,1,0,0
785,752,109,1,0,0
786,866,58,1,0,0
787,582,817,1,1,0
788,10,911,1,0,0
789,53,961,1,0,0
790,533,80,0,1,0
791,220,576,0,1,0
792,8,983,1,0,0
793,43,693,0,1,0
794,262,566,1,1,0
795,964,682,1,0,1
796,484,638,1,0,0
797,935,290,1,0,0
798,903,613,0,1,0
799,860,442,1,0,0
800,470,479,1,0,0
801,280,249,1,0,0
802,380,262,1,0,0
803,302,146,1,1,0
804,501,7,0,1,0
805,741,223,1,0,0
806,942,376,0,1,0
807,425,90,1,1,0
808,794,581,1,0,0
809,909,260,1,0,0
810,842,619,0,1,0
811,708,401,1,0,0
812,860,588,0,1,0
813,211,618,1,0,0
814,823,10,1,0,0
815,528,428,1,0,0
816,543,204,1,0,0
817,393,827,1,0,0
818,708,510,1,1,0
819,833,876,0,1,0
820,132,690,1,0,0
821,536,34,0,1,0
822,385,676,1,1,0
823,937,876,1,0,0
824,100,684,1,0,0
825,582,752,1,0,0
826,409,36,1,0,0
827,605,901,0,1,0
828,576,960,0,1,0
829,736,514,0,1,0
830,533,643,1,0,0
831,588,610,1,0,0
832,206,386,0,1,0
833,184,46,1,0,0
834,10,194,1,0,0
835,754,446,1,0,0
836,432,301,1,1,0
837,960,789,1,0,0
838,111,417,1,1,0
839,914,939,1,0,0
840,235,550,0,1,0
841,357,679,1,0,0
842,272,949,1,0,0
843,485,593,1,0,0
844,175,380,1,1,0
845,638,145,0,1,0
846,431,287,0,1,0
847,264,748,1,0,0
848,831,788,0,1,0
849,904,855,1,0,0
850,613,19,1,0,0
851,358,604,1,0,0
852,221,800,1,1,0
853,124,664,1,0,0
854,482,205,0,1,0
855,272,416,1,0,0
856,374,922,0,1,0
857,302,805,1,0,0
858,404,436,1,0,0
859,935,123,0,1,0
860,403,910,1,1,0
861,758,910,1,1,0
862,5,280,1,0,0
863,792,108,1,0,0
864,227,310,1,0,0
865,224,538,1,0,1
866,88,224,1,0,0
867,29,227,0,1,0
868,719,667,1,0,0
869,616,389,1,0,0
870,680,852,1,0,0
871,323,761,0,1,0
872,144,262,1,0,0
873,898,419,1,0,0
874,697,372,0,1,0
875,964,951,1,0,0
876,853,701,1,1,0
877,196,340,1,0,0
878,923,572,1,0,0
879,593,732,1,0,0
880,328,929,0,1,0
881,480,460,1,0,0
882,8,31,1,0,1
883,837,345,0,1,0
884,9,672,0,1,0
885,545,820,0,1,0
886,540,185,1,0,0
887,353,711,1,1,0
888,566,231,1,0,0
889,156,27,1,0,0
890,629,688,0,1,0
891,462,297,0,1,0
892,907,721,1,1,0
893,25,819,1,0,0
894,491,969,1,0,0
895,93,0,1,0,0
896,872,240,1,0,0
897,734,208,1,0,0
898,313,252,1,0,0
899,113,904,1,0,0
900,477,383,1,0,0
901,587,3,0,1,0
902,346,692,1,0,0
903,677,652,1,0,0
904,888,724,1,1,0
905,667,524,0,1,0
906,8,112,1,0,0
907,252,758,1,0,0
908,93,604,1,1,0
909,117,982,1,0,0
910,990,389,1,1,0
911,195,185,1,0,0
912,623,725,1,1,0
913,625,721,1,1,0
914,516,194,0,1,0
915,619,388,1,0,0
916,879,959,1,0,0
917,348,912,1,0,0
918,5,403,1,0,0
919,527,398,1,0,0
920,612,608,1,0,0
921,378,964,1,1,0
922,577,857,0,1,0
923,651,443,1,1,0
924,651,128,1,0,0
925,451,863,0,1,0
926,914,617,0,1,0
927,217,10,1,0,0
928,676,497,0,1,0
929,883,490,1,0,0
930,415,38,1,0,0
931,945,602,1,0,0
932,203,100,1,1,0
933,584,586,1,0,0
934,953,882,1,0,0
935,144,100,1,1,0
936,767,45,1,0,0
937,714,291,1,0,0
938,489,473,1,0,0
939,435,501,1,0,0
940,442,835,0,1,0
941,123,351,1,1,0
942,685,203,1,1,0
943,631,169,1,1,0
944,844,61,1,0,0
945,191,427,1,0,0
946,531,842,0,1,0
947,599,851,1,0,0
948,2,908,1,0,0
949,935,547,1,0,0
950,338,636,1,0,0
951,205,593,1,0,0
952,441,978,1,0,0
953,516,647,1,0,0
954,625,487,1,1,0
955,200,27,1,0,0
956,300,239,1,1,0
957,403,200,1,0,0
958,488,335,1,0,0
959,752,663,1,1,0
960,661,944,0,1,0
961,246,708,1,0,0
962,731,990,1,1,0
963,317,404,1,1,0
964,61,5,1,0,0
965,386,128,1,0,0
966,540,223,1,0,0
967,25,790,1,0,0
968,202,303,1,0,0
969,157,68,1,0,0
970,4,673,0,1,0
971,449,586,1,0,0
972,487,212,0,1,0
973,746,810,0,1,0
974,4,719,1,0,0
975,394,410,1,0,0
976,789,650,1,1,0
977,357,651,1,0,0
978,514,164,0,1,0
979,235,815,0,1,0
980,792,350,1,1,0
981,628,878,1,0,0
982,478,229,0,1,0
983,439,430,1,0,0
984,221,408,1,0,0
985,423,271,0,1,0
986,649,950,0,1,0
987,716,20,1,0,0
988,516,315,0,1,0
989,125,662,1,0,0
990,83,542,1,1,0
991,647,180,0,1,0
992,219,73,0,1,0
993,0,24,0,1,0
994,208,201,1,0,0
995,791,895,1,1,0
996,610,633,1,0,0
997,156,128,1,1,0
998,727,604,1,0,0
999,720,563,0,1,0
