Index,x,y,alive,infected,immune
0,764,325,0,1,0
1,1,697,1,0,1
2,972,166,0,0,1
3,554,906,1,0,1
4,990,815,0,1,0
5,353,136,0,1,0
6,498,81,0,1,0
7,5,559,0,1,0
8,370,793,1,0,1
9,833,604,0,1,0
10,440,120,0,1,0
11,608,129,0,1,0
12,515,5,0,1,0
13,60,349,0,1,0
14,873,232,0,1,0
15,81,807,0,1,0
16,471,358,1,0,1
17,778,690,0,1,0
18,953,120,0,1,0
19,677,778,0,1,0
20,956,574,0,1,0
21,299,312,0,1,0
22,416,826,0,1,0
23,271,159,1,0,1
24,192,441,0,1,0
25,6,153,0,1,0
26,795,9,0,1,0
27,661,399,0,1,0
28,90,118,0,1,0
29,500,921,0,1,0
30,709,628,0,1,0
31,561,3,0,1,0
32,725,841,1,0,1
33,7,275,1,0,1
34,258,871,0,1,0
35,281,2,0,1,0
36,629,6,1,0,1
37,930,656,0,1,0
38,5,585,0,1,0
39,343,779,0,1,0
40,217,9,0,1,0
41,617,542,1,0,1
42,534,216,1,0,1
43,133,412,0,1,0
44,495,264,0,1,0
45,213,119,0,1,0
46,542,934,1,0,1
47,792,518,0,1,0
48,726,289,0,1,0
49,510,187,0,1,0
50,492,922,0,1,0
51,850,693,0,1,0
52,130,348,0,1,0
53,180,356,0,1,0
54,226,726,0,1,0
55,539,296,0,0,1
56,702,178,0,1,0
57,500,332,0,1,0
58,186,330,0,1,0
59,990,407,0,1,0
60,144,681,0,1,0
61,594,4,0,1,0
62,449,933,0,1,0
63,138,406,0,1,0
64,0,962,0,1,0
65,0,349,1,0,1
66,27,840,0,1,0
67,785,795,0,1,0
68,620,783,0,1,0
69,691,908,0,1,0
70,601,854,0,1,0
71,747,10,0,1,0
72,538,736,0,1,0
73,551,761,0,1,0
74,335,6,0,1,0
75,990,163,1,0,1
76,72,331,0,1,0
77,435,266,1,0,1
78,336,748,1,0,1
79,952,57,0,1,0
80,103,554,0,1,0
81,754,829,0,1,0
82,107,106,0,1,0
83,262,927,0,1,0
84,328,552,0,1,0
85,201,281,0,1,0
86,363,646,1,0,1
87,890,572,0,1,0
88,629,73,0,1,0
89,613,7,0,1,0
90,261,141,0,1,0
91,174,488,0,1,0
92,274,548,0,1,0
93,500,954,0,1,0
94,616,319,0,1,0
95,243,885,0,1,0
96,757,849,0,1,0
97,508,535,0,1,0
98,145,62,0,1,0
99,708,168,0,1,0
100,245,237,0,1,0
101,766,451,1,0,1
102,648,936,1,0,1
103,1,33,0,0,1
104,609,439,1,0,1
105,587,563,1,0,1
106,881,242,0,1,0
107,617,233,0,1,0
108,869,355,0,1,0
109,798,558,0,0,1
110,369,857,1,0,1
111,4,776,0,1,0
112,796,398,0,1,0
113,857,296,0,1,0
114,589,257,0,1,0
115,875,533,0,1,0
116,58,900,1,0,0
117,712,846,0,1,0
118,413,6,1,0,0
119,212,687,0,1,0
120,753,492,1,0,1
121,879,494,0,1,0
122,8,481,1,0,0
123,628,44,1,0,0
124,267,427,0,1,0
125,854,564,1,0,1
126,808,9,0,1,0
127,661,744,0,1,0
128,230,762,1,0,1
129,531,1,0,1,0
130,455,894,0,1,0
131,5,180,1,1,0
132,894,252,0,1,0
133,5,274,0,1,0
134,645,583,0,1,0
135,326,442,0,1,0
136,205,160,0,1,0
137,567,571,0,1,0
138,627,724,1,0,1
139,646,144,1,0,1
140,6,421,0,1,0
141,592,645,1,0,1
142,520,392,0,1,0
143,799,183,0,1,0
144,408,605,0,1,0
145,154,86,0,1,0
146,478,602,1,0,0
147,464,697,0,1,0
148,709,357,0,1,0
149,272,193,0,1,0
150,150,248,1,0,1
151,687,319,0,1,0
152,426,442,1,0,1
153,359,360,0,1,0
154,1,901,1,1,0
155,72,117,0,1,0
156,572,567,0,1,0
157,220,274,0,1,0
158,440,746,0,1,0
159,871,629,0,1,0
160,773,753,0,1,0
161,112,570,0,1,0
162,782,767,0,1,0
163,665,196,0,1,0
164,77,547,0,1,0
165,535,903,0,1,0
166,829,282,0,1,0
167,281,147,0,1,0
168,238,6,0,1,0
169,883,9,1,0,0
170,579,666,1,0,1
171,992,488,0,1,0
172,143,397,0,1,0
173,3,926,1,0,0
174,198,879,0,1,0
175,52,58,1,0,0
176,570,433,0,1,0
177,390,413,0,1,0
178,397,645,0,1,0
179,709,1,0,1,0
180,481,137,0,1,0
181,990,639,0,1,0
182,497,875,0,1,0
183,696,262,1,0,0
184,357,338,1,0,1
185,507,29,1,1,0
186,853,261,1,0,1
187,790,481,0,1,0
188,394,990,0,1,0
189,823,69,1,0,0
190,885,532,0,1,0
191,950,7,0,1,0
192,911,244,0,1,0
193,485,268,0,1,0
194,4,537,0,1,0
195,579,259,0,1,0
196,8,676,1,0,1
197,966,990,0,1,0
198,716,943,0,1,0
199,785,567,0,1,0
200,508,620,1,1,0
201,203,878,0,1,0
202,254,829,0,1,0
203,947,1,0,1,0
204,7,719,0,1,0
205,740,841,0,1,0
206,212,270,1,0,1
207,741,413,0,1,0
208,258,618,0,1,0
209,773,34,1,0,1
210,233,990,1,0,0
211,745,789,0,1,0
212,1,608,0,1,0
213,613,880,0,1,0
214,990,506,0,1,0
215,516,623,0,1,0
216,388,86,0,1,0
217,481,305,0,1,0
218,697,377,0,1,0
219,309,10,1,0,1
220,3,785,0,0,1
221,741,193,0,1,0
222,1,550,0,1,0
223,436,73,0,1,0
224,280,465,0,1,0
225,671,689,0,1,0
226,303,535,1,0,1
227,538,676,1,1,0
228,970,741,0,1,0
229,451,338,1,0,1
230,322,160,0,1,0
231,8,120,1,0,1
232,796,129,0,1,0
233,228,760,0,1,0
234,459,648,0,1,0
235,680,481,0,1,0
236,433,833,0,1,0
237,308,2,0,1,0
238,482,366,1,0,1
239,258,946,0,1,0
240,186,149,0,0,1
241,249,934,0,1,0
242,269,249,0,1,0
243,180,315,1,0,1
244,199,806,0,1,0
245,831,605,1,0,1
246,761,191,1,0,1
247,581,815,0,1,0
248,321,3,0,1,0
249,668,830,0,1,0
250,877,625,0,1,0
251,907,700,1,0,1
252,680,592,0,1,0
253,681,103,1,0,0
254,112,231,1,1,0
255,89,417,0,1,0
256,624,432,0,0,1
257,768,584,0,1,0
258,597,550,0,1,0
259,817,803,1,0,1
260,759,440,0,1,0
261,569,489,0,1,0
262,8,515,0,1,0
263,886,663,0,1,0
264,49,624,0,1,0
265,223,387,0,1,0
266,18,884,1,1,0
267,293,36,0,0,1
268,776,111,0,1,0
269,892,6,1,0,0
270,775,726,1,0,1
271,756,336,1,1,0
272,821,987,1,0,1
273,468,702,0,1,0
274,93,347,1,0,1
275,112,6,0,1,0
276,510,169,0,0,1
277,716,664,1,0,1
278,512,558,0,1,0
279,384,5,1,0,0
280,229,205,0,1,0
281,212,709,0,1,0
282,485,686,1,0,1
283,990,904,1,0,0
284,842,791,0,1,0
285,821,3,0,1,0
286,833,933,1,0,1
287,8,39,0,1,0
288,7,695,0,1,0
289,166,678,0,1,0
290,536,430,0,1,0
291,836,113,1,0,1
292,57,861,1,0,0
293,5,244,0,1,0
294,6,907,1,0,1
295,217,618,0,1,0
296,255,698,0,1,0
297,348,95,0,1,0
298,663,778,0,1,0
299,60,282,1,0,1
300,496,707,1,0,1
301,673,542,1,0,1
302,208,131,0,0,1
303,1,498,0,1,0
304,561,235,0,1,0
305,942,9,0,1,0
306,765,46,0,1,0
307,569,219,1,0,1
308,838,10,1,0,0
309,424,217,1,0,1
310,865,302,0,1,0
311,791,556,0,1,0
312,213,789,0,1,0
313,352,5,0,1,0
314,3,244,0,1,0
315,890,747,0,1,0
316,3,790,0,1,0
317,814,755,0,0,1
318,539,778,0,1,0
319,61,990,1,0,0
320,751,861,0,1,0
321,738,592,1,0,1
322,782,841,0,1,0
323,832,642,1,0,1
324,3,503,0,1,0
325,601,869,0,1,0
326,281,70,0,1,0
327,814,492,0,1,0
328,158,460,0,1,0
329,83,393,0,1,0
330,610,796,0,1,0
331,5,150,0,1,0
332,685,965,0,1,0
333,194,849,0,1,0
334,181,388,0,1,0
335,739,706,0,1,0
336,871,285,0,1,0
337,439,127,0,1,0
338,758,4,0,1,0
339,5,707,0,1,0
340,871,735,0,1,0
341,848,623,0,1,0
342,553,692,0,1,0
343,557,6,0,1,0
344,967,939,1,0,0
345,503,548,0,1,0
346,147,207,1,0,1
347,281,494,0,1,0
348,281,489,0,1,0
349,729,101,0,1,0
350,115,825,1,0,1
351,503,231,1,0,1
352,324,975,0,1,0
353,858,763,0,1,0
354,835,904,0,1,0
355,2,791,1,0,1
356,110,668,0,1,0
357,121,425,0,1,0
358,566,588,0,1,0
359,641,928,0,1,0
360,420,302,0,1,0
361,6,816,0,1,0
362,713,7,0,1,0
363,604,370,1,0,1
364,871,839,0,1,0
365,824,864,0,1,0
366,318,165,0,1,0
367,437,584,0,1,0
368,245,393,0,1,0
369,153,485,1,0,1
370,624,873,0,1,0
371,3,886,1,1,0
372,755,619,1,0,1
373,367,4,0,1,0
374,880,945,0,1,0
375,499,165,0,1,0
376,158,845,0,1,0
377,525,901,0,1,0
378,542,647,1,1,0
379,105,883,0,1,0
380,788,431,0,1,0
381,852,635,1,0,1
382,697,501,0,1,0
383,462,10,1,0,0
384,854,174,1,1,0
385,438,8,1,0,1
386,899,760,0,1,0
387,294,171,0,1,0
388,751,0,0,1,0
389,411,138,1,0,1
390,0,21,0,1,0
391,10,898,1,1,0
392,192,32,0,1,0
393,220,809,0,1,0
394,761,544,0,1,0
395,257,7,1,0,0
396,77,522,0,1,0
397,7,827,0,1,0
398,247,247,0,1,0
399,737,79,0,1,0
400,538,451,1,1,0
401,718,455,0,0,1
402,345,549,0,1,0
403,374,70,0,1,0
404,128,593,0,1,0
405,916,114,0,0,1
406,683,437,0,1,0
407,303,461,0,1,0
408,4,755,1,0,0
409,604,70,0,1,0
410,285,664,1,0,1
411,447,10,1,0,1
412,543,287,0,1,0
413,779,805,0,1,0
414,218,861,0,1,0
415,486,160,1,0,1
416,188,483,0,1,0
417,610,926,0,1,0
418,297,909,0,1,0
419,392,294,0,1,0
420,728,489,0,1,0
421,868,763,0,1,0
422,5,686,1,0,1
423,257,47,1,0,1
424,198,393,0,1,0
425,126,380,0,1,0
426,63,798,0,1,0
427,290,551,1,0,1
428,980,1,1,0,0
429,585,990,0,1,0
430,382,159,0,1,0
431,616,673,0,1,0
432,881,244,0,1,0
433,789,455,1,0,1
434,441,817,0,1,0
435,853,431,0,1,0
436,488,10,1,0,0
437,781,656,0,1,0
438,533,659,0,1,0
439,875,174,0,1,0
440,281,4,0,1,0
441,709,583,1,0,1
442,432,445,1,0,0
443,260,281,0,1,0
444,152,203,0,0,1
445,295,472,0,1,0
446,765,613,0,1,0
447,390,920,0,1,0
448,654,76,1,0,0
449,78,281,1,0,0
450,886,305,0,1,0
451,301,5,0,1,0
452,970,168,1,0,1
453,285,694,1,0,1
454,615,645,0,1,0
455,597,164,0,1,0
456,990,900,1,0,0
457,631,379,0,1,0
458,330,783,0,1,0
459,10,840,1,1,0
460,978,8,1,0,0
461,474,389,1,0,1
462,632,592,1,0,1
463,826,587,1,0,1
464,609,853,0,1,0
465,887,524,0,1,0
466,211,247,1,0,1
467,469,441,1,0,0
468,27,5,1,0,1
469,729,388,0,1,0
470,689,1,0,1,0
471,1,530,0,1,0
472,854,4,1,0,0
473,0,564,1,0,1
474,299,91,0,0,1
475,336,5,1,0,1
476,307,402,0,1,0
477,535,535,0,1,0
478,438,821,1,0,1
479,760,262,1,0,0
480,846,427,0,1,0
481,259,252,1,0,1
482,234,832,1,0,1
483,515,2,0,1,0
484,882,744,0,1,0
485,594,586,0,1,0
486,327,499,0,1,0
487,132,537,0,0,1
488,374,802,0,1,0
489,625,408,1,0,1
490,889,782,1,0,1
491,428,295,0,1,0
492,990,15,1,0,0
493,736,115,0,1,0
494,602,176,0,1,0
495,76,575,0,1,0
496,136,146,0,1,0
497,661,527,0,1,0
498,182,812,1,0,1
499,926,209,1,0,1
500,312,235,1,0,1
501,117,979,1,0,0
502,567,2,0,1,0
503,754,6,0,1,0
504,231,328,0,1,0
505,609,470,1,0,1
506,701,691,1,0,1
507,626,401,0,1,0
508,310,132,0,1,0
509,161,640,0,1,0
510,553,9,1,0,1
511,990,529,0,1,0
512,881,191,1,1,0
513,8,676,1,0,1
514,699,167,0,1,0
515,141,114,0,1,0
516,887,400,0,1,0
517,597,196,0,1,0
518,706,249,0,1,0
519,373,90,0,1,0
520,710,651,0,1,0
521,964,91,0,1,0
522,248,501,1,0,1
523,439,704,0,1,0
524,795,845,0,1,0
525,590,398,1,0,1
526,1,37,0,1,0
527,445,405,1,0,1
528,754,5,0,1,0
529,328,534,1,0,1
530,908,461,1,0,1
531,439,721,0,1,0
532,127,911,0,1,0
533,62,210,0,1,0
534,851,399,0,1,0
535,273,813,0,1,0
536,831,698,0,1,0
537,394,585,0,1,0
538,435,122,0,1,0
539,603,416,1,0,1
540,461,641,0,1,0
541,470,695,0,1,0
542,683,516,0,1,0
543,6,46,0,1,0
544,340,287,1,0,0
545,52,0,0,1,0
546,104,357,0,1,0
547,437,400,0,1,0
548,42,816,0,0,1
549,590,589,0,1,0
550,814,348,0,1,0
551,229,916,0,1,0
552,970,284,1,0,1
553,349,803,1,0,1
554,504,772,0,1,0
555,177,868,0,1,0
556,309,595,0,1,0
557,299,9,0,1,0
558,818,560,1,0,1
559,707,521,0,1,0
560,801,659,0,1,0
561,670,758,0,1,0
562,834,605,0,1,0
563,435,990,0,1,0
564,5,142,1,0,1
565,188,717,0,1,0
566,195,80,0,1,0
567,288,309,0,1,0
568,737,171,0,1,0
569,210,2,0,1,0
570,730,662,1,0,1
571,261,640,0,1,0
572,646,364,0,1,0
573,164,506,1,0,1
574,879,530,0,1,0
575,526,202,0,1,0
576,25,868,1,0,0
577,367,849,1,0,1
578,159,182,0,1,0
579,762,106,0,1,0
580,203,745,0,1,0
581,7,370,1,0,0
582,316,333,0,1,0
583,481,968,0,1,0
584,300,205,1,0,1
585,186,508,0,1,0
586,795,305,0,1,0
587,801,3,0,1,0
588,266,562,0,1,0
589,547,776,0,1,0
590,386,378,0,1,0
591,806,400,1,0,1
592,801,819,0,1,0
593,235,681,0,1,0
594,809,599,0,1,0
595,590,902,1,0,1
596,354,788,0,1,0
597,773,600,0,1,0
598,161,301,0,1,0
599,98,341,0,1,0
600,926,267,0,1,0
601,738,801,0,1,0
602,695,425,0,1,0
603,1,429,0,1,0
604,506,85,0,1,0
605,401,395,0,1,0
606,811,2,1,0,1
607,180,275,0,1,0
608,470,646,0,1,0
609,383,472,0,1,0
610,749,909,0,1,0
611,391,248,0,1,0
612,324,866,0,1,0
613,32,514,0,1,0
614,614,790,1,0,1
615,507,1,0,1,0
616,908,803,1,0,0
617,700,602,0,1,0
618,425,286,0,1,0
619,717,221,0,1,0
620,1,76,0,1,0
621,534,320,0,1,0
622,539,7,0,1,0
623,145,390,0,1,0
624,663,402,1,0,1
625,264,472,0,1,0
626,9,20,0,1,0
627,115,321,0,1,0
628,833,4,1,0,0
629,623,643,0,1,0
630,758,481,0,1,0
631,917,862,0,1,0
632,990,792,1,0,0
633,126,233,0,1,0
634,880,294,0,1,0
635,537,845,0,1,0
636,731,791,0,1,0
637,198,493,0,1,0
638,380,550,1,1,0
639,675,345,1,0,1
640,164,745,0,1,0
641,3,586,0,1,0
642,5,967,0,1,0
643,918,628,0,1,0
644,499,287,0,1,0
645,73,169,0,1,0
646,644,189,0,1,0
647,0,644,0,1,0
648,63,273,0,1,0
649,768,353,0,1,0
650,954,990,0,1,0
651,792,312,0,1,0
652,289,458,0,1,0
653,219,5,0,1,0
654,6,824,0,1,0
655,508,1,0,1,0
656,403,411,0,1,0
657,687,216,0,1,0
658,356,747,0,1,0
659,240,46,1,0,1
660,262,80,1,0,1
661,326,634,1,0,1
662,348,145,1,0,1
663,697,409,0,1,0
664,135,588,0,1,0
665,247,581,0,1,0
666,160,436,0,1,0
667,551,91,0,1,0
668,931,611,0,1,0
669,921,8,1,1,0
670,198,353,0,1,0
671,786,705,0,1,0
672,904,697,0,1,0
673,754,262,1,0,1
674,736,322,0,1,0
675,666,540,0,1,0
676,827,901,0,1,0
677,872,891,0,1,0
678,543,372,1,0,1
679,1,147,0,1,0
680,547,432,0,1,0
681,489,7,1,0,0
682,136,722,0,1,0
683,1,604,0,1,0
684,208,67,0,1,0
685,336,225,1,0,1
686,843,127,0,1,0
687,812,494,1,0,1
688,573,804,0,1,0
689,811,732,1,0,1
690,624,579,0,1,0
691,218,720,0,1,0
692,812,786,0,1,0
693,391,853,0,1,0
694,650,306,1,0,0
695,724,450,0,1,0
696,815,445,1,0,1
697,555,352,0,1,0
698,172,471,1,0,1
699,123,713,0,1,0
700,743,259,1,0,1
701,110,940,1,0,0
702,557,403,0,1,0
703,397,8,1,0,0
704,269,898,0,1,0
705,0,645,0,1,0
706,550,5,1,0,1
707,506,697,0,1,0
708,873,316,0,1,0
709,536,10,0,1,0
710,650,168,0,1,0
711,354,573,0,1,0
712,3,579,0,1,0
713,876,782,0,1,0
714,864,422,0,1,0
715,582,4,0,1,0
716,95,870,0,1,0
717,802,732,1,0,1
718,432,406,1,0,1
719,645,898,0,1,0
720,424,386,0,1,0
721,865,96,0,1,0
722,984,142,0,1,0
723,914,886,0,1,0
724,113,849,0,1,0
725,592,197,0,1,0
726,293,516,0,1,0
727,3,951,1,0,0
728,509,907,0,0,1
729,1,523,0,1,0
730,192,254,0,1,0
731,83,713,0,1,0
732,511,767,1,0,1
733,434,104,1,0,1
734,2,268,0,1,0
735,161,544,0,1,0
736,597,459,0,1,0
737,199,5,1,0,0
738,70,873,0,1,0
739,149,672,0,1,0
740,99,92,0,1,0
741,937,2,0,1,0
742,702,791,0,1,0
743,326,613,0,1,0
744,811,619,0,1,0
745,406,844,1,0,1
746,139,266,1,0,1
747,2,520,1,0,1
748,526,668,0,1,0
749,944,95,0,1,0
750,990,874,1,0,0
751,917,119,0,1,0
752,316,524,1,0,1
753,2,945,1,0,0
754,490,205,0,1,0
755,520,579,0,1,0
756,840,506,0,1,0
757,814,831,0,1,0
758,540,785,0,1,0
759,4,160,1,0,1
760,535,187,0,1,0
761,579,1,0,1,0
762,593,553,0,1,0
763,789,491,0,1,0
764,334,1,0,1,0
765,335,717,1,0,1
766,743,455,0,1,0
767,215,747,1,0,1
768,946,6,0,1,0
769,351,10,1,1,0
770,426,185,1,0,1
771,293,443,0,1,0
772,855,666,0,1,0
773,893,666,0,1,0
774,861,564,0,1,0
775,561,687,0,1,0
776,769,387,1,0,1
777,81,99,0,1,0
778,886,671,0,1,0
779,118,0,0,1,0
780,281,823,0,1,0
781,692,586,0,1,0
782,358,167,0,1,0
783,132,281,1,0,1
784,228,2,1,0,1
785,727,163,1,0,1
786,830,166,1,0,1
787,675,851,0,1,0
788,10,911,1,1,0
789,75,889,1,0,0
790,510,86,0,1,0
791,191,657,0,1,0
792,5,983,1,0,0
793,9,688,0,1,0
794,240,580,0,1,0
795,927,765,1,0,1
796,403,741,0,1,0
797,972,168,0,1,0
798,935,471,0,1,0
799,930,452,0,1,0
800,475,489,1,0,0
801,246,151,0,1,0
802,386,246,0,1,0
803,245,101,0,1,0
804,501,7,0,1,0
805,805,268,1,0,0
806,893,377,0,1,0
807,458,108,1,0,1
808,827,554,0,1,0
809,3,242,0,1,0
810,843,595,0,1,0
811,702,460,0,1,0
812,882,663,0,1,0
813,99,601,1,0,1
814,823,10,0,1,0
815,578,338,0,1,0
816,541,129,0,1,0
817,364,907,0,1,0
818,777,499,1,0,1
819,831,910,0,1,0
820,178,720,0,1,0
821,486,49,0,1,0
822,293,662,0,1,0
823,990,839,0,1,0
824,9,640,0,1,0
825,539,776,0,1,0
826,399,8,1,0,0
827,638,903,0,1,0
828,589,899,0,1,0
829,747,476,0,1,0
830,617,645,0,1,0
831,581,581,0,1,0
832,179,447,0,1,0
833,161,6,0,1,0
834,10,194,0,1,0
835,799,599,0,1,0
836,409,266,1,0,1
837,894,785,0,1,0
838,6,381,1,0,1
839,963,1,0,1,0
840,236,522,0,1,0
841,417,667,0,1,0
842,286,3,0,1,0
843,634,616,1,0,1
844,135,350,1,0,1
845,673,170,0,1,0
846,417,272,0,1,0
847,242,616,0,1,0
848,838,848,0,1,0
849,990,856,0,1,0
850,593,1,0,1,0
851,406,574,0,1,0
852,318,798,1,0,1
853,170,661,0,1,0
854,413,210,0,1,0
855,255,397,0,1,0
856,440,877,0,1,0
857,228,760,0,1,0
858,412,402,0,0,1
859,886,166,0,1,0
860,411,831,0,1,0
861,755,944,0,1,0
862,6,280,0,1,0
863,793,7,0,1,0
864,233,423,0,1,0
865,196,577,1,0,1
866,89,246,0,1,0
867,3,186,0,1,0
868,687,729,0,1,0
869,687,443,0,1,0
870,730,803,1,0,1
871,319,666,0,1,0
872,6,208,0,1,0
873,833,534,0,1,0
874,625,422,0,1,0
875,912,5,0,1,0
876,935,636,0,1,0
877,249,302,0,1,0
878,919,510,0,1,0
879,662,719,1,0,1
880,354,967,0,1,0
881,473,542,1,0,0
882,7,31,1,0,1
883,880,253,0,1,0
884,4,672,0,1,0
885,489,836,0,1,0
886,499,117,0,1,0
887,320,682,0,1,0
888,646,253,0,1,0
889,174,10,1,0,1
890,609,680,0,1,0
891,475,300,0,1,0
892,6,666,1,0,1
893,7,851,1,0,0
894,516,990,0,1,0
895,93,9,1,0,0
896,894,251,0,1,0
897,785,105,0,1,0
898,305,204,0,1,0
899,93,1,1,0,0
900,443,423,1,0,1
901,587,2,0,1,0
902,278,780,1,0,1
903,605,695,0,1,0
904,7,710,0,1,0
905,636,526,0,1,0
906,8,112,1,0,0
907,271,787,1,0,1
908,243,585,0,1,0
909,72,990,1,0,0
910,990,389,1,0,1
911,240,269,0,1,0
912,535,675,0,1,0
913,599,731,0,1,0
914,565,234,0,1,0
915,611,287,0,1,0
916,759,7,0,1,0
917,384,887,1,0,1
918,6,403,1,0,0
919,598,443,0,1,0
920,591,698,0,1,0
921,331,820,1,0,1
922,622,740,0,1,0
923,704,488,1,0,1
924,529,164,0,1,0
925,405,862,0,1,0
926,4,660,0,1,0
927,217,10,0,1,0
928,711,562,0,1,0
929,807,533,1,0,1
930,418,10,1,0,0
931,931,616,0,1,0
932,199,24,0,1,0
933,568,517,1,0,1
934,0,890,0,1,0
935,207,113,1,0,1
936,778,7,0,1,0
937,645,265,0,1,0
938,393,487,1,0,0
939,379,541,0,1,0
940,352,5,0,1,0
941,139,298,0,1,0
942,766,169,1,0,1
943,745,216,0,1,0
944,921,58,0,1,0
945,246,400,1,0,1
946,529,869,0,1,0
947,649,824,0,1,0
948,5,908,1,1,0
949,8,458,0,1,0
950,406,579,1,0,1
951,203,661,0,1,0
952,428,5,0,1,0
953,495,672,1,0,1
954,620,533,0,1,0
955,180,1,0,1,0
956,382,170,0,1,0
957,370,259,1,0,1
958,413,208,0,1,0
959,819,663,0,1,0
960,611,930,0,1,0
961,165,617,0,1,0
962,731,990,1,0,1
963,289,335,0,1,0
964,61,1,1,0,1
965,339,111,0,1,0
966,530,306,1,0,1
967,3,793,0,1,0
968,254,305,0,0,1
969,63,10,0,1,0
970,9,673,0,1,0
971,510,632,1,1,0
972,589,123,0,1,0
973,805,769,0,1,0
974,3,719,0,1,0
975,333,388,0,1,0
976,874,738,1,0,1
977,292,595,0,1,0
978,414,143,0,1,0
979,262,816,0,1,0
980,699,355,0,1,0
981,622,891,0,1,0
982,476,267,0,1,0
983,461,484,1,0,0
984,203,432,0,1,0
985,412,354,0,1,0
986,590,3,0,1,0
987,721,5,1,0,1
988,532,250,0,1,0
989,109,693,0,1,0
990,140,563,1,0,1
991,733,133,0,1,0
992,303,32,0,1,0
993,0,24,0,1,0
994,140,139,0,1,0
995,706,904,0,1,0
996,729,629,0,1,0
997,7,81,1,0,1
998,714,597,0,1,0
999,661,562,0,1,0
