Index,x,y,alive,infected,immune
0,791,312,0,1,0
1,18,631,1,0,1
2,950,222,0,0,1
3,533,865,1,0,1
4,884,725,0,1,0
5,439,130,0,1,0
6,450,55,0,1,0
7,992,559,0,1,0
8,299,777,1,0,1
9,880,606,0,1,0
10,416,130,0,1,0
11,652,170,0,1,0
12,538,958,0,1,0
13,71,309,0,1,0
14,846,290,0,1,0
15,84,800,0,1,0
16,519,308,1,0,1
17,782,603,0,1,0
18,971,206,0,1,0
19,604,839,0,1,0
20,966,606,0,1,0
21,334,370,0,1,0
22,482,790,0,1,0
23,254,67,1,0,1
24,204,413,0,1,0
25,0,153,0,1,0
26,795,0,0,1,0
27,672,457,0,1,0
28,128,139,0,1,0
29,519,908,0,1,0
30,698,733,0,1,0
31,561,5,0,1,0
32,756,862,1,0,1
33,942,375,1,0,1
34,247,885,0,1,0
35,281,2,0,1,0
36,629,1,1,0,1
37,906,722,0,1,0
38,41,556,0,1,0
39,425,745,0,1,0
40,174,61,0,1,0
41,696,498,1,0,1
42,510,151,1,0,1
43,124,414,0,1,0
44,430,288,0,1,0
45,183,129,0,1,0
46,541,893,1,0,1
47,740,593,0,1,0
48,714,327,0,1,0
49,407,164,0,1,0
50,501,913,0,1,0
51,902,701,0,1,0
52,103,409,0,1,0
53,131,385,0,1,0
54,282,886,0,1,0
55,573,332,0,0,1
56,708,191,0,1,0
57,537,271,0,1,0
58,156,381,0,1,0
59,990,407,0,1,0
60,232,554,0,1,0
61,594,2,0,1,0
62,343,960,0,1,0
63,163,460,0,1,0
64,1,962,0,1,0
65,985,347,1,0,1
66,73,821,0,1,0
67,788,808,0,1,0
68,610,729,0,1,0
69,686,936,0,1,0
70,592,783,0,1,0
71,747,20,0,1,0
72,579,826,0,1,0
73,608,741,0,1,0
74,335,1,0,1,0
75,990,163,1,0,1
76,146,338,0,1,0
77,422,260,1,0,1
78,345,710,1,0,1
79,924,102,0,1,0
80,102,503,0,1,0
81,815,822,0,1,0
82,193,161,0,1,0
83,219,924,0,1,0
84,352,545,0,1,0
85,191,360,0,1,0
86,391,699,1,0,1
87,843,611,0,1,0
88,560,177,0,1,0
89,632,926,0,1,0
90,322,188,0,1,0
91,226,499,0,1,0
92,262,452,0,1,0
93,481,896,0,1,0
94,658,444,0,1,0
95,192,950,0,1,0
96,718,945,0,1,0
97,616,521,0,1,0
98,81,38,0,1,0
99,653,167,0,1,0
100,217,286,1,1,0
101,815,394,1,0,0
102,681,864,1,0,1
103,7,33,0,0,1
104,654,489,1,0,1
105,555,589,1,0,0
106,876,240,1,0,0
107,629,214,0,1,0
108,898,414,0,1,0
109,823,612,1,1,0
110,344,852,1,0,0
111,5,776,0,1,0
112,768,474,1,1,0
113,858,360,0,1,0
114,573,341,0,1,0
115,883,531,0,1,0
116,120,977,1,0,0
117,698,835,0,1,0
118,413,5,1,0,0
119,175,741,1,0,0
120,678,510,1,1,0
121,858,497,0,1,0
122,0,481,1,0,0
123,677,101,1,0,0
124,304,333,1,0,0
125,855,632,1,0,1
126,808,2,0,1,0
127,647,788,1,0,0
128,210,722,1,0,0
129,531,0,0,1,0
130,420,782,1,0,0
131,8,180,1,0,0
132,923,265,0,1,0
133,58,263,0,1,0
134,655,585,0,1,0
135,319,420,1,1,0
136,212,266,1,1,0
137,570,606,1,0,0
138,670,743,1,1,0
139,582,147,1,0,1
140,2,421,0,1,0
141,601,681,1,0,0
142,509,373,1,0,0
143,772,104,0,1,0
144,397,688,1,0,0
145,201,43,0,1,0
146,525,528,1,0,0
147,430,652,1,0,0
148,698,361,0,1,0
149,288,182,0,1,0
150,103,192,1,0,1
151,653,388,1,1,0
152,384,400,1,1,0
153,342,363,0,1,0
154,1,901,1,0,0
155,101,137,0,1,0
156,576,549,1,0,0
157,152,292,0,1,0
158,372,719,1,0,0
159,854,598,0,1,0
160,803,729,0,1,0
161,126,558,1,1,0
162,738,768,1,0,0
163,625,189,0,1,0
164,74,542,0,1,0
165,534,832,0,1,0
166,877,254,1,0,0
167,288,202,0,1,0
168,238,2,1,0,0
169,862,939,1,0,0
170,532,703,1,0,0
171,926,541,0,1,0
172,153,224,1,0,0
173,0,926,1,0,0
174,87,864,1,0,0
175,46,84,1,0,0
176,591,384,0,1,0
177,379,436,0,1,0
178,377,629,1,1,0
179,709,5,1,1,0
180,546,101,1,1,0
181,974,613,0,1,0
182,432,923,1,0,0
183,778,235,1,0,0
184,307,299,1,0,0
185,530,71,1,0,0
186,806,381,1,0,1
187,677,476,0,1,0
188,418,953,1,0,0
189,850,95,1,0,0
190,964,543,1,0,0
191,937,981,1,0,0
192,945,230,0,1,0
193,489,248,0,1,0
194,977,537,0,1,0
195,510,271,0,1,0
196,2,676,1,0,1
197,977,931,1,0,0
198,762,889,1,0,0
199,810,606,0,1,0
200,546,593,1,0,0
201,174,787,1,0,0
202,296,856,0,1,0
203,947,9,1,0,0
204,32,740,1,0,0
205,659,936,0,1,0
206,229,327,1,0,0
207,766,305,1,1,0
208,262,597,1,0,0
209,769,109,1,1,0
210,233,990,1,0,0
211,724,780,1,0,0
212,100,600,0,1,0
213,604,786,0,1,0
214,990,506,1,0,0
215,530,770,1,0,0
216,291,61,0,1,0
217,358,239,0,1,0
218,635,429,0,1,0
219,309,10,1,0,0
220,3,785,1,1,0
221,764,149,0,1,0
222,6,550,1,0,0
223,359,167,0,1,0
224,281,441,0,1,0
225,649,655,1,0,0
226,393,553,1,0,0
227,525,662,1,0,0
228,934,727,0,1,0
229,441,347,1,0,0
230,272,186,1,1,0
231,932,157,1,0,0
232,812,134,1,0,0
233,248,746,1,0,0
234,381,634,0,1,0
235,646,495,0,1,0
236,336,869,1,0,0
237,308,7,1,0,0
238,503,398,1,0,0
239,229,900,0,1,0
240,240,95,0,0,1
241,279,877,0,1,0
242,334,235,0,1,0
243,205,311,1,0,1
244,262,889,0,1,0
245,854,602,1,0,1
246,740,125,1,1,0
247,553,846,0,1,0
248,321,2,0,1,0
249,686,821,0,1,0
250,860,579,0,1,0
251,870,704,1,0,1
252,712,698,0,1,0
253,598,48,1,0,0
254,155,252,1,0,0
255,113,474,0,1,0
256,632,379,1,0,0
257,722,585,0,1,0
258,554,564,1,0,0
259,773,825,1,1,0
260,853,509,0,1,0
261,490,542,1,0,0
262,1,515,0,1,0
263,946,633,0,1,0
264,92,608,0,1,0
265,190,350,0,1,0
266,88,889,1,0,0
267,285,59,1,1,0
268,759,145,0,1,0
269,892,7,1,0,0
270,828,696,1,1,0
271,741,215,1,0,0
272,841,961,1,0,1
273,521,701,1,0,0
274,161,449,1,0,1
275,168,920,0,1,0
276,452,56,0,0,1
277,621,654,1,0,0
278,525,529,1,0,0
279,384,2,1,0,0
280,230,269,1,1,0
281,176,730,1,0,0
282,514,692,1,0,0
283,955,884,1,0,0
284,785,733,1,1,0
285,821,8,1,0,0
286,872,940,1,0,1
287,3,39,0,1,0
288,9,695,1,0,0
289,204,727,1,0,0
290,558,355,1,1,0
291,904,107,1,1,0
292,61,852,1,0,0
293,5,244,1,0,0
294,39,866,1,0,0
295,221,670,1,0,0
296,210,714,1,0,0
297,378,163,0,1,0
298,724,739,0,1,0
299,84,290,1,1,0
300,458,756,1,0,1
301,678,573,1,1,0
302,109,166,0,0,1
303,5,498,0,1,0
304,576,265,0,1,0
305,942,1,1,0,0
306,732,134,0,1,0
307,603,273,1,0,1
308,838,10,1,0,0
309,491,311,1,0,1
310,922,332,1,0,0
311,720,468,1,1,0
312,198,754,1,1,0
313,352,2,1,0,0
314,0,244,1,0,0
315,888,696,0,1,0
316,5,790,0,1,0
317,763,737,0,0,1
318,558,704,1,0,0
319,61,990,1,0,0
320,640,864,1,0,0
321,792,637,1,0,1
322,825,729,0,1,0
323,773,621,1,0,1
324,4,503,0,1,0
325,628,807,0,1,0
326,357,99,1,0,0
327,856,473,1,0,0
328,140,476,1,1,0
329,165,450,1,1,0
330,682,788,1,0,0
331,4,150,0,1,0
332,704,926,0,1,0
333,219,906,0,1,0
334,265,439,1,1,0
335,824,713,0,1,0
336,816,285,0,1,0
337,448,95,0,1,0
338,758,1,0,1,0
339,9,707,1,0,0
340,877,613,0,1,0
341,797,691,1,1,0
342,489,657,1,0,0
343,557,9,0,1,0
344,974,954,1,0,0
345,468,574,1,0,0
346,218,277,1,1,0
347,317,486,0,1,0
348,276,447,0,1,0
349,780,168,1,0,0
350,82,818,1,1,0
351,554,289,1,0,1
352,426,861,1,0,0
353,801,732,1,1,0
354,905,904,0,1,0
355,63,758,1,1,0
356,125,692,1,0,0
357,96,432,0,1,0
358,551,634,1,0,0
359,613,947,0,1,0
360,322,409,0,1,0
361,2,816,1,0,0
362,713,0,0,1,0
363,666,367,1,1,0
364,839,900,0,1,0
365,826,839,0,1,0
366,332,114,0,1,0
367,436,684,1,0,0
368,235,423,1,1,0
369,150,491,1,0,1
370,663,879,0,1,0
371,1,886,1,0,0
372,719,556,1,0,1
373,366,938,0,1,0
374,858,853,0,1,0
375,492,158,0,1,0
376,159,797,1,0,0
377,495,832,0,1,0
378,491,647,1,0,0
379,127,784,1,0,0
380,782,358,0,1,0
381,816,694,1,0,1
382,761,404,0,1,0
383,462,10,1,0,0
384,858,172,1,0,0
385,438,7,1,1,0
386,890,745,0,1,0
387,283,135,1,0,0
388,751,6,0,1,0
389,395,151,1,0,1
390,1,21,0,1,0
391,72,902,1,0,0
392,194,101,0,1,0
393,265,844,0,1,0
394,753,550,0,1,0
395,257,9,1,0,0
396,70,490,1,0,0
397,940,827,1,0,0
398,205,150,0,1,0
399,690,58,1,0,0
400,523,409,1,0,0
401,728,575,0,0,1
402,298,481,1,1,0
403,307,65,1,1,0
404,269,620,1,0,0
405,895,183,1,0,0
406,781,467,1,1,0
407,322,499,0,1,0
408,7,755,1,0,0
409,608,101,1,0,0
410,265,691,1,0,1
411,447,10,1,1,0
412,504,347,1,0,0
413,732,862,0,1,0
414,245,791,0,1,0
415,501,201,1,1,0
416,117,551,0,1,0
417,490,909,0,1,0
418,298,861,0,1,0
419,380,310,0,1,0
420,723,465,1,1,0
421,837,753,0,1,0
422,37,681,1,1,0
423,375,83,1,1,0
424,125,319,0,1,0
425,147,364,0,1,0
426,44,801,0,1,0
427,358,597,1,0,0
428,980,0,1,0,0
429,576,979,0,1,0
430,327,100,1,0,0
431,579,703,1,0,0
432,910,286,1,0,0
433,848,465,1,0,0
434,400,778,1,0,0
435,815,404,1,0,0
436,488,10,1,0,0
437,822,638,0,1,0
438,495,581,1,0,0
439,862,205,1,0,0
440,288,64,0,1,0
441,750,531,1,0,1
442,436,493,1,0,0
443,248,307,1,0,0
444,184,220,1,0,0
445,276,448,1,1,0
446,813,684,0,1,0
447,436,930,0,1,0
448,698,106,1,0,0
449,110,257,1,0,0
450,916,340,1,1,0
451,295,971,0,1,0
452,959,113,1,1,0
453,199,720,1,0,0
454,561,675,1,0,0
455,603,293,0,1,0
456,990,900,1,0,0
457,630,339,0,1,0
458,331,754,0,1,0
459,10,840,1,0,0
460,978,8,1,0,0
461,382,467,1,0,0
462,600,563,1,0,1
463,825,435,1,0,0
464,573,841,0,1,0
465,819,543,0,1,0
466,292,152,1,0,0
467,480,418,1,0,0
468,27,4,1,0,1
469,667,377,0,1,0
470,689,0,0,1,0
471,31,519,0,1,0
472,854,0,1,0,0
473,4,564,1,0,0
474,251,115,0,0,1
475,336,3,1,0,1
476,360,382,1,0,0
477,490,495,1,0,0
478,371,883,1,0,1
479,826,252,1,0,0
480,862,431,1,0,0
481,304,258,1,1,0
482,229,864,1,0,1
483,492,911,0,1,0
484,953,720,0,1,0
485,648,603,0,1,0
486,314,438,0,1,0
487,118,642,1,1,0
488,346,804,1,0,0
489,566,345,1,0,1
490,904,854,1,0,1
491,370,292,0,1,0
492,990,15,1,0,0
493,778,100,1,0,0
494,591,253,0,1,0
495,126,624,0,1,0
496,94,95,1,0,0
497,617,489,0,1,0
498,153,737,1,0,0
499,939,238,1,0,1
500,333,224,1,1,0
501,111,947,1,0,0
502,567,8,0,1,0
503,754,2,0,1,0
504,264,325,1,0,0
505,662,468,1,0,1
506,744,742,1,1,0
507,609,337,0,1,0
508,428,101,0,1,0
509,96,624,0,1,0
510,553,0,1,0,1
511,877,527,0,1,0
512,920,200,1,0,0
513,101,693,1,0,0
514,633,172,0,1,0
515,129,116,0,1,0
516,840,423,1,0,0
517,599,109,0,1,0
518,609,269,0,1,0
519,418,128,0,1,0
520,787,637,0,1,0
521,870,139,1,0,0
522,324,613,1,1,0
523,475,695,1,0,0
524,841,870,0,1,0
525,573,385,1,0,0
526,1,37,0,1,0
527,423,392,1,0,0
528,754,3,0,1,0
529,331,538,1,0,1
530,923,611,1,0,1
531,470,731,1,0,0
532,119,895,0,1,0
533,121,178,0,1,0
534,841,455,1,0,0
535,244,877,0,1,0
536,848,662,0,1,0
537,394,594,1,0,0
538,429,95,1,1,0
539,560,362,1,1,0
540,510,654,1,0,0
541,550,662,1,0,0
542,679,471,1,1,0
543,959,69,1,0,0
544,336,264,1,0,0
545,63,966,1,0,0
546,128,385,0,1,0
547,430,429,1,0,0
548,65,725,1,0,0
549,618,534,0,1,0
550,794,418,0,1,0
551,224,949,1,0,0
552,895,324,1,0,1
553,389,832,1,0,0
554,472,720,1,0,0
555,172,863,0,1,0
556,326,646,1,1,0
557,322,967,0,1,0
558,818,590,1,0,1
559,763,498,0,1,0
560,734,645,1,0,0
561,645,722,0,1,0
562,871,614,0,1,0
563,389,913,0,1,0
564,2,142,1,0,1
565,240,713,1,0,0
566,216,123,0,1,0
567,253,353,1,0,0
568,741,115,0,1,0
569,165,945,1,0,0
570,801,608,1,0,1
571,267,644,1,0,0
572,539,272,0,1,0
573,231,613,1,0,0
574,899,453,1,0,0
575,522,175,0,1,0
576,109,881,1,0,0
577,322,847,1,0,0
578,208,175,1,0,0
579,727,148,0,1,0
580,198,795,1,0,0
581,2,370,1,0,0
582,365,336,1,0,0
583,515,932,0,1,0
584,250,163,1,1,0
585,166,560,1,0,0
586,806,275,1,0,0
587,801,2,0,1,0
588,183,497,1,0,0
589,569,744,1,0,0
590,554,360,0,1,0
591,807,402,1,0,0
592,825,869,0,1,0
593,278,706,0,1,0
594,763,599,0,1,0
595,534,907,1,0,1
596,298,848,0,1,0
597,761,531,1,1,0
598,145,254,1,0,0
599,122,452,0,1,0
600,919,248,0,1,0
601,763,781,0,1,0
602,754,518,0,1,0
603,4,429,0,1,0
604,581,96,0,1,0
605,378,425,0,1,0
606,796,989,1,1,0
607,148,332,0,1,0
608,576,636,1,0,0
609,284,345,1,0,0
610,762,883,1,0,0
611,395,238,1,0,0
612,250,876,0,1,0
613,75,521,0,1,0
614,639,805,1,1,0
615,507,9,0,1,0
616,949,758,1,0,0
617,707,585,0,1,0
618,460,230,0,1,0
619,670,236,0,1,0
620,949,95,0,1,0
621,504,353,1,0,0
622,539,0,0,1,0
623,165,304,1,1,0
624,720,375,1,1,0
625,283,518,1,0,0
626,4,20,0,1,0
627,146,308,0,1,0
628,833,9,1,0,0
629,661,751,0,1,0
630,737,485,0,1,0
631,906,985,1,0,0
632,970,814,1,0,0
633,213,307,0,1,0
634,897,259,1,1,0
635,461,936,0,1,0
636,793,861,0,1,0
637,137,442,0,1,0
638,365,497,1,0,0
639,622,352,1,0,1
640,120,762,1,0,0
641,980,602,0,1,0
642,2,967,0,1,0
643,883,595,0,1,0
644,442,269,0,1,0
645,80,203,0,1,0
646,553,258,1,0,0
647,3,644,0,1,0
648,66,327,0,1,0
649,686,443,0,1,0
650,954,990,1,0,0
651,801,314,1,1,0
652,224,406,1,1,0
653,219,3,1,0,0
654,1,824,1,0,0
655,508,7,0,1,0
656,465,423,1,0,0
657,603,202,0,1,0
658,294,728,0,1,0
659,208,38,1,0,0
660,309,101,1,1,0
661,334,636,1,1,0
662,357,61,1,0,0
663,742,441,0,1,0
664,98,719,1,0,0
665,239,553,1,1,0
666,128,403,0,1,0
667,616,138,1,0,0
668,888,636,0,1,0
669,921,1,1,0,0
670,169,286,0,1,0
671,780,713,1,0,0
672,888,693,0,1,0
673,820,288,1,0,1
674,690,270,0,1,0
675,612,565,1,0,0
676,806,795,1,0,0
677,926,903,1,0,0
678,444,397,1,0,0
679,5,147,0,1,0
680,551,497,1,0,0
681,489,7,1,0,0
682,191,664,1,0,0
683,61,616,0,1,0
684,193,96,0,1,0
685,360,121,1,0,1
686,903,101,0,1,0
687,825,490,1,1,0
688,591,772,0,1,0
689,805,694,1,1,0
690,612,612,1,0,0
691,286,710,0,1,0
692,777,773,0,1,0
693,540,888,0,1,0
694,753,293,1,0,0
695,624,432,0,1,0
696,832,405,1,0,1
697,576,368,0,1,0
698,233,461,1,1,0
699,173,749,1,0,0
700,711,307,1,0,0
701,55,921,1,0,0
702,539,416,1,0,0
703,397,7,1,0,0
704,345,895,0,1,0
705,3,645,0,1,0
706,550,935,1,0,1
707,492,708,1,0,0
708,833,266,0,1,0
709,536,10,1,1,0
710,651,202,0,1,0
711,443,579,1,0,0
712,4,579,1,0,0
713,879,874,0,1,0
714,868,420,1,0,0
715,582,0,0,1,0
716,81,757,1,0,0
717,774,716,1,0,0
718,364,423,1,1,0
719,600,898,0,1,0
720,356,432,1,0,0
721,813,113,1,0,0
722,943,165,1,0,0
723,881,906,0,1,0
724,70,810,0,1,0
725,555,195,1,1,0
726,364,438,0,1,0
727,3,951,1,0,0
728,421,760,1,1,0
729,8,523,0,1,0
730,170,235,1,0,0
731,111,709,1,0,0
732,528,866,1,0,1
733,376,177,1,0,1
734,5,268,1,0,0
735,247,550,0,1,0
736,537,504,1,0,0
737,199,5,1,0,0
738,55,849,1,0,0
739,134,711,1,0,0
740,68,155,0,1,0
741,937,6,1,0,0
742,704,849,0,1,0
743,309,660,0,1,0
744,882,602,0,1,0
745,415,825,1,0,1
746,151,325,1,1,0
747,0,520,1,1,0
748,455,631,1,0,0
749,921,153,1,0,0
750,990,874,1,0,0
751,876,72,1,0,0
752,308,448,1,0,1
753,4,945,1,0,0
754,567,235,0,1,0
755,489,507,1,0,0
756,877,490,0,1,0
757,881,795,0,1,0
758,502,803,1,1,0
759,6,160,1,0,1
760,620,205,0,1,0
761,547,927,0,1,0
762,643,581,0,1,0
763,878,470,1,0,0
764,334,8,0,1,0
765,448,744,1,0,0
766,735,450,1,1,0
767,188,680,1,0,0
768,946,8,1,0,0
769,351,10,1,0,0
770,346,151,1,0,1
771,307,509,0,1,0
772,840,721,0,1,0
773,866,608,0,1,0
774,865,535,0,1,0
775,595,730,0,1,0
776,848,362,1,1,0
777,202,88,0,1,0
778,941,672,1,0,0
779,118,1,1,0,0
780,225,812,0,1,0
781,674,558,0,1,0
782,364,82,1,0,0
783,197,270,1,0,0
784,297,952,1,1,0
785,777,90,1,1,0
786,905,65,1,0,0
787,602,824,0,1,0
788,10,911,1,0,0
789,65,948,1,0,0
790,555,114,0,1,0
791,196,608,0,1,0
792,0,983,1,0,0
793,22,717,0,1,0
794,253,607,0,1,0
795,946,699,1,0,1
796,439,655,1,0,0
797,914,329,1,1,0
798,859,570,0,1,0
799,843,435,1,0,0
800,497,487,1,0,0
801,266,214,1,0,0
802,381,293,0,1,0
803,279,169,0,1,0
804,501,7,0,1,0
805,770,246,1,0,0
806,935,394,0,1,0
807,401,114,1,0,1
808,784,604,1,1,0
809,951,241,0,1,0
810,842,632,0,1,0
811,637,421,0,1,0
812,883,610,0,1,0
813,231,630,1,0,0
814,823,10,1,0,0
815,534,403,1,0,0
816,526,181,0,1,0
817,385,799,1,0,0
818,702,539,1,0,1
819,866,896,0,1,0
820,127,704,1,0,0
821,550,72,0,1,0
822,303,627,0,1,0
823,929,872,1,1,0
824,97,682,1,0,0
825,570,764,1,0,0
826,405,11,1,0,0
827,615,890,0,1,0
828,581,921,0,1,0
829,774,480,0,1,0
830,557,694,1,0,0
831,579,594,1,0,0
832,223,388,0,1,0
833,161,2,0,1,0
834,10,194,1,0,0
835,769,448,0,1,0
836,454,267,1,0,1
837,931,770,1,0,0
838,100,380,1,0,1
839,912,951,1,0,0
840,218,549,0,1,0
841,364,681,1,0,0
842,291,981,0,1,0
843,506,595,1,0,0
844,155,369,1,0,1
845,682,173,0,1,0
846,433,268,0,1,0
847,229,711,1,0,0
848,858,785,0,1,0
849,914,849,1,1,0
850,593,2,0,1,0
851,372,589,1,0,0
852,245,836,1,0,1
853,124,680,0,1,0
854,465,204,0,1,0
855,266,430,0,1,0
856,422,854,0,1,0
857,308,756,1,0,0
858,415,421,1,0,0
859,964,111,0,1,0
860,413,916,0,1,0
861,776,911,0,1,0
862,3,280,1,0,0
863,760,70,1,0,0
864,198,328,1,1,0
865,240,531,1,0,1
866,94,221,1,0,0
867,48,199,0,1,0
868,733,686,1,1,0
869,605,403,0,1,0
870,668,860,1,1,0
871,315,737,0,1,0
872,137,268,1,0,0
873,899,396,1,1,0
874,727,374,0,1,0
875,964,942,1,0,0
876,914,729,0,1,0
877,242,311,1,0,0
878,932,549,1,0,0
879,578,737,1,0,0
880,339,948,0,1,0
881,495,487,1,0,0
882,8,31,1,0,1
883,841,334,0,1,0
884,6,672,0,1,0
885,549,830,0,1,0
886,505,198,0,1,0
887,358,725,0,1,0
888,554,207,0,1,0
889,127,43,1,1,0
890,608,702,0,1,0
891,448,312,0,1,0
892,911,710,1,1,0
893,36,825,1,0,0
894,479,987,1,0,0
895,93,9,1,0,0
896,885,294,1,0,0
897,728,222,1,0,0
898,336,213,0,1,0
899,111,946,1,0,0
900,490,374,1,0,0
901,587,7,0,1,0
902,306,713,1,1,0
903,677,669,1,0,0
904,917,691,0,1,0
905,661,523,0,1,0
906,7,112,1,0,0
907,249,790,1,1,0
908,153,605,0,1,0
909,119,971,1,0,0
910,990,389,1,0,1
911,223,223,0,1,0
912,585,707,0,1,0
913,649,706,0,1,0
914,550,186,0,1,0
915,623,399,0,1,0
916,795,957,0,1,0
917,383,880,1,1,0
918,5,403,1,0,0
919,520,383,1,0,0
920,595,625,1,0,0
921,342,888,1,0,1
922,556,821,0,1,0
923,667,404,1,0,1
924,586,158,1,0,0
925,414,843,0,1,0
926,946,625,0,1,0
927,217,10,1,0,0
928,661,504,0,1,0
929,874,500,1,1,0
930,420,34,1,0,0
931,928,633,1,1,0
932,179,89,0,1,0
933,523,564,1,0,0
934,943,888,1,0,0
935,177,100,1,0,1
936,778,2,0,1,0
937,684,321,1,0,0
938,482,498,1,0,0
939,433,505,1,0,0
940,402,865,0,1,0
941,116,341,0,1,0
942,679,169,1,0,1
943,675,162,0,1,0
944,883,38,1,0,0
945,160,395,1,1,0
946,525,873,0,1,0
947,612,858,0,1,0
948,3,908,1,0,0
949,910,516,0,1,0
950,360,624,1,1,0
951,223,591,1,1,0
952,428,9,0,1,0
953,515,638,1,0,0
954,600,512,0,1,0
955,191,30,1,0,0
956,304,224,0,1,0
957,419,227,1,0,0
958,447,271,0,1,0
959,775,668,0,1,0
960,652,926,0,1,0
961,244,676,1,1,0
962,731,990,1,0,1
963,260,390,0,1,0
964,61,3,1,0,0
965,344,150,1,1,0
966,525,192,1,1,0
967,3,793,0,1,0
968,216,279,1,1,0
969,138,50,0,1,0
970,6,673,0,1,0
971,441,562,1,0,0
972,503,210,0,1,0
973,749,804,0,1,0
974,2,719,1,0,0
975,396,462,1,0,0
976,798,687,1,0,1
977,351,635,0,1,0
978,531,164,0,1,0
979,243,803,0,1,0
980,756,371,0,1,0
981,613,892,1,1,0
982,480,233,0,1,0
983,459,446,1,0,0
984,245,415,0,1,0
985,421,271,0,1,0
986,636,934,0,1,0
987,721,3,1,1,0
988,509,316,0,1,0
989,131,656,1,1,0
990,77,565,1,0,1
991,636,143,0,1,0
992,239,95,0,1,0
993,7,24,0,1,0
994,189,206,0,1,0
995,699,919,0,1,0
996,601,624,1,0,0
997,88,163,1,0,1
998,717,597,1,1,0
999,710,558,0,1,0
