Index,x,y,alive,infected,immune
0,798,310,0,1,0
1,15,681,1,0,1
2,944,220,0,0,1
3,554,887,1,0,1
4,922,762,0,1,0
5,396,102,0,1,0
6,493,99,0,1,0
7,9,559,0,1,0
8,332,800,1,0,1
9,844,580,0,1,0
10,477,173,0,1,0
11,620,136,0,1,0
12,515,2,0,1,0
13,75,310,0,1,0
14,895,262,0,1,0
15,89,723,0,1,0
16,513,316,1,0,1
17,757,721,0,1,0
18,960,154,0,1,0
19,635,828,0,1,0
20,919,565,0,1,0
21,312,347,0,1,0
22,405,819,0,1,0
23,234,103,1,0,1
24,198,395,0,1,0
25,5,153,0,1,0
26,795,0,0,1,0
27,686,418,0,1,0
28,110,156,0,1,0
29,491,893,0,1,0
30,713,695,0,1,0
31,561,4,0,1,0
32,757,879,1,0,1
33,937,295,1,0,1
34,262,859,0,1,0
35,281,3,0,1,0
36,629,5,1,0,1
37,937,658,0,1,0
38,4,585,0,1,0
39,387,767,0,1,0
40,179,55,0,1,0
41,644,550,1,0,1
42,500,170,1,0,1
43,129,422,0,1,0
44,465,289,0,1,0
45,207,123,0,1,0
46,578,914,1,0,1
47,771,561,0,1,0
48,739,341,0,1,0
49,485,145,0,1,0
50,525,910,0,1,0
51,829,738,0,1,0
52,117,393,0,1,0
53,125,361,0,1,0
54,293,809,0,1,0
55,553,291,0,0,1
56,695,185,0,1,0
57,551,260,0,1,0
58,147,382,0,1,0
59,990,407,0,1,0
60,199,622,0,1,0
61,594,8,0,1,0
62,403,956,0,1,0
63,105,423,0,1,0
64,9,962,0,1,0
65,2,349,1,0,1
66,29,835,0,1,0
67,793,827,0,1,0
68,654,781,0,1,0
69,713,916,0,1,0
70,607,811,0,1,0
71,747,10,0,1,0
72,560,761,0,1,0
73,607,755,0,1,0
74,335,6,0,1,0
75,990,163,1,0,1
76,132,353,0,1,0
77,432,235,1,0,1
78,351,768,1,0,1
79,931,74,0,1,0
80,126,520,0,1,0
81,795,886,0,1,0
82,135,133,0,1,0
83,286,937,0,1,0
84,380,533,0,1,0
85,204,336,0,1,0
86,384,648,1,0,1
87,853,600,0,1,0
88,574,122,0,1,0
89,614,935,0,1,0
90,236,182,0,1,0
91,201,507,0,1,0
92,270,507,0,1,0
93,538,928,0,1,0
94,637,403,0,1,0
95,221,917,0,1,0
96,781,914,0,1,0
97,520,540,0,1,0
98,136,52,0,1,0
99,716,161,0,1,0
100,232,262,0,1,0
101,744,376,1,0,1
102,688,906,1,0,1
103,9,33,0,0,1
104,656,453,1,0,1
105,579,565,1,0,0
106,879,261,0,1,0
107,622,183,0,1,0
108,887,392,0,1,0
109,816,589,0,0,1
110,358,898,1,0,1
111,5,776,0,1,0
112,783,458,0,1,0
113,859,372,0,1,0
114,549,286,0,1,0
115,883,547,0,1,0
116,68,942,1,0,0
117,694,841,0,1,0
118,413,9,1,0,0
119,210,721,1,1,0
120,697,499,1,0,1
121,872,523,0,1,0
122,3,481,1,0,0
123,646,66,1,0,0
124,283,409,0,1,0
125,853,593,1,0,1
126,808,6,0,1,0
127,666,744,0,1,0
128,219,740,1,0,1
129,531,9,0,1,0
130,447,875,0,1,0
131,1,180,1,0,0
132,942,261,0,1,0
133,0,274,0,1,0
134,669,621,0,1,0
135,300,464,0,1,0
136,195,193,0,1,0
137,544,525,1,0,0
138,607,723,1,0,1
139,630,166,1,0,1
140,7,421,0,1,0
141,634,639,1,0,1
142,547,373,0,1,0
143,810,156,0,1,0
144,374,618,0,1,0
145,152,64,0,1,0
146,515,614,1,0,0
147,488,690,1,1,0
148,765,320,0,1,0
149,283,194,0,1,0
150,139,207,1,0,1
151,670,407,0,1,0
152,386,451,1,0,1
153,313,355,0,1,0
154,8,901,1,0,0
155,42,124,0,1,0
156,574,553,1,0,0
157,219,286,0,1,0
158,394,716,1,0,0
159,859,622,0,1,0
160,794,737,0,1,0
161,124,574,0,1,0
162,806,816,0,1,0
163,659,227,0,1,0
164,67,540,0,1,0
165,555,856,0,1,0
166,830,317,0,1,0
167,246,210,0,1,0
168,238,1,0,1,0
169,883,0,1,0,0
170,538,681,1,1,0
171,960,502,0,1,0
172,103,291,1,0,0
173,7,926,1,0,0
174,168,890,0,1,0
175,52,41,1,0,0
176,589,397,0,1,0
177,396,412,0,1,0
178,382,644,0,1,0
179,709,9,0,1,0
180,537,94,0,1,0
181,969,596,0,1,0
182,450,885,0,1,0
183,726,276,1,0,0
184,320,302,1,0,0
185,526,64,1,0,0
186,862,314,1,0,1
187,700,454,0,1,0
188,394,990,0,1,0
189,876,46,1,0,0
190,972,502,0,1,0
191,950,1,0,1,0
192,937,207,0,1,0
193,464,219,0,1,0
194,0,537,0,1,0
195,511,300,0,1,0
196,9,676,1,0,1
197,966,990,0,1,0
198,740,948,0,1,0
199,780,549,0,1,0
200,517,618,1,0,0
201,205,837,1,0,0
202,193,880,0,1,0
203,947,7,0,1,0
204,58,747,1,0,0
205,663,899,0,1,0
206,182,271,1,0,1
207,766,357,0,1,0
208,250,622,0,1,0
209,779,67,1,0,1
210,233,990,1,0,0
211,718,777,0,1,0
212,58,569,0,1,0
213,591,818,0,1,0
214,990,506,1,0,0
215,529,746,1,0,0
216,297,83,0,1,0
217,429,271,0,1,0
218,629,423,0,1,0
219,309,10,1,0,1
220,4,785,0,0,1
221,749,193,0,1,0
222,5,550,0,1,0
223,413,136,0,1,0
224,325,422,0,1,0
225,653,698,0,1,0
226,336,572,1,0,1
227,493,636,1,0,0
228,944,715,0,1,0
229,485,306,1,1,0
230,290,132,0,1,0
231,956,163,1,1,0
232,812,134,0,1,0
233,248,752,0,1,0
234,444,620,0,1,0
235,663,478,0,1,0
236,331,868,0,1,0
237,308,5,0,1,0
238,525,444,1,0,0
239,253,894,0,1,0
240,231,104,0,0,1
241,287,930,0,1,0
242,288,261,0,1,0
243,176,357,1,0,1
244,245,844,0,1,0
245,824,597,1,0,1
246,764,179,1,0,1
247,543,859,0,1,0
248,321,2,0,1,0
249,691,775,0,1,0
250,871,595,0,1,0
251,906,669,1,0,1
252,703,646,0,1,0
253,672,53,1,0,0
254,164,245,1,0,0
255,109,466,0,1,0
256,634,393,1,1,0
257,733,618,0,1,0
258,575,618,1,0,0
259,781,838,1,0,1
260,820,462,0,1,0
261,569,487,0,1,0
262,2,515,0,1,0
263,890,625,0,1,0
264,93,605,0,1,0
265,187,382,0,1,0
266,64,946,1,0,0
267,261,24,0,0,1
268,737,132,0,1,0
269,892,2,1,0,0
270,850,682,1,0,1
271,745,269,1,0,0
272,879,965,1,0,1
273,486,673,1,1,0
274,128,377,1,0,1
275,112,0,0,1,0
276,520,131,0,0,1
277,685,627,1,0,1
278,506,506,1,0,0
279,384,4,1,0,0
280,250,245,0,1,0
281,215,694,0,1,0
282,471,626,1,1,0
283,990,904,1,0,0
284,826,768,0,1,0
285,821,4,0,1,0
286,868,954,1,0,1
287,2,39,0,1,0
288,0,695,0,1,0
289,133,714,0,1,0
290,580,380,0,1,0
291,841,115,1,0,1
292,53,862,1,0,0
293,4,244,0,1,0
294,30,839,1,1,0
295,242,641,0,1,0
296,240,700,0,1,0
297,345,136,0,1,0
298,671,725,0,1,0
299,110,260,1,0,1
300,434,730,1,0,1
301,739,566,1,0,1
302,147,148,0,0,1
303,8,498,0,1,0
304,567,264,0,1,0
305,942,0,0,1,0
306,731,105,0,1,0
307,596,300,1,0,1
308,838,10,1,0,0
309,438,252,1,0,1
310,859,327,0,1,0
311,749,488,0,1,0
312,214,758,0,1,0
313,352,5,1,0,0
314,9,244,0,1,0
315,845,747,0,1,0
316,3,790,0,1,0
317,781,746,0,0,1
318,594,795,0,1,0
319,61,990,1,0,0
320,734,843,0,1,0
321,789,579,1,0,1
322,778,764,0,1,0
323,840,669,1,0,1
324,4,503,0,1,0
325,572,861,0,1,0
326,322,51,0,1,0
327,800,483,0,1,0
328,128,499,0,1,0
329,107,441,0,1,0
330,622,801,0,1,0
331,4,150,0,1,0
332,715,942,0,1,0
333,195,911,0,1,0
334,200,405,0,1,0
335,796,648,0,1,0
336,862,309,0,1,0
337,400,104,0,1,0
338,758,8,0,1,0
339,3,707,1,0,0
340,914,655,0,1,0
341,838,658,0,1,0
342,530,683,1,1,0
343,557,8,0,1,0
344,966,948,1,0,0
345,470,589,1,0,0
346,183,269,1,0,1
347,314,458,0,1,0
348,291,478,0,1,0
349,802,123,0,1,0
350,76,835,1,0,1
351,479,285,1,0,1
352,327,880,0,1,0
353,853,817,0,1,0
354,887,915,0,1,0
355,4,791,1,0,1
356,125,688,0,1,0
357,117,420,0,1,0
358,571,586,1,0,0
359,648,913,0,1,0
360,352,340,0,1,0
361,6,816,0,1,0
362,713,4,0,1,0
363,638,327,1,0,1
364,871,891,0,1,0
365,818,857,0,1,0
366,354,179,0,1,0
367,456,628,0,1,0
368,236,380,0,1,0
369,161,471,1,0,1
370,672,897,0,1,0
371,2,886,1,0,0
372,767,644,1,0,1
373,366,967,0,1,0
374,875,916,0,1,0
375,516,150,0,1,0
376,214,794,0,1,0
377,486,854,0,1,0
378,528,625,1,0,0
379,99,811,1,0,0
380,818,422,0,1,0
381,829,635,1,0,1
382,699,410,0,1,0
383,462,10,1,0,0
384,848,166,1,0,0
385,438,4,1,0,1
386,882,773,0,1,0
387,310,113,1,0,0
388,751,0,0,1,0
389,400,131,1,0,1
390,1,21,0,1,0
391,71,896,1,0,0
392,193,38,0,1,0
393,263,836,0,1,0
394,741,551,0,1,0
395,257,5,1,0,0
396,70,484,0,1,0
397,0,827,0,1,0
398,233,170,0,1,0
399,691,143,1,0,0
400,545,428,1,0,0
401,740,511,0,0,1
402,351,487,0,1,0
403,327,69,0,1,0
404,161,570,0,1,0
405,924,160,1,0,0
406,728,454,0,1,0
407,342,517,0,1,0
408,7,755,1,0,0
409,597,86,0,1,0
410,325,596,1,0,1
411,447,10,1,0,1
412,553,302,0,1,0
413,768,791,0,1,0
414,238,825,0,1,0
415,495,235,1,0,1
416,158,531,0,1,0
417,588,910,0,1,0
418,321,856,0,1,0
419,413,251,0,1,0
420,729,535,0,1,0
421,878,766,0,1,0
422,52,705,1,0,1
423,279,85,1,0,1
424,160,370,0,1,0
425,134,390,0,1,0
426,66,770,0,1,0
427,322,563,1,0,1
428,980,9,1,0,0
429,577,962,0,1,0
430,361,155,0,1,0
431,563,717,0,1,0
432,889,278,0,1,0
433,825,477,1,0,1
434,410,801,1,0,0
435,831,403,0,1,0
436,488,10,1,0,0
437,786,613,0,1,0
438,536,645,1,0,0
439,878,199,1,0,0
440,301,50,0,1,0
441,742,597,1,0,1
442,429,466,1,0,0
443,245,265,0,1,0
444,126,226,0,0,1
445,311,453,0,1,0
446,794,681,0,1,0
447,381,931,0,1,0
448,660,89,1,0,0
449,95,275,1,0,0
450,910,309,0,1,0
451,301,3,0,1,0
452,936,122,1,0,1
453,231,643,1,1,0
454,619,628,0,1,0
455,614,213,0,1,0
456,990,900,1,0,0
457,638,379,0,1,0
458,336,818,0,1,0
459,10,840,1,0,0
460,978,9,1,0,0
461,433,386,1,0,1
462,606,546,1,0,1
463,832,557,1,0,1
464,568,808,0,1,0
465,841,483,0,1,0
466,239,178,1,0,1
467,472,451,1,0,0
468,27,7,1,0,1
469,715,371,0,1,0
470,689,3,0,1,0
471,8,530,0,1,0
472,854,1,1,0,0
473,7,564,1,0,1
474,286,77,0,0,1
475,336,4,1,0,1
476,321,361,0,1,0
477,536,498,1,0,0
478,379,852,1,0,1
479,787,240,1,0,0
480,838,423,0,1,0
481,251,264,1,0,1
482,261,792,1,0,1
483,548,962,0,1,0
484,912,756,0,1,0
485,614,633,0,1,0
486,336,479,0,1,0
487,134,549,0,0,1
488,349,801,1,0,0
489,601,388,1,0,1
490,872,803,1,0,1
491,394,312,0,1,0
492,990,15,1,0,0
493,753,97,0,1,0
494,514,227,0,1,0
495,83,577,0,1,0
496,135,163,0,1,0
497,645,422,0,1,0
498,155,779,1,1,0
499,923,226,1,0,1
500,314,229,1,0,1
501,102,927,1,0,0
502,567,7,0,1,0
503,754,9,0,1,0
504,219,339,0,1,0
505,644,474,1,0,1
506,689,670,1,0,1
507,609,371,0,1,0
508,352,107,0,1,0
509,122,638,0,1,0
510,553,4,1,0,1
511,894,519,0,1,0
512,886,198,1,0,0
513,74,655,1,0,1
514,658,196,0,1,0
515,165,96,0,1,0
516,845,384,0,1,0
517,600,191,0,1,0
518,657,230,0,1,0
519,365,108,0,1,0
520,731,684,0,1,0
521,896,87,0,1,0
522,299,586,1,0,1
523,512,731,1,0,0
524,818,864,0,1,0
525,600,394,1,0,1
526,1,37,0,1,0
527,413,403,1,0,1
528,754,2,0,1,0
529,312,537,1,0,1
530,908,520,1,0,1
531,492,728,1,0,0
532,120,904,0,1,0
533,42,227,0,1,0
534,845,409,0,1,0
535,242,891,0,1,0
536,887,689,0,1,0
537,388,542,0,1,0
538,444,139,0,1,0
539,580,370,1,0,1
540,478,702,0,1,0
541,501,719,0,1,0
542,686,453,0,1,0
543,9,46,0,1,0
544,309,296,1,0,0
545,52,0,1,0,0
546,104,410,0,1,0
547,432,436,0,1,0
548,110,749,1,1,0
549,614,560,0,1,0
550,771,379,0,1,0
551,253,931,0,1,0
552,935,302,1,0,1
553,378,811,1,1,0
554,520,753,1,0,0
555,170,847,0,1,0
556,347,576,0,1,0
557,299,0,0,1,0
558,858,580,1,0,1
559,704,513,0,1,0
560,769,644,0,1,0
561,685,757,0,1,0
562,875,612,0,1,0
563,435,990,0,1,0
564,8,142,1,0,1
565,214,734,1,1,0
566,193,108,0,1,0
567,248,367,0,1,0
568,739,118,0,1,0
569,210,6,0,1,0
570,800,646,1,0,1
571,249,622,0,1,0
572,572,319,0,1,0
573,223,519,1,0,1
574,877,488,0,1,0
575,515,205,0,1,0
576,51,893,1,0,0
577,327,827,1,0,1
578,179,145,0,1,0
579,723,105,0,1,0
580,204,769,0,1,0
581,9,370,1,0,0
582,379,335,0,1,0
583,499,963,0,1,0
584,313,250,1,0,1
585,109,555,0,1,0
586,797,344,0,1,0
587,801,4,0,1,0
588,247,584,0,1,0
589,560,781,0,1,0
590,438,327,0,1,0
591,804,374,1,0,1
592,813,826,0,1,0
593,264,702,0,1,0
594,791,596,0,1,0
595,575,880,1,0,1
596,313,834,0,1,0
597,732,588,0,1,0
598,137,326,0,1,0
599,96,388,0,1,0
600,928,250,0,1,0
601,728,795,0,1,0
602,729,449,0,1,0
603,7,429,0,1,0
604,513,77,0,1,0
605,367,411,0,1,0
606,811,4,1,0,1
607,124,336,0,1,0
608,554,654,1,0,0
609,350,410,0,1,0
610,742,939,0,1,0
611,437,277,0,1,0
612,312,870,0,1,0
613,56,538,0,1,0
614,599,746,1,0,1
615,507,9,0,1,0
616,947,787,1,0,0
617,732,603,0,1,0
618,437,216,0,1,0
619,677,206,0,1,0
620,9,76,0,1,0
621,529,344,0,1,0
622,539,5,0,1,0
623,131,354,0,1,0
624,697,357,1,0,1
625,245,477,0,1,0
626,5,20,0,1,0
627,174,357,0,1,0
628,833,6,1,0,0
629,641,655,0,1,0
630,745,516,0,1,0
631,892,942,0,1,0
632,990,792,1,0,0
633,191,275,0,1,0
634,884,288,0,1,0
635,532,866,0,1,0
636,772,828,0,1,0
637,179,469,0,1,0
638,367,533,1,0,0
639,649,370,1,0,1
640,177,725,0,1,0
641,1,586,0,1,0
642,2,967,0,1,0
643,915,590,0,1,0
644,514,269,0,1,0
645,56,193,0,1,0
646,606,177,0,1,0
647,7,644,0,1,0
648,76,267,0,1,0
649,706,411,0,1,0
650,954,990,0,1,0
651,810,333,0,1,0
652,253,407,0,1,0
653,219,9,1,1,0
654,4,824,0,1,0
655,508,4,0,1,0
656,404,391,0,1,0
657,656,203,0,1,0
658,275,719,0,1,0
659,271,51,1,0,1
660,295,111,1,0,1
661,349,612,1,0,1
662,349,137,1,1,0
663,718,395,0,1,0
664,123,595,0,1,0
665,248,521,0,1,0
666,123,390,0,1,0
667,569,121,0,1,0
668,922,645,0,1,0
669,921,9,1,0,0
670,252,373,0,1,0
671,810,679,0,1,0
672,895,671,0,1,0
673,761,313,1,0,1
674,712,301,0,1,0
675,674,583,0,1,0
676,825,857,0,1,0
677,875,904,0,1,0
678,490,383,1,0,0
679,6,147,0,1,0
680,567,487,1,1,0
681,489,3,1,0,0
682,179,744,1,0,0
683,0,604,0,1,0
684,213,53,0,1,0
685,409,192,1,0,1
686,876,76,0,1,0
687,791,570,1,0,1
688,557,781,0,1,0
689,821,743,1,0,1
690,595,571,0,1,0
691,246,724,0,1,0
692,810,735,0,1,0
693,451,874,0,1,0
694,675,262,1,0,0
695,682,405,0,1,0
696,815,419,1,0,1
697,563,357,0,1,0
698,210,452,1,0,1
699,129,678,0,1,0
700,746,307,1,0,1
701,78,967,1,0,0
702,514,424,0,1,0
703,397,9,1,0,0
704,285,870,0,1,0
705,5,645,0,1,0
706,550,991,1,0,1
707,500,686,0,1,0
708,852,296,0,1,0
709,536,10,0,1,0
710,671,153,0,1,0
711,401,585,1,1,0
712,5,579,0,1,0
713,889,818,0,1,0
714,895,431,0,1,0
715,582,7,0,1,0
716,108,859,0,1,0
717,785,717,1,0,1
718,407,370,1,0,1
719,635,907,0,1,0
720,445,423,0,1,0
721,838,107,1,1,0
722,984,164,0,1,0
723,922,890,0,1,0
724,123,839,0,1,0
725,557,205,0,1,0
726,302,475,0,1,0
727,8,951,1,0,0
728,488,847,0,0,1
729,2,523,0,1,0
730,218,224,0,1,0
731,139,716,0,1,0
732,509,783,1,0,1
733,448,155,1,0,1
734,7,268,0,1,0
735,153,581,0,1,0
736,552,457,1,0,0
737,199,9,1,0,0
738,33,819,0,1,0
739,141,712,0,1,0
740,105,112,0,1,0
741,937,5,0,1,0
742,685,823,0,1,0
743,352,627,0,1,0
744,841,608,0,1,0
745,452,858,1,0,1
746,174,300,1,0,1
747,7,520,1,0,1
748,478,668,0,1,0
749,933,112,1,1,0
750,990,874,1,0,0
751,934,113,0,1,0
752,294,508,1,0,1
753,8,945,1,0,0
754,522,267,0,1,0
755,531,536,1,0,0
756,855,510,0,1,0
757,877,821,0,1,0
758,487,800,0,1,0
759,7,160,1,0,1
760,591,207,0,1,0
761,591,943,0,1,0
762,640,521,0,1,0
763,786,508,0,1,0
764,334,2,0,1,0
765,403,718,1,0,1
766,704,454,0,1,0
767,264,748,1,0,1
768,946,2,0,1,0
769,351,10,1,0,0
770,419,191,1,0,1
771,325,496,0,1,0
772,880,675,0,1,0
773,895,606,0,1,0
774,865,564,0,1,0
775,583,713,0,1,0
776,833,389,1,0,1
777,131,65,0,1,0
778,883,654,0,1,0
779,118,1,1,1,0
780,243,809,0,1,0
781,625,573,0,1,0
782,379,148,0,1,0
783,179,230,1,0,1
784,228,0,1,0,1
785,718,105,1,0,1
786,847,152,1,0,1
787,623,871,0,1,0
788,10,911,1,0,0
789,92,935,1,0,0
790,534,112,0,1,0
791,187,650,0,1,0
792,6,983,1,0,0
793,9,688,0,1,0
794,219,573,0,1,0
795,923,719,1,0,1
796,433,720,1,0,0
797,966,222,0,1,0
798,929,542,0,1,0
799,883,471,0,1,0
800,464,456,1,0,0
801,248,193,0,1,0
802,373,294,0,1,0
803,236,162,0,1,0
804,501,8,0,1,0
805,809,257,1,0,0
806,875,386,0,1,0
807,388,113,1,0,1
808,811,617,0,1,0
809,0,242,0,1,0
810,854,647,0,1,0
811,668,402,0,1,0
812,892,640,0,1,0
813,161,629,1,0,1
814,823,10,0,1,0
815,513,346,0,1,0
816,539,156,0,1,0
817,402,866,0,1,0
818,692,512,1,0,1
819,791,925,0,1,0
820,155,691,0,1,0
821,537,88,0,1,0
822,261,637,0,1,0
823,990,839,0,1,0
824,33,683,1,0,0
825,529,808,0,1,0
826,399,5,1,0,0
827,663,891,0,1,0
828,582,942,0,1,0
829,754,480,0,1,0
830,596,676,0,1,0
831,591,592,0,1,0
832,246,445,0,1,0
833,161,1,0,1,0
834,10,194,1,0,0
835,786,515,0,1,0
836,468,334,1,0,1
837,885,787,0,1,0
838,40,398,1,0,1
839,963,0,1,1,0
840,245,551,0,1,0
841,382,707,1,1,0
842,269,979,0,1,0
843,536,595,1,0,0
844,145,392,1,0,1
845,683,156,0,1,0
846,443,246,0,1,0
847,203,634,0,1,0
848,877,825,0,1,0
849,990,856,0,1,0
850,593,9,0,1,0
851,416,581,0,1,0
852,320,769,1,0,1
853,186,642,0,1,0
854,446,180,0,1,0
855,184,385,0,1,0
856,447,904,0,1,0
857,301,760,1,0,0
858,389,415,0,0,1
859,927,139,0,1,0
860,376,842,0,1,0
861,759,943,0,1,0
862,2,280,0,1,0
863,772,43,1,0,0
864,199,343,0,1,0
865,247,587,1,0,1
866,103,254,0,1,0
867,63,199,0,1,0
868,675,697,0,1,0
869,694,395,0,1,0
870,681,814,1,0,1
871,376,710,0,1,0
872,47,197,0,1,0
873,918,523,0,1,0
874,652,341,0,1,0
875,912,943,0,1,0
876,947,722,0,1,0
877,242,280,0,1,0
878,927,530,0,1,0
879,607,742,1,0,1
880,368,975,0,1,0
881,466,539,1,0,0
882,6,31,1,0,1
883,852,290,0,1,0
884,1,672,0,1,0
885,565,855,0,1,0
886,500,136,0,1,0
887,385,737,0,1,0
888,567,213,0,1,0
889,174,10,1,0,1
890,594,659,0,1,0
891,477,284,0,1,0
892,958,677,1,0,1
893,9,851,1,0,0
894,516,990,0,1,0
895,93,9,1,0,0
896,888,275,0,1,0
897,772,210,1,0,0
898,300,208,0,1,0
899,74,968,1,0,0
900,437,390,1,0,1
901,587,0,0,1,0
902,276,767,1,0,1
903,647,694,0,1,0
904,962,705,0,1,0
905,643,497,0,1,0
906,6,112,1,0,0
907,263,785,1,0,1
908,208,582,0,1,0
909,72,990,1,0,0
910,990,389,1,0,1
911,188,279,0,1,0
912,601,665,0,1,0
913,594,727,0,1,0
914,566,225,0,1,0
915,615,355,0,1,0
916,759,9,0,1,0
917,388,876,1,0,1
918,9,403,1,0,0
919,583,412,0,1,0
920,583,697,0,1,0
921,306,838,1,0,1
922,624,758,0,1,0
923,649,468,1,0,1
924,534,134,0,1,0
925,437,832,0,1,0
926,965,652,0,1,0
927,217,10,1,1,0
928,697,523,0,1,0
929,808,485,1,0,1
930,418,10,1,0,0
931,923,640,0,1,0
932,167,72,0,1,0
933,489,571,1,0,0
934,950,953,0,1,0
935,155,104,1,0,1
936,778,3,0,1,0
937,655,287,1,1,0
938,423,465,1,0,0
939,366,496,1,0,0
940,356,938,0,1,0
941,124,300,0,1,0
942,706,170,1,0,1
943,724,178,0,1,0
944,936,15,1,0,0
945,184,397,1,0,1
946,513,871,0,1,0
947,628,844,0,1,0
948,4,908,1,0,0
949,974,471,0,1,0
950,403,573,1,0,1
951,227,600,0,1,0
952,428,9,0,1,0
953,496,675,1,1,0
954,617,537,0,1,0
955,180,5,0,1,0
956,339,171,0,1,0
957,410,261,1,1,0
958,408,264,0,1,0
959,795,666,0,1,0
960,595,951,0,1,0
961,226,593,0,1,0
962,731,990,1,0,1
963,258,343,0,1,0
964,61,7,1,0,0
965,361,135,0,1,0
966,502,252,1,0,1
967,7,793,0,1,0
968,288,305,0,0,1
969,73,16,0,1,0
970,9,673,0,1,0
971,490,624,1,0,0
972,541,152,0,1,0
973,778,782,0,1,0
974,3,719,1,0,0
975,342,420,0,1,0
976,810,677,1,0,1
977,299,607,0,1,0
978,475,164,0,1,0
979,241,773,0,1,0
980,712,397,0,1,0
981,636,864,0,1,0
982,465,242,0,1,0
983,436,488,1,0,0
984,206,460,0,1,0
985,447,330,0,1,0
986,583,969,0,1,0
987,721,1,1,0,1
988,528,292,0,1,0
989,117,645,0,1,0
990,94,583,1,0,1
991,714,147,0,1,0
992,231,60,0,1,0
993,6,24,0,1,0
994,164,185,0,1,0
995,728,884,0,1,0
996,650,636,0,1,0
997,57,96,1,0,1
998,697,619,0,1,0
999,684,541,0,1,0
