Index,x,y,alive,infected,immune
0,781,306,0,1,0
1,3,697,1,0,1
2,941,170,0,0,1
3,570,899,1,0,1
4,989,816,0,1,0
5,391,123,0,1,0
6,486,98,0,1,0
7,9,559,0,1,0
8,340,784,1,0,1
9,842,587,0,1,0
10,431,128,0,1,0
11,598,128,0,1,0
12,515,9,0,1,0
13,40,339,0,1,0
14,857,232,0,1,0
15,85,774,0,1,0
16,472,363,1,0,1
17,799,692,0,1,0
18,966,141,0,1,0
19,663,792,0,1,0
20,945,551,0,1,0
21,309,309,0,1,0
22,399,798,0,1,0
23,262,161,1,0,1
24,209,434,0,1,0
25,1,153,0,1,0
26,795,2,0,1,0
27,701,389,0,1,0
28,106,118,0,1,0
29,508,900,0,1,0
30,700,653,0,1,0
31,561,0,0,1,0
32,735,863,1,0,1
33,982,267,1,0,1
34,260,846,0,1,0
35,281,9,0,1,0
36,629,5,1,0,1
37,957,674,0,1,0
38,6,585,0,1,0
39,383,767,0,1,0
40,227,12,0,1,0
41,624,553,1,0,1
42,520,188,1,0,1
43,130,429,0,1,0
44,490,261,0,1,0
45,193,119,0,1,0
46,537,922,1,0,1
47,764,529,0,1,0
48,730,336,0,1,0
49,490,163,0,1,0
50,524,930,0,1,0
51,854,681,0,1,0
52,147,384,0,1,0
53,172,340,0,1,0
54,287,757,0,1,0
55,558,276,0,0,1
56,696,189,0,1,0
57,548,282,0,1,0
58,167,335,0,1,0
59,990,407,0,1,0
60,180,678,0,1,0
61,594,7,0,1,0
62,438,927,0,1,0
63,156,414,0,1,0
64,9,962,0,1,0
65,6,349,1,0,1
66,27,830,0,1,0
67,805,810,0,1,0
68,623,788,0,1,0
69,692,914,0,1,0
70,581,826,0,1,0
71,747,10,0,1,0
72,518,788,0,1,0
73,577,768,0,1,0
74,335,9,0,1,0
75,990,163,1,0,1
76,102,322,0,1,0
77,410,223,1,0,1
78,320,755,1,0,1
79,970,64,0,1,0
80,122,527,0,1,0
81,744,829,0,1,0
82,112,111,0,1,0
83,270,929,0,1,0
84,352,558,0,1,0
85,211,278,0,1,0
86,382,642,1,0,1
87,882,563,0,1,0
88,620,99,0,1,0
89,613,7,0,1,0
90,238,142,0,1,0
91,193,497,0,1,0
92,276,555,0,1,0
93,515,946,0,1,0
94,627,334,0,1,0
95,200,891,0,1,0
96,773,861,0,1,0
97,524,547,0,1,0
98,124,67,0,1,0
99,720,186,0,1,0
100,265,265,0,1,0
101,750,445,1,0,1
102,667,938,1,0,1
103,9,33,0,0,1
104,647,427,1,0,1
105,593,557,1,0,1
106,884,261,0,1,0
107,622,222,0,1,0
108,886,330,0,1,0
109,823,578,0,0,1
110,372,875,1,0,1
111,7,776,0,1,0
112,804,409,0,1,0
113,863,300,0,1,0
114,552,253,0,1,0
115,874,556,0,1,0
116,52,902,1,0,0
117,716,823,0,1,0
118,413,6,1,0,0
119,214,723,0,1,0
120,712,456,1,0,1
121,869,532,0,1,0
122,6,481,1,0,0
123,625,25,1,0,0
124,282,435,0,1,0
125,846,563,1,0,1
126,808,6,0,1,0
127,673,753,0,1,0
128,232,770,1,0,1
129,531,4,0,1,0
130,460,887,0,1,0
131,1,180,1,0,0
132,896,266,0,1,0
133,0,274,0,1,0
134,638,597,0,1,0
135,326,444,0,1,0
136,194,166,0,1,0
137,566,559,0,1,0
138,622,745,1,0,1
139,611,159,1,0,1
140,7,421,0,1,0
141,601,649,1,0,1
142,519,373,0,1,0
143,813,180,0,1,0
144,405,598,0,1,0
145,169,86,0,1,0
146,481,581,1,0,0
147,475,673,0,1,0
148,744,345,0,1,0
149,265,202,0,1,0
150,158,226,1,0,1
151,711,345,0,1,0
152,422,447,1,0,1
153,337,349,0,1,0
154,5,901,1,0,0
155,77,156,0,1,0
156,585,591,1,1,0
157,197,289,0,1,0
158,446,723,0,1,0
159,859,618,0,1,0
160,788,726,0,1,0
161,130,584,0,1,0
162,808,780,0,1,0
163,677,190,0,1,0
164,84,565,0,1,0
165,541,912,0,1,0
166,835,297,0,1,0
167,250,176,0,1,0
168,238,0,0,1,0
169,883,9,1,0,0
170,561,679,1,0,1
171,984,502,0,1,0
172,139,383,0,1,0
173,8,926,1,0,0
174,186,844,0,1,0
175,75,54,1,0,0
176,579,439,0,1,0
177,384,392,0,1,0
178,394,644,0,1,0
179,709,5,0,1,0
180,503,142,0,1,0
181,978,656,0,1,0
182,476,859,0,1,0
183,706,287,1,0,0
184,324,318,1,1,0
185,525,85,1,1,0
186,839,269,1,0,1
187,751,455,0,1,0
188,394,990,0,1,0
189,854,54,1,0,0
190,911,531,0,1,0
191,950,2,0,1,0
192,907,247,0,1,0
193,476,241,0,1,0
194,7,537,0,1,0
195,549,268,0,1,0
196,0,676,1,0,1
197,966,990,0,1,0
198,713,935,0,1,0
199,781,557,0,1,0
200,517,624,1,0,0
201,168,888,0,1,0
202,200,817,0,1,0
203,947,0,0,1,0
204,6,719,1,1,0
205,727,886,0,1,0
206,198,269,1,0,1
207,744,389,0,1,0
208,260,613,0,1,0
209,777,40,1,0,1
210,233,990,1,0,0
211,713,792,0,1,0
212,39,588,0,1,0
213,599,880,0,1,0
214,990,506,1,1,0
215,514,655,1,1,0
216,359,84,0,1,0
217,469,294,0,1,0
218,679,380,0,1,0
219,309,10,1,0,1
220,2,785,0,0,1
221,730,200,0,1,0
222,5,550,0,1,0
223,447,93,0,1,0
224,274,464,0,1,0
225,647,704,0,1,0
226,302,524,1,0,1
227,490,669,1,1,0
228,948,731,0,1,0
229,455,317,1,0,1
230,312,145,0,1,0
231,2,120,1,0,1
232,787,134,0,1,0
233,219,755,0,1,0
234,443,645,0,1,0
235,669,480,0,1,0
236,395,845,0,1,0
237,308,3,0,1,0
238,501,384,1,1,0
239,247,912,0,1,0
240,177,152,0,0,1
241,273,932,0,1,0
242,263,237,0,1,0
243,182,324,1,0,1
244,239,806,0,1,0
245,834,596,1,0,1
246,774,208,1,0,1
247,568,832,0,1,0
248,321,4,0,1,0
249,669,794,0,1,0
250,897,606,0,1,0
251,888,684,1,0,1
252,678,613,0,1,0
253,665,127,1,0,0
254,125,227,1,0,0
255,118,437,0,1,0
256,626,424,0,0,1
257,763,588,0,1,0
258,592,565,0,1,0
259,800,810,1,0,1
260,791,449,0,1,0
261,589,501,0,1,0
262,3,515,0,1,0
263,885,671,0,1,0
264,63,620,0,1,0
265,178,386,0,1,0
266,43,889,1,0,0
267,270,38,0,0,1
268,752,122,0,1,0
269,892,5,1,0,0
270,801,713,1,0,1
271,727,318,1,0,0
272,842,943,1,0,1
273,470,692,0,1,0
274,117,368,1,0,1
275,112,4,0,1,0
276,498,143,0,0,1
277,699,677,1,0,1
278,526,525,1,1,0
279,384,6,1,0,0
280,241,194,0,1,0
281,203,726,0,1,0
282,500,662,1,0,1
283,990,904,1,0,0
284,866,791,0,1,0
285,821,9,0,1,0
286,821,943,1,0,1
287,6,39,0,1,0
288,9,695,0,1,0
289,157,694,0,1,0
290,553,382,0,1,0
291,850,128,1,0,1
292,34,856,1,0,0
293,8,244,0,1,0
294,22,905,1,0,1
295,230,641,0,1,0
296,249,694,0,1,0
297,326,110,0,1,0
298,648,759,0,1,0
299,58,286,1,0,1
300,475,734,1,0,1
301,680,583,1,0,1
302,206,158,0,0,1
303,7,498,0,1,0
304,567,216,0,1,0
305,942,3,0,1,0
306,763,96,0,1,0
307,580,258,1,0,1
308,838,10,1,0,0
309,427,219,1,0,1
310,851,326,0,1,0
311,798,542,0,1,0
312,216,796,0,1,0
313,352,6,1,0,0
314,6,244,0,1,0
315,904,744,0,1,0
316,8,790,0,1,0
317,787,747,0,0,1
318,531,771,0,1,0
319,61,990,1,0,0
320,728,861,0,1,0
321,752,585,1,0,1
322,779,824,0,1,0
323,837,625,1,0,1
324,5,503,0,1,0
325,591,824,0,1,0
326,275,75,0,1,0
327,807,479,0,1,0
328,144,461,0,1,0
329,89,410,0,1,0
330,626,791,0,1,0
331,8,150,0,1,0
332,701,962,0,1,0
333,231,845,0,1,0
334,180,403,0,1,0
335,774,692,0,1,0
336,886,341,0,1,0
337,419,118,0,1,0
338,758,7,0,1,0
339,7,707,1,1,0
340,878,691,0,1,0
341,859,621,0,1,0
342,570,688,0,1,0
343,557,8,0,1,0
344,971,939,1,0,0
345,487,599,1,0,0
346,166,211,1,0,1
347,291,502,0,1,0
348,242,458,0,1,0
349,763,98,0,1,0
350,119,829,1,0,1
351,487,254,1,0,1
352,366,959,0,1,0
353,871,761,0,1,0
354,828,915,0,1,0
355,9,791,1,0,1
356,133,677,0,1,0
357,77,410,0,1,0
358,581,579,0,1,0
359,649,910,0,1,0
360,389,318,0,1,0
361,4,816,0,1,0
362,713,9,0,1,0
363,611,370,1,0,1
364,873,861,0,1,0
365,833,835,0,1,0
366,331,165,0,1,0
367,429,601,0,1,0
368,263,397,0,1,0
369,177,488,1,0,1
370,625,871,0,1,0
371,1,886,1,0,0
372,767,631,1,0,1
373,367,5,0,1,0
374,885,920,0,1,0
375,506,150,0,1,0
376,173,844,0,1,0
377,505,913,0,1,0
378,494,642,1,1,0
379,97,867,0,1,0
380,818,438,0,1,0
381,857,652,1,0,1
382,713,480,0,1,0
383,462,10,1,0,0
384,856,168,1,0,0
385,438,5,1,0,1
386,897,773,0,1,0
387,294,159,0,1,0
388,751,4,0,1,0
389,408,126,1,0,1
390,0,21,0,1,0
391,30,891,1,0,0
392,179,42,0,1,0
393,234,817,0,1,0
394,765,573,0,1,0
395,257,1,1,0,0
396,42,493,0,1,0
397,8,827,0,1,0
398,244,240,0,1,0
399,717,100,1,1,0
400,544,452,1,0,0
401,741,465,0,0,1
402,356,521,0,1,0
403,343,76,0,1,0
404,113,570,0,1,0
405,906,91,0,0,1
406,708,432,0,1,0
407,278,470,0,1,0
408,9,755,1,0,0
409,590,66,0,1,0
410,318,672,1,0,1
411,447,10,1,0,1
412,536,295,0,1,0
413,784,787,0,1,0
414,232,862,0,1,0
415,496,194,1,0,1
416,177,471,0,1,0
417,586,901,0,1,0
418,285,886,0,1,0
419,422,268,0,1,0
420,740,487,0,1,0
421,891,751,0,1,0
422,16,682,1,0,1
423,281,49,1,0,1
424,206,401,0,1,0
425,118,369,0,1,0
426,64,786,0,1,0
427,317,561,1,0,1
428,980,8,1,0,0
429,585,990,0,1,0
430,356,166,0,1,0
431,602,674,0,1,0
432,879,265,0,1,0
433,804,460,1,0,1
434,437,831,0,1,0
435,840,399,0,1,0
436,488,10,1,0,0
437,792,615,0,1,0
438,542,685,0,1,0
439,859,148,0,1,0
440,281,7,0,1,0
441,701,600,1,0,1
442,419,442,1,0,0
443,274,285,0,1,0
444,136,208,0,0,1
445,281,452,0,1,0
446,770,631,0,1,0
447,402,925,0,1,0
448,664,95,1,0,0
449,56,272,1,0,0
450,909,296,0,1,0
451,301,3,0,1,0
452,926,136,1,0,1
453,271,690,1,0,1
454,636,621,0,1,0
455,592,167,0,1,0
456,990,900,1,0,0
457,651,355,0,1,0
458,316,792,0,1,0
459,10,840,1,0,0
460,978,6,1,0,0
461,472,375,1,0,1
462,635,602,1,0,1
463,846,577,1,0,1
464,575,863,0,1,0
465,859,490,0,1,0
466,210,234,1,0,1
467,465,429,1,0,0
468,27,4,1,0,1
469,733,371,0,1,0
470,689,9,0,1,0
471,3,530,0,1,0
472,854,1,1,0,0
473,7,564,1,0,1
474,320,83,0,0,1
475,336,3,1,0,1
476,329,372,0,1,0
477,550,520,0,1,0
478,434,833,1,0,1
479,712,238,1,0,0
480,843,435,0,1,0
481,234,236,1,0,1
482,239,842,1,0,1
483,519,984,0,1,0
484,887,734,0,1,0
485,608,582,0,1,0
486,343,497,0,1,0
487,103,516,0,0,1
488,346,806,0,1,0
489,602,391,1,0,1
490,857,788,1,0,1
491,396,337,0,1,0
492,990,15,1,0,0
493,749,109,0,1,0
494,586,190,0,1,0
495,89,593,0,1,0
496,147,167,0,1,0
497,634,502,0,1,0
498,182,800,1,0,1
499,926,188,1,0,1
500,329,234,1,0,1
501,108,940,1,0,0
502,567,5,0,1,0
503,754,7,0,1,0
504,231,303,0,1,0
505,610,461,1,0,1
506,691,680,1,0,1
507,617,388,0,1,0
508,334,137,0,1,0
509,165,639,0,1,0
510,553,3,1,0,1
511,984,532,0,1,0
512,886,171,1,0,0
513,17,673,1,0,1
514,672,172,0,1,0
515,131,136,0,1,0
516,862,399,0,1,0
517,591,176,0,1,0
518,685,255,0,1,0
519,362,107,0,1,0
520,732,679,0,1,0
521,936,92,0,1,0
522,267,527,1,0,1
523,449,739,0,1,0
524,800,849,0,1,0
525,604,410,1,0,1
526,4,37,0,1,0
527,466,412,1,0,1
528,754,5,0,1,0
529,288,549,1,0,1
530,935,506,1,0,1
531,442,711,0,1,0
532,147,940,0,1,0
533,58,219,0,1,0
534,821,342,0,1,0
535,269,848,0,1,0
536,849,687,0,1,0
537,403,576,0,1,0
538,424,126,0,1,0
539,624,410,1,0,1
540,474,649,0,1,0
541,457,685,0,1,0
542,659,497,0,1,0
543,4,46,0,1,0
544,312,277,1,0,0
545,52,0,0,1,0
546,110,405,0,1,0
547,434,387,0,1,0
548,57,818,0,0,1
549,640,581,0,1,0
550,785,362,0,1,0
551,226,920,0,1,0
552,949,277,1,0,1
553,373,803,1,0,1
554,490,764,0,1,0
555,211,859,0,1,0
556,336,614,0,1,0
557,299,8,0,1,0
558,849,546,1,0,1
559,711,522,0,1,0
560,782,656,0,1,0
561,678,763,0,1,0
562,835,610,0,1,0
563,435,990,0,1,0
564,9,142,1,0,1
565,189,698,0,1,0
566,177,104,0,1,0
567,260,348,0,1,0
568,750,146,0,1,0
569,210,7,0,1,0
570,756,669,1,0,1
571,282,625,0,1,0
572,648,334,0,1,0
573,186,535,1,0,1
574,888,544,0,1,0
575,517,202,0,1,0
576,37,876,1,0,0
577,333,827,1,0,1
578,169,155,0,1,0
579,720,119,0,1,0
580,203,767,0,1,0
581,0,370,1,0,0
582,348,325,0,1,0
583,504,978,0,1,0
584,310,218,1,0,1
585,170,524,0,1,0
586,795,324,0,1,0
587,801,1,0,1,0
588,287,592,0,1,0
589,540,785,0,1,0
590,415,364,0,1,0
591,804,383,1,0,1
592,788,852,0,1,0
593,244,680,0,1,0
594,793,576,0,1,0
595,591,902,1,0,1
596,328,818,0,1,0
597,792,610,0,1,0
598,150,329,0,1,0
599,81,347,0,1,0
600,926,252,0,1,0
601,726,800,0,1,0
602,714,450,0,1,0
603,3,429,0,1,0
604,515,76,0,1,0
605,380,354,0,1,0
606,811,3,1,0,1
607,165,267,0,1,0
608,502,625,1,0,0
609,397,441,0,1,0
610,754,948,0,1,0
611,409,258,0,1,0
612,324,840,0,1,0
613,34,520,0,1,0
614,580,761,1,0,1
615,507,9,0,1,0
616,907,819,1,0,0
617,725,598,0,1,0
618,434,282,0,1,0
619,679,215,0,1,0
620,8,76,0,1,0
621,503,271,0,1,0
622,539,8,0,1,0
623,144,381,0,1,0
624,672,361,1,0,1
625,240,476,0,1,0
626,4,20,0,1,0
627,117,323,0,1,0
628,833,5,1,0,0
629,626,645,0,1,0
630,745,455,0,1,0
631,894,865,0,1,0
632,990,792,1,0,0
633,148,235,0,1,0
634,862,265,0,1,0
635,543,868,0,1,0
636,744,793,0,1,0
637,197,465,0,1,0
638,365,541,1,1,0
639,674,345,1,0,1
640,155,748,0,1,0
641,3,586,0,1,0
642,2,967,0,1,0
643,925,620,0,1,0
644,532,265,0,1,0
645,77,196,0,1,0
646,622,197,0,1,0
647,1,644,0,1,0
648,111,242,0,1,0
649,742,397,0,1,0
650,954,990,0,1,0
651,745,330,0,1,0
652,268,443,0,1,0
653,219,3,0,1,0
654,0,824,0,1,0
655,508,8,0,1,0
656,372,410,0,1,0
657,674,217,0,1,0
658,307,741,0,1,0
659,247,49,1,0,1
660,260,101,1,0,1
661,334,632,1,0,1
662,368,157,1,0,1
663,678,400,0,1,0
664,116,589,0,1,0
665,244,567,0,1,0
666,142,416,0,1,0
667,574,94,0,1,0
668,930,629,0,1,0
669,921,5,1,0,0
670,218,353,0,1,0
671,803,699,0,1,0
672,921,693,0,1,0
673,754,279,1,0,1
674,734,345,0,1,0
675,655,562,0,1,0
676,816,880,0,1,0
677,903,879,0,1,0
678,518,375,1,1,0
679,6,147,0,1,0
680,553,461,0,1,0
681,489,0,1,0,0
682,129,722,0,1,0
683,3,604,0,1,0
684,214,59,0,1,0
685,374,266,1,0,1
686,823,120,0,1,0
687,793,528,1,0,1
688,578,791,0,1,0
689,807,751,1,0,1
690,606,574,0,1,0
691,213,745,0,1,0
692,783,757,0,1,0
693,408,840,0,1,0
694,673,302,1,0,0
695,698,415,0,1,0
696,840,460,1,0,1
697,571,352,0,1,0
698,172,475,1,0,1
699,118,721,0,1,0
700,746,266,1,0,1
701,104,945,1,0,0
702,540,397,0,1,0
703,397,8,1,0,0
704,285,871,0,1,0
705,2,645,0,1,0
706,550,1,1,0,1
707,476,704,0,1,0
708,869,311,0,1,0
709,536,10,0,1,0
710,666,172,0,1,0
711,348,591,0,1,0
712,4,579,0,1,0
713,883,788,0,1,0
714,887,429,0,1,0
715,582,9,0,1,0
716,89,855,0,1,0
717,771,746,1,0,1
718,421,385,1,0,1
719,638,900,0,1,0
720,453,388,0,1,0
721,875,63,0,1,0
722,969,150,0,1,0
723,922,866,0,1,0
724,105,878,0,1,0
725,593,188,0,1,0
726,284,512,0,1,0
727,1,951,1,0,0
728,511,906,0,0,1
729,6,523,0,1,0
730,206,258,0,1,0
731,130,722,0,1,0
732,486,760,1,0,1
733,428,146,1,0,1
734,2,268,0,1,0
735,163,549,0,1,0
736,592,482,0,1,0
737,199,1,1,0,0
738,61,865,0,1,0
739,156,714,0,1,0
740,98,104,0,1,0
741,937,3,0,1,0
742,697,812,0,1,0
743,328,632,0,1,0
744,821,631,0,1,0
745,441,861,1,0,1
746,141,242,1,0,1
747,9,520,1,0,1
748,517,662,0,1,0
749,938,114,0,1,0
750,990,874,1,0,0
751,909,90,0,1,0
752,312,525,1,0,1
753,5,945,1,0,0
754,507,224,0,1,0
755,554,575,0,1,0
756,832,523,0,1,0
757,822,830,0,1,0
758,525,778,0,1,0
759,1,160,1,0,1
760,529,202,0,1,0
761,579,8,0,1,0
762,619,544,0,1,0
763,790,478,0,1,0
764,334,0,0,1,0
765,393,728,1,0,1
766,743,470,0,1,0
767,230,765,1,0,1
768,946,5,0,1,0
769,351,10,1,0,0
770,441,190,1,0,1
771,286,424,0,1,0
772,820,674,0,1,0
773,892,638,0,1,0
774,851,580,0,1,0
775,566,669,0,1,0
776,786,398,1,0,1
777,95,109,0,1,0
778,884,641,0,1,0
779,118,2,0,1,0
780,273,812,0,1,0
781,679,564,0,1,0
782,342,147,0,1,0
783,169,259,1,0,1
784,228,3,1,0,1
785,705,149,1,0,1
786,799,151,1,0,1
787,673,865,0,1,0
788,10,911,1,0,0
789,108,894,1,0,0
790,524,94,0,1,0
791,197,636,0,1,0
792,4,983,1,0,0
793,5,688,0,1,0
794,223,579,0,1,0
795,916,748,1,0,1
796,392,714,1,1,0
797,960,188,0,1,0
798,943,490,0,1,0
799,906,447,0,1,0
800,496,467,1,0,0
801,236,159,0,1,0
802,373,256,0,1,0
803,244,138,0,1,0
804,501,2,0,1,0
805,796,259,1,0,0
806,882,393,0,1,0
807,415,110,1,0,1
808,831,578,0,1,0
809,3,242,0,1,0
810,874,608,0,1,0
811,669,453,0,1,0
812,889,640,0,1,0
813,142,623,1,0,1
814,823,10,0,1,0
815,536,342,0,1,0
816,574,138,0,1,0
817,377,880,0,1,0
818,792,475,1,0,1
819,804,913,0,1,0
820,189,719,0,1,0
821,520,59,0,1,0
822,268,660,0,1,0
823,990,839,0,1,0
824,5,640,0,1,0
825,530,783,0,1,0
826,399,6,1,0,0
827,679,888,0,1,0
828,614,915,0,1,0
829,750,472,0,1,0
830,637,643,0,1,0
831,586,591,0,1,0
832,204,438,0,1,0
833,161,5,0,1,0
834,10,194,0,1,0
835,789,571,0,1,0
836,433,301,1,0,1
837,884,773,0,1,0
838,7,381,1,0,1
839,963,7,0,1,0
840,222,545,0,1,0
841,408,669,0,1,0
842,286,6,0,1,0
843,582,576,1,1,0
844,124,365,1,0,1
845,690,146,0,1,0
846,398,269,0,1,0
847,226,630,0,1,0
848,845,837,0,1,0
849,990,856,0,1,0
850,593,9,0,1,0
851,405,573,0,1,0
852,338,786,1,0,1
853,201,638,0,1,0
854,413,212,0,1,0
855,248,413,0,1,0
856,454,883,0,1,0
857,277,743,1,1,0
858,426,431,0,0,1
859,882,150,0,1,0
860,388,839,0,1,0
861,750,961,0,1,0
862,9,280,0,1,0
863,793,8,0,1,0
864,263,399,0,1,0
865,193,533,1,0,1
866,89,255,0,1,0
867,22,196,0,1,0
868,676,698,0,1,0
869,660,437,0,1,0
870,705,809,1,0,1
871,335,710,0,1,0
872,5,208,0,1,0
873,868,515,0,1,0
874,621,423,0,1,0
875,913,972,0,1,0
876,930,663,0,1,0
877,231,299,0,1,0
878,917,503,0,1,0
879,636,713,1,0,1
880,356,970,0,1,0
881,472,541,1,0,0
882,5,31,1,0,1
883,854,266,0,1,0
884,7,672,0,1,0
885,510,809,0,1,0
886,516,108,0,1,0
887,327,704,0,1,0
888,632,234,0,1,0
889,174,10,1,0,1
890,607,697,0,1,0
891,466,301,0,1,0
892,964,658,1,0,1
893,8,851,1,0,0
894,516,990,0,1,0
895,93,4,1,0,0
896,910,258,0,1,0
897,789,140,1,1,0
898,306,202,0,1,0
899,93,991,1,0,0
900,463,429,1,0,1
901,587,4,0,1,0
902,282,753,1,0,1
903,653,685,0,1,0
904,7,710,0,1,0
905,646,530,0,1,0
906,8,112,1,0,0
907,264,782,1,0,1
908,245,575,0,1,0
909,72,990,1,0,0
910,990,389,1,0,1
911,232,268,0,1,0
912,591,693,0,1,0
913,612,711,0,1,0
914,571,229,0,1,0
915,600,337,0,1,0
916,759,2,0,1,0
917,391,865,1,0,1
918,7,403,1,0,0
919,590,455,0,1,0
920,616,714,0,1,0
921,318,836,1,0,1
922,640,730,0,1,0
923,676,500,1,0,1
924,531,149,0,1,0
925,403,867,0,1,0
926,3,660,0,1,0
927,217,10,0,1,0
928,728,563,0,1,0
929,837,517,1,0,1
930,418,10,1,0,0
931,929,623,0,1,0
932,208,43,0,1,0
933,564,512,1,1,0
934,984,891,0,1,0
935,184,137,1,0,1
936,778,8,0,1,0
937,653,265,0,1,0
938,404,492,1,0,0
939,365,544,0,1,0
940,352,993,0,1,0
941,139,314,0,1,0
942,740,164,1,0,1
943,743,195,0,1,0
944,945,51,0,1,0
945,219,409,1,0,1
946,523,890,0,1,0
947,669,853,0,1,0
948,0,908,1,0,0
949,7,458,0,1,0
950,404,599,1,0,1
951,211,658,0,1,0
952,428,2,0,1,0
953,479,714,1,0,1
954,595,532,0,1,0
955,180,3,0,1,0
956,334,187,0,1,0
957,352,239,1,0,1
958,418,217,0,1,0
959,801,673,0,1,0
960,616,918,0,1,0
961,181,615,0,1,0
962,731,990,1,0,1
963,264,347,0,1,0
964,61,0,1,0,1
965,357,107,0,1,0
966,547,297,1,0,1
967,2,793,0,1,0
968,289,298,0,0,1
969,63,10,0,1,0
970,3,673,0,1,0
971,487,607,1,0,0
972,562,144,0,1,0
973,811,747,0,1,0
974,9,719,1,1,0
975,379,403,0,1,0
976,849,701,1,0,1
977,292,612,0,1,0
978,429,163,0,1,0
979,256,824,0,1,0
980,684,388,0,1,0
981,625,887,0,1,0
982,444,274,0,1,0
983,416,509,1,0,0
984,188,438,0,1,0
985,417,348,0,1,0
986,590,0,0,1,0
987,721,5,1,0,1
988,522,259,0,1,0
989,89,650,0,1,0
990,95,581,1,0,1
991,738,126,0,1,0
992,281,45,0,1,0
993,8,24,0,1,0
994,146,163,0,1,0
995,717,896,0,1,0
996,707,636,0,1,0
997,0,81,1,0,1
998,706,620,0,1,0
999,676,547,0,1,0
