Index,x,y,alive,infected,immune
0,793,300,0,1,0
1,32,643,1,0,1
2,966,229,0,0,1
3,547,838,1,0,1
4,861,751,0,1,0
5,454,119,0,1,0
6,461,43,0,1,0
7,7,559,0,1,0
8,304,797,1,0,1
9,874,582,0,1,0
10,417,126,0,1,0
11,656,156,0,1,0
12,552,969,0,1,0
13,100,317,0,1,0
14,838,303,0,1,0
15,70,800,0,1,0
16,507,301,1,0,1
17,772,640,0,1,0
18,971,191,0,1,0
19,608,850,0,1,0
20,948,595,0,1,0
21,323,376,0,1,0
22,417,802,0,1,0
23,258,54,1,0,1
24,229,399,0,1,0
25,4,153,0,1,0
26,795,8,0,1,0
27,686,472,0,1,0
28,112,136,0,1,0
29,497,880,0,1,0
30,690,722,0,1,0
31,561,8,0,1,0
32,771,887,1,0,1
33,974,364,1,0,1
34,254,871,0,1,0
35,281,5,0,1,0
36,629,8,1,0,1
37,899,703,0,1,0
38,16,585,0,1,0
39,437,722,0,1,0
40,165,30,0,1,0
41,662,505,1,0,1
42,491,164,1,0,1
43,118,413,0,1,0
44,442,263,0,1,0
45,202,143,0,1,0
46,548,883,1,0,1
47,763,605,0,1,0
48,714,327,0,1,0
49,420,124,0,1,0
50,517,896,0,1,0
51,903,687,0,1,0
52,106,404,0,1,0
53,118,388,0,1,0
54,286,855,0,1,0
55,565,311,0,0,1
56,707,173,0,1,0
57,509,267,0,1,0
58,158,380,0,1,0
59,990,407,0,1,0
60,221,577,0,1,0
61,594,3,0,1,0
62,358,943,0,1,0
63,197,424,0,1,0
64,1,962,0,1,0
65,7,349,1,0,1
66,37,800,0,1,0
67,816,795,0,1,0
68,600,724,0,1,0
69,696,941,0,1,0
70,573,798,0,1,0
71,726,38,0,1,0
72,555,805,0,1,0
73,612,738,0,1,0
74,335,7,0,1,0
75,990,163,1,0,1
76,141,358,0,1,0
77,434,228,1,0,1
78,366,735,1,0,1
79,919,88,0,1,0
80,117,514,0,1,0
81,800,832,0,1,0
82,171,158,0,1,0
83,249,920,0,1,0
84,378,559,0,1,0
85,217,356,0,1,0
86,370,685,1,0,1
87,845,615,0,1,0
88,576,156,0,1,0
89,621,928,0,1,0
90,285,202,0,1,0
91,223,512,0,1,0
92,268,480,0,1,0
93,507,886,0,1,0
94,679,451,0,1,0
95,229,940,0,1,0
96,744,938,0,1,0
97,575,503,0,1,0
98,121,72,0,1,0
99,652,161,0,1,0
100,210,282,0,1,0
101,814,416,1,1,0
102,699,861,1,0,1
103,1,33,0,0,1
104,678,478,1,0,1
105,580,613,1,0,0
106,867,239,1,0,0
107,602,214,0,1,0
108,898,411,0,1,0
109,816,615,0,0,1
110,342,845,1,0,0
111,3,776,0,1,0
112,782,456,0,1,0
113,865,355,0,1,0
114,578,364,0,1,0
115,910,545,0,1,0
116,126,963,1,0,0
117,693,838,0,1,0
118,413,1,1,0,0
119,163,743,1,0,0
120,671,526,1,0,1
121,873,511,0,1,0
122,6,481,1,0,0
123,678,108,1,0,0
124,320,353,1,0,0
125,812,631,1,0,1
126,808,3,0,1,0
127,650,792,1,1,0
128,203,771,1,1,0
129,531,3,0,1,0
130,418,810,1,1,0
131,7,180,1,0,0
132,918,246,0,1,0
133,25,262,0,1,0
134,649,588,0,1,0
135,326,411,0,1,0
136,226,247,0,1,0
137,577,600,1,0,0
138,635,723,1,0,1
139,625,173,1,0,1
140,2,421,0,1,0
141,605,665,1,1,0
142,505,385,1,0,0
143,787,103,0,1,0
144,398,665,1,0,0
145,175,62,0,1,0
146,540,538,1,0,0
147,436,674,1,0,0
148,716,322,0,1,0
149,282,169,0,1,0
150,89,211,1,0,1
151,666,417,0,1,0
152,395,435,1,1,0
153,328,354,0,1,0
154,8,901,1,0,0
155,83,137,0,1,0
156,588,572,1,0,0
157,170,290,0,1,0
158,375,710,1,0,0
159,848,597,0,1,0
160,804,715,0,1,0
161,158,564,0,1,0
162,748,784,1,0,0
163,622,185,0,1,0
164,45,536,0,1,0
165,535,829,0,1,0
166,894,270,1,1,0
167,247,238,0,1,0
168,238,5,1,0,0
169,862,946,1,0,0
170,531,698,1,0,0
171,927,521,0,1,0
172,124,235,1,0,0
173,6,926,1,0,0
174,82,904,1,0,0
175,56,63,1,0,0
176,587,405,0,1,0
177,393,434,0,1,0
178,406,640,0,1,0
179,709,3,0,1,0
180,510,84,0,1,0
181,982,585,0,1,0
182,432,918,0,1,0
183,777,250,1,0,0
184,273,315,1,0,0
185,541,30,1,0,0
186,829,340,1,0,1
187,700,468,0,1,0
188,422,980,1,0,0
189,847,69,1,0,0
190,942,537,0,1,0
191,945,957,1,0,0
192,945,221,0,1,0
193,465,260,0,1,0
194,4,537,0,1,0
195,525,311,0,1,0
196,7,676,1,0,1
197,963,937,1,0,0
198,809,930,0,1,0
199,831,572,0,1,0
200,527,577,1,0,0
201,182,802,1,0,0
202,264,867,0,1,0
203,947,5,1,0,0
204,41,764,1,0,0
205,673,939,0,1,0
206,221,309,1,0,0
207,782,324,0,1,0
208,245,583,1,1,0
209,775,75,1,0,1
210,233,990,1,0,0
211,738,776,1,0,0
212,90,616,0,1,0
213,593,811,0,1,0
214,990,506,1,0,0
215,541,765,1,0,0
216,304,53,0,1,0
217,384,259,0,1,0
218,611,440,0,1,0
219,309,10,1,1,0
220,5,785,0,0,1
221,772,164,0,1,0
222,1,550,0,1,0
223,370,137,0,1,0
224,280,429,0,1,0
225,645,662,0,1,0
226,387,546,1,0,0
227,546,696,1,0,0
228,934,710,0,1,0
229,446,341,1,0,0
230,267,153,0,1,0
231,962,147,1,0,0
232,809,165,1,0,0
233,259,751,1,1,0
234,393,617,0,1,0
235,635,487,0,1,0
236,350,851,0,1,0
237,308,3,1,1,0
238,508,395,1,0,0
239,250,885,0,1,0
240,252,79,0,0,1
241,285,864,0,1,0
242,310,249,0,1,0
243,198,332,1,0,1
244,271,901,0,1,0
245,839,635,1,0,1
246,734,163,1,0,1
247,555,878,0,1,0
248,321,3,0,1,0
249,672,796,0,1,0
250,849,581,0,1,0
251,874,686,1,0,1
252,718,675,0,1,0
253,621,49,1,0,0
254,128,235,1,0,0
255,95,472,0,1,0
256,662,372,1,0,0
257,715,595,0,1,0
258,558,593,1,0,0
259,782,815,1,0,1
260,857,489,0,1,0
261,509,571,1,0,0
262,0,515,0,1,0
263,906,628,0,1,0
264,113,620,0,1,0
265,146,359,0,1,0
266,99,892,1,0,0
267,276,69,0,0,1
268,743,141,0,1,0
269,892,2,1,0,0
270,837,678,1,1,0
271,731,232,1,0,0
272,856,952,1,0,1
273,507,716,1,0,0
274,138,432,1,0,1
275,174,961,0,1,0
276,496,53,0,0,1
277,631,672,1,0,0
278,531,501,1,0,0
279,384,0,1,0,0
280,255,248,0,1,0
281,160,719,1,0,0
282,490,671,1,0,0
283,971,899,1,0,0
284,813,712,0,1,0
285,821,6,1,1,0
286,882,958,1,0,1
287,2,39,0,1,0
288,6,695,0,1,0
289,217,760,1,0,0
290,556,377,0,1,0
291,849,113,1,0,1
292,57,869,1,0,0
293,1,244,1,0,0
294,41,868,1,0,0
295,254,670,0,1,0
296,209,721,1,0,0
297,356,151,0,1,0
298,728,737,0,1,0
299,87,274,1,1,0
300,466,728,1,0,1
301,677,580,1,0,1
302,114,178,0,0,1
303,1,498,0,1,0
304,547,264,0,1,0
305,942,5,1,0,0
306,728,124,0,1,0
307,606,252,1,0,1
308,838,10,1,0,0
309,495,298,1,0,1
310,891,326,0,1,0
311,740,480,0,1,0
312,215,777,0,1,0
313,352,6,1,0,0
314,0,244,1,0,0
315,860,696,0,1,0
316,8,790,0,1,0
317,770,745,0,0,1
318,564,723,1,0,0
319,61,990,1,0,0
320,668,864,1,1,0
321,819,620,1,0,1
322,813,739,0,1,0
323,786,610,1,0,1
324,9,503,0,1,0
325,604,832,0,1,0
326,401,63,1,1,0
327,858,464,1,1,0
328,126,457,0,1,0
329,137,461,0,1,0
330,647,781,1,1,0
331,2,150,0,1,0
332,711,936,0,1,0
333,207,889,0,1,0
334,265,441,0,1,0
335,823,679,0,1,0
336,827,299,0,1,0
337,429,116,0,1,0
338,758,1,0,1,0
339,4,707,1,0,0
340,902,640,0,1,0
341,781,687,0,1,0
342,468,651,1,0,0
343,557,6,0,1,0
344,974,936,1,0,0
345,479,582,1,0,0
346,229,256,1,0,1
347,318,468,0,1,0
348,306,440,0,1,0
349,788,146,1,0,0
350,115,831,1,1,0
351,515,274,1,0,1
352,382,874,1,1,0
353,818,781,0,1,0
354,927,901,0,1,0
355,40,766,1,0,1
356,120,675,0,1,0
357,101,435,0,1,0
358,532,615,1,0,0
359,612,940,0,1,0
360,345,386,0,1,0
361,0,816,1,0,0
362,713,6,0,1,0
363,644,357,1,0,1
364,854,893,0,1,0
365,866,868,0,1,0
366,322,157,0,1,0
367,419,645,1,0,0
368,212,404,0,1,0
369,146,472,1,0,1
370,647,873,0,1,0
371,2,886,1,0,0
372,730,578,1,0,1
373,365,933,0,1,0
374,869,873,0,1,0
375,489,167,0,1,0
376,220,807,1,0,0
377,481,838,0,1,0
378,499,654,1,0,0
379,117,778,1,0,0
380,798,379,0,1,0
381,825,674,1,0,1
382,739,390,0,1,0
383,462,10,1,0,0
384,831,169,1,0,0
385,438,3,1,0,1
386,897,747,0,1,0
387,278,126,1,0,0
388,751,9,0,1,0
389,367,120,1,0,1
390,1,21,0,1,0
391,65,901,1,0,0
392,209,102,0,1,0
393,253,844,0,1,0
394,761,545,0,1,0
395,257,4,1,0,0
396,97,513,1,1,0
397,970,820,1,1,0
398,211,152,0,1,0
399,659,78,1,0,0
400,492,409,1,0,0
401,731,556,0,0,1
402,308,469,0,1,0
403,315,57,0,1,0
404,242,583,1,1,0
405,877,171,1,0,0
406,751,470,0,1,0
407,313,511,0,1,0
408,3,755,1,0,0
409,610,108,1,0,0
410,292,678,1,0,1
411,447,10,1,0,1
412,516,327,1,0,0
413,752,818,0,1,0
414,248,820,0,1,0
415,499,202,1,1,0
416,156,553,0,1,0
417,509,876,0,1,0
418,295,833,0,1,0
419,390,313,0,1,0
420,705,513,1,1,0
421,871,768,0,1,0
422,47,728,1,0,1
423,356,109,1,0,1
424,158,330,0,1,0
425,155,373,0,1,0
426,33,808,0,1,0
427,358,575,1,1,0
428,980,7,1,0,0
429,571,963,0,1,0
430,351,139,0,1,0
431,605,695,0,1,0
432,889,289,1,0,0
433,861,485,1,1,0
434,394,790,1,0,0
435,828,397,1,1,0
436,488,10,1,0,0
437,834,631,0,1,0
438,507,593,1,0,0
439,885,184,1,0,0
440,290,74,0,1,0
441,767,545,1,0,1
442,417,486,1,0,0
443,235,315,1,0,0
444,165,207,1,1,0
445,249,447,0,1,0
446,800,678,0,1,0
447,403,931,0,1,0
448,700,133,1,0,0
449,110,252,1,0,0
450,917,304,0,1,0
451,301,6,0,1,0
452,976,127,1,1,0
453,202,704,1,0,0
454,555,677,1,0,0
455,584,278,0,1,0
456,990,900,1,0,0
457,624,369,0,1,0
458,351,763,0,1,0
459,10,840,1,0,0
460,978,3,1,0,0
461,400,453,1,1,0
462,608,565,1,0,1
463,832,462,1,0,0
464,586,828,0,1,0
465,822,526,0,1,0
466,313,179,1,0,0
467,468,403,1,0,0
468,27,0,1,0,1
469,690,392,0,1,0
470,689,4,0,1,0
471,4,530,0,1,0
472,854,6,1,0,0
473,7,564,1,1,0
474,250,100,0,0,1
475,336,7,1,0,1
476,390,351,0,1,0
477,492,490,1,0,0
478,387,883,1,0,1
479,798,235,1,0,0
480,859,419,1,0,0
481,280,278,1,0,1
482,234,838,1,0,1
483,524,906,0,1,0
484,915,731,0,1,0
485,631,622,0,1,0
486,335,449,0,1,0
487,131,621,0,0,1
488,358,802,1,0,0
489,596,341,1,0,1
490,902,835,1,0,1
491,390,313,0,1,0
492,990,15,1,0,0
493,745,107,1,1,0
494,558,245,0,1,0
495,117,594,0,1,0
496,110,98,1,0,0
497,611,460,0,1,0
498,154,750,1,0,0
499,928,242,1,0,1
500,308,224,1,0,1
501,108,936,1,0,0
502,567,4,0,1,0
503,754,3,0,1,0
504,261,356,1,0,0
505,651,487,1,0,1
506,741,709,1,0,1
507,627,343,0,1,0
508,404,83,0,1,0
509,90,622,0,1,0
510,553,9,1,0,1
511,876,566,0,1,0
512,910,209,1,0,0
513,107,647,1,1,0
514,653,188,0,1,0
515,104,96,0,1,0
516,805,420,1,1,0
517,605,118,0,1,0
518,631,268,0,1,0
519,402,109,0,1,0
520,743,650,0,1,0
521,903,114,1,1,0
522,300,590,1,1,0
523,480,714,1,0,0
524,849,850,0,1,0
525,575,388,1,0,0
526,7,37,0,1,0
527,419,388,1,0,0
528,754,4,0,1,0
529,342,534,1,0,1
530,927,601,1,0,1
531,466,725,1,0,0
532,105,905,0,1,0
533,87,184,0,1,0
534,838,468,0,1,0
535,221,895,0,1,0
536,869,655,0,1,0
537,376,593,1,0,0
538,408,117,0,1,0
539,567,327,1,0,1
540,516,651,1,0,0
541,529,671,1,0,0
542,676,484,0,1,0
543,7,46,1,1,0
544,338,277,1,0,0
545,52,2,1,0,0
546,120,395,0,1,0
547,455,449,1,0,0
548,74,737,1,0,0
549,609,535,0,1,0
550,813,398,0,1,0
551,242,951,1,0,0
552,886,297,1,0,1
553,394,838,1,0,0
554,477,714,1,0,0
555,179,870,0,1,0
556,352,646,0,1,0
557,299,2,0,1,0
558,842,582,1,0,1
559,713,497,0,1,0
560,733,647,1,0,0
561,706,730,0,1,0
562,904,630,0,1,0
563,417,948,0,1,0
564,3,142,1,0,1
565,225,692,1,0,0
566,223,98,0,1,0
567,259,341,1,0,0
568,757,121,0,1,0
569,146,949,1,0,0
570,790,634,1,0,1
571,285,620,1,0,0
572,532,260,0,1,0
573,233,579,1,1,0
574,868,479,1,0,0
575,500,183,0,1,0
576,79,889,1,0,0
577,319,847,1,1,0
578,160,192,0,1,0
579,740,132,0,1,0
580,198,804,1,0,0
581,7,370,1,0,0
582,371,310,1,1,0
583,538,913,0,1,0
584,269,205,1,0,1
585,157,556,1,1,0
586,799,320,1,1,0
587,801,3,0,1,0
588,226,504,1,0,0
589,562,760,1,0,0
590,524,347,0,1,0
591,796,410,1,1,0
592,850,873,0,1,0
593,269,680,0,1,0
594,734,588,0,1,0
595,540,913,1,0,1
596,315,830,0,1,0
597,771,547,0,1,0
598,141,283,1,0,0
599,114,411,0,1,0
600,908,272,0,1,0
601,748,777,0,1,0
602,754,491,0,1,0
603,5,429,0,1,0
604,568,63,0,1,0
605,391,419,0,1,0
606,811,9,1,1,0
607,134,296,0,1,0
608,553,666,1,0,0
609,307,337,1,0,0
610,795,909,0,1,0
611,405,219,1,0,0
612,261,870,0,1,0
613,81,525,0,1,0
614,631,761,1,1,0
615,507,6,0,1,0
616,948,793,1,0,0
617,724,581,0,1,0
618,466,216,0,1,0
619,692,204,0,1,0
620,959,88,0,1,0
621,517,337,1,0,0
622,539,3,0,1,0
623,185,328,1,1,0
624,717,358,1,0,1
625,275,504,1,0,0
626,9,20,0,1,0
627,153,339,0,1,0
628,833,8,1,0,0
629,665,701,0,1,0
630,742,490,0,1,0
631,906,966,1,0,0
632,990,792,1,0,0
633,228,307,0,1,0
634,897,259,0,1,0
635,483,905,0,1,0
636,804,883,0,1,0
637,121,456,0,1,0
638,362,515,1,0,0
639,639,355,1,0,1
640,124,748,1,0,0
641,9,586,0,1,0
642,7,967,0,1,0
643,890,571,0,1,0
644,452,280,0,1,0
645,91,194,0,1,0
646,586,254,0,1,0
647,7,644,0,1,0
648,66,332,0,1,0
649,695,447,0,1,0
650,954,990,1,0,0
651,804,322,0,1,0
652,247,429,1,1,0
653,219,5,1,0,0
654,9,824,1,0,0
655,508,5,0,1,0
656,448,408,1,0,0
657,609,204,0,1,0
658,292,731,0,1,0
659,237,40,1,1,0
660,300,121,1,0,1
661,346,624,1,1,0
662,336,42,1,0,0
663,743,420,0,1,0
664,96,681,1,0,0
665,228,537,0,1,0
666,106,382,0,1,0
667,607,137,0,1,0
668,915,629,0,1,0
669,921,1,1,0,0
670,215,317,0,1,0
671,770,677,1,1,0
672,910,670,0,1,0
673,821,302,1,0,1
674,695,268,0,1,0
675,608,573,1,0,0
676,850,813,1,0,0
677,890,907,1,1,0
678,473,401,1,0,0
679,6,147,0,1,0
680,536,495,1,0,0
681,489,4,1,0,0
682,208,689,1,0,0
683,55,608,0,1,0
684,187,91,0,1,0
685,371,138,1,0,1
686,903,122,0,1,0
687,820,531,1,0,1
688,562,773,0,1,0
689,796,711,1,1,0
690,599,595,1,0,0
691,270,763,0,1,0
692,825,778,0,1,0
693,520,871,0,1,0
694,735,273,1,0,0
695,640,423,0,1,0
696,769,384,1,0,1
697,603,361,0,1,0
698,205,456,1,0,1
699,172,728,1,0,0
700,746,312,1,1,0
701,86,958,1,0,0
702,572,380,1,1,0
703,397,7,1,0,0
704,307,871,0,1,0
705,6,645,0,1,0
706,566,919,1,0,1
707,484,693,1,0,0
708,871,278,0,1,0
709,536,10,0,1,0
710,664,185,0,1,0
711,426,595,1,0,0
712,8,579,1,1,0
713,875,873,0,1,0
714,840,418,1,0,0
715,582,0,0,1,0
716,60,792,1,1,0
717,795,707,1,1,0
718,384,417,1,1,0
719,610,892,0,1,0
720,383,407,0,1,0
721,820,122,1,0,0
722,936,157,1,0,0
723,909,895,0,1,0
724,106,819,0,1,0
725,561,180,0,1,0
726,361,461,0,1,0
727,4,951,1,0,0
728,455,783,1,1,0
729,3,523,0,1,0
730,145,231,1,0,0
731,136,723,1,0,0
732,534,848,1,0,1
733,409,140,1,0,1
734,3,268,1,0,0
735,238,562,0,1,0
736,501,502,1,0,0
737,199,0,1,0,0
738,54,852,1,0,0
739,128,684,0,1,0
740,69,162,0,1,0
741,937,1,1,0,0
742,709,829,0,1,0
743,331,647,0,1,0
744,864,604,0,1,0
745,453,817,1,0,1
746,154,299,1,1,0
747,1,520,1,0,1
748,482,616,1,0,0
749,925,153,1,0,0
750,990,874,1,0,0
751,905,67,1,0,0
752,333,462,1,0,1
753,4,945,1,0,0
754,521,244,0,1,0
755,490,500,1,0,0
756,880,515,0,1,0
757,887,807,0,1,0
758,484,803,0,1,0
759,9,160,1,0,1
760,618,208,0,1,0
761,535,968,0,1,0
762,662,561,0,1,0
763,877,484,1,1,0
764,334,1,0,1,0
765,410,742,1,1,0
766,738,444,0,1,0
767,224,669,1,0,0
768,946,3,1,0,0
769,351,10,1,0,0
770,358,140,1,0,1
771,327,526,0,1,0
772,858,709,0,1,0
773,875,603,0,1,0
774,852,512,0,1,0
775,587,705,0,1,0
776,851,314,1,1,0
777,194,82,0,1,0
778,930,648,1,0,0
779,118,8,1,0,0
780,233,810,0,1,0
781,672,521,0,1,0
782,372,114,0,1,0
783,199,278,1,1,0
784,285,980,1,0,1
785,781,67,1,0,1
786,892,100,1,0,0
787,637,859,0,1,0
788,10,911,1,0,0
789,76,930,1,0,0
790,550,113,0,1,0
791,201,638,0,1,0
792,3,983,1,0,0
793,22,675,0,1,0
794,249,612,0,1,0
795,932,708,1,0,1
796,444,680,1,0,0
797,916,317,0,1,0
798,886,531,0,1,0
799,863,439,1,0,0
800,475,508,1,0,0
801,245,199,1,0,0
802,373,314,0,1,0
803,267,160,0,1,0
804,501,8,0,1,0
805,750,251,1,0,0
806,925,401,0,1,0
807,409,135,1,0,1
808,818,582,0,1,0
809,979,243,0,1,0
810,836,662,0,1,0
811,683,441,0,1,0
812,865,627,0,1,0
813,223,613,1,1,0
814,823,10,1,1,0
815,527,391,1,0,0
816,527,160,0,1,0
817,373,823,1,0,0
818,690,555,1,0,1
819,854,903,0,1,0
820,149,697,0,1,0
821,536,110,0,1,0
822,289,656,0,1,0
823,972,846,0,1,0
824,67,698,1,0,0
825,561,774,1,1,0
826,399,8,1,0,0
827,624,889,0,1,0
828,594,955,0,1,0
829,741,491,0,1,0
830,559,682,1,0,0
831,558,589,1,0,0
832,224,431,0,1,0
833,161,8,0,1,0
834,10,194,1,0,0
835,771,477,0,1,0
836,457,284,1,0,1
837,914,769,1,0,0
838,65,388,1,0,1
839,941,963,1,0,0
840,217,541,0,1,0
841,397,694,1,0,0
842,276,971,0,1,0
843,532,573,1,0,0
844,136,358,1,0,1
845,688,189,0,1,0
846,433,265,0,1,0
847,211,689,1,0,0
848,880,812,0,1,0
849,957,820,0,1,0
850,593,3,0,1,0
851,386,596,1,0,0
852,278,844,1,0,1
853,142,689,0,1,0
854,485,196,0,1,0
855,249,428,0,1,0
856,415,882,0,1,0
857,307,751,1,0,0
858,414,419,1,0,0
859,952,108,0,1,0
860,420,912,0,1,0
861,799,911,0,1,0
862,8,280,1,0,0
863,775,51,1,0,0
864,168,341,0,1,0
865,250,529,1,0,1
866,53,222,1,0,0
867,62,183,0,1,0
868,716,698,0,1,0
869,610,404,0,1,0
870,657,857,1,1,0
871,321,730,0,1,0
872,110,252,1,0,0
873,923,467,0,1,0
874,707,359,0,1,0
875,893,911,0,1,0
876,925,723,0,1,0
877,235,304,1,1,0
878,958,520,0,1,0
879,597,757,1,0,0
880,348,925,0,1,0
881,493,501,1,0,0
882,0,31,1,0,1
883,851,316,0,1,0
884,6,672,0,1,0
885,539,847,0,1,0
886,478,176,0,1,0
887,350,715,0,1,0
888,563,206,0,1,0
889,161,60,1,0,1
890,592,693,0,1,0
891,470,325,0,1,0
892,945,688,1,0,1
893,28,863,1,0,0
894,497,969,1,0,0
895,93,2,1,0,0
896,868,283,1,0,0
897,758,233,1,0,0
898,332,231,0,1,0
899,107,933,1,0,0
900,501,369,1,0,0
901,587,6,0,1,0
902,288,724,1,0,1
903,660,672,1,0,0
904,935,695,0,1,0
905,656,525,0,1,0
906,6,112,1,0,0
907,241,783,1,1,0
908,180,612,0,1,0
909,90,941,1,0,0
910,990,389,1,0,1
911,210,236,0,1,0
912,591,700,0,1,0
913,620,707,0,1,0
914,568,199,0,1,0
915,596,400,0,1,0
916,786,963,0,1,0
917,381,869,1,0,1
918,1,403,1,0,0
919,514,366,1,0,0
920,582,636,1,0,0
921,346,850,1,0,1
922,594,805,0,1,0
923,662,414,1,0,1
924,593,165,1,0,0
925,419,849,0,1,0
926,973,620,0,1,0
927,217,10,1,0,0
928,667,522,0,1,0
929,861,482,1,0,1
930,418,10,1,0,0
931,923,648,0,1,0
932,172,85,0,1,0
933,509,563,1,0,0
934,921,941,0,1,0
935,161,82,1,0,1
936,778,3,0,1,0
937,666,320,1,0,0
938,470,477,1,0,0
939,409,513,1,0,0
940,399,884,0,1,0
941,85,333,0,1,0
942,714,204,1,0,1
943,685,181,0,1,0
944,893,19,1,0,0
945,208,389,1,1,0
946,532,882,0,1,0
947,631,862,0,1,0
948,3,908,1,0,0
949,931,496,0,1,0
950,390,635,1,1,0
951,238,555,0,1,0
952,428,8,0,1,0
953,502,663,1,0,0
954,596,529,0,1,0
955,180,5,1,1,0
956,335,198,0,1,0
957,398,234,1,0,0
958,441,244,0,1,0
959,780,667,0,1,0
960,612,925,0,1,0
961,241,631,0,1,0
962,731,990,1,0,1
963,250,370,0,1,0
964,61,7,1,0,0
965,363,148,0,1,0
966,532,209,1,0,1
967,8,793,0,1,0
968,251,266,0,0,1
969,127,25,0,1,0
970,0,673,0,1,0
971,442,565,1,0,0
972,505,189,0,1,0
973,748,817,0,1,0
974,8,719,1,0,0
975,400,437,1,1,0
976,831,700,1,0,1
977,320,645,0,1,0
978,548,170,0,1,0
979,271,793,0,1,0
980,738,390,0,1,0
981,622,906,0,1,0
982,466,265,0,1,0
983,419,480,1,0,0
984,239,426,0,1,0
985,412,291,0,1,0
986,594,946,0,1,0
987,721,1,1,1,0
988,495,303,0,1,0
989,119,659,0,1,0
990,52,563,1,0,1
991,627,151,0,1,0
992,243,83,0,1,0
993,0,24,0,1,0
994,178,172,0,1,0
995,692,904,0,1,0
996,594,632,1,0,0
997,108,133,1,0,1
998,707,605,0,1,0
999,711,563,0,1,0
