Index,x,y,alive,infected,immune
0,790,300,0,1,0
1,19,677,1,0,1
2,944,208,0,0,1
3,539,890,1,0,1
4,930,754,0,1,0
5,392,97,0,1,0
6,492,91,0,1,0
7,9,559,0,1,0
8,307,789,1,0,1
9,849,584,0,1,0
10,455,148,0,1,0
11,627,124,0,1,0
12,515,5,0,1,0
13,67,326,0,1,0
14,894,262,0,1,0
15,83,715,0,1,0
16,506,322,1,0,1
17,746,733,0,1,0
18,957,145,0,1,0
19,650,828,0,1,0
20,919,561,0,1,0
21,322,325,0,1,0
22,412,824,0,1,0
23,241,117,1,0,1
24,185,391,0,1,0
25,5,153,0,1,0
26,795,3,0,1,0
27,696,402,0,1,0
28,100,151,0,1,0
29,496,882,0,1,0
30,693,694,0,1,0
31,561,2,0,1,0
32,767,873,1,0,1
33,938,305,1,0,1
34,279,848,0,1,0
35,281,2,0,1,0
36,629,8,1,0,1
37,933,653,0,1,0
38,1,585,0,1,0
39,384,767,0,1,0
40,184,37,0,1,0
41,635,552,1,0,1
42,489,158,1,0,1
43,116,440,0,1,0
44,468,293,0,1,0
45,218,106,0,1,0
46,563,904,1,0,1
47,775,580,0,1,0
48,753,339,0,1,0
49,487,161,0,1,0
50,526,907,0,1,0
51,828,727,0,1,0
52,135,395,0,1,0
53,141,352,0,1,0
54,303,806,0,1,0
55,542,289,0,0,1
56,695,184,0,1,0
57,545,246,0,1,0
58,164,384,0,1,0
59,990,407,0,1,0
60,186,626,0,1,0
61,594,2,0,1,0
62,406,958,0,1,0
63,125,439,0,1,0
64,7,962,0,1,0
65,4,349,1,0,1
66,19,824,0,1,0
67,790,815,0,1,0
68,652,788,0,1,0
69,725,928,0,1,0
70,596,796,0,1,0
71,747,10,0,1,0
72,546,755,0,1,0
73,602,765,0,1,0
74,335,3,0,1,0
75,990,163,1,0,1
76,130,356,0,1,0
77,415,248,1,0,1
78,363,765,1,0,1
79,942,72,0,1,0
80,117,526,0,1,0
81,785,880,0,1,0
82,145,123,0,1,0
83,287,946,0,1,0
84,376,535,0,1,0
85,205,330,0,1,0
86,373,662,1,0,1
87,858,621,0,1,0
88,589,115,0,1,0
89,629,949,0,1,0
90,233,193,0,1,0
91,202,504,0,1,0
92,259,498,0,1,0
93,544,931,0,1,0
94,639,387,0,1,0
95,222,911,0,1,0
96,772,910,0,1,0
97,528,549,0,1,0
98,134,42,0,1,0
99,711,180,0,1,0
100,224,262,0,1,0
101,742,398,1,0,1
102,680,900,1,0,1
103,9,33,0,0,1
104,653,444,1,0,1
105,575,567,1,0,0
106,875,270,0,1,0
107,613,182,0,1,0
108,885,404,0,1,0
109,823,565,0,0,1
110,350,877,1,0,1
111,2,776,0,1,0
112,778,439,0,1,0
113,862,368,0,1,0
114,566,279,0,1,0
115,875,545,0,1,0
116,72,927,1,0,0
117,700,863,0,1,0
118,413,7,1,0,0
119,200,742,1,1,0
120,683,499,1,0,1
121,869,514,0,1,0
122,7,481,1,0,0
123,651,73,1,0,0
124,269,416,0,1,0
125,859,577,1,0,1
126,808,2,0,1,0
127,664,759,0,1,0
128,214,763,1,0,1
129,531,7,0,1,0
130,455,888,0,1,0
131,0,180,1,0,0
132,918,277,0,1,0
133,4,274,0,1,0
134,650,616,0,1,0
135,300,471,0,1,0
136,195,187,0,1,0
137,542,507,1,0,0
138,613,718,1,0,1
139,628,163,1,0,1
140,5,421,0,1,0
141,633,636,1,0,1
142,550,387,0,1,0
143,800,174,0,1,0
144,382,597,0,1,0
145,166,75,0,1,0
146,513,608,1,0,0
147,476,688,1,1,0
148,763,315,0,1,0
149,268,189,0,1,0
150,151,211,1,0,1
151,670,394,0,1,0
152,390,442,1,0,1
153,310,353,0,1,0
154,7,901,1,0,0
155,44,123,0,1,0
156,560,561,1,0,0
157,208,269,0,1,0
158,395,730,1,0,0
159,861,633,0,1,0
160,790,738,0,1,0
161,144,571,0,1,0
162,808,808,0,1,0
163,664,225,0,1,0
164,64,562,0,1,0
165,559,868,0,1,0
166,840,304,0,1,0
167,246,207,0,1,0
168,238,8,0,1,0
169,883,6,1,0,0
170,556,665,1,0,1
171,980,523,0,1,0
172,121,295,1,0,0
173,5,926,1,0,0
174,180,888,0,1,0
175,71,41,1,0,0
176,585,411,0,1,0
177,392,421,0,1,0
178,373,647,0,1,0
179,709,0,0,1,0
180,528,112,0,1,0
181,963,606,0,1,0
182,448,880,0,1,0
183,721,282,1,0,0
184,342,307,1,0,0
185,542,54,1,0,0
186,868,311,1,0,1
187,714,447,0,1,0
188,394,990,0,1,0
189,865,45,1,0,0
190,965,521,0,1,0
191,950,7,0,1,0
192,917,212,0,1,0
193,462,222,0,1,0
194,0,537,0,1,0
195,529,289,0,1,0
196,9,676,1,0,1
197,966,990,0,1,0
198,747,962,0,1,0
199,798,540,0,1,0
200,523,624,1,0,0
201,207,828,1,0,0
202,189,883,0,1,0
203,947,5,0,1,0
204,44,757,1,0,0
205,656,898,0,1,0
206,186,279,1,0,1
207,770,349,0,1,0
208,266,630,0,1,0
209,778,63,1,0,1
210,233,990,1,0,0
211,721,774,0,1,0
212,54,569,0,1,0
213,584,804,0,1,0
214,990,506,1,0,0
215,516,773,1,0,0
216,312,70,0,1,0
217,424,271,0,1,0
218,637,412,0,1,0
219,309,10,1,0,1
220,2,785,0,0,1
221,743,206,0,1,0
222,8,550,0,1,0
223,420,131,0,1,0
224,317,423,0,1,0
225,659,704,0,1,0
226,326,563,1,0,1
227,504,627,1,0,0
228,939,722,0,1,0
229,493,316,1,1,0
230,287,121,0,1,0
231,966,143,1,1,0
232,818,149,0,1,0
233,224,772,0,1,0
234,440,623,0,1,0
235,662,494,0,1,0
236,349,864,0,1,0
237,308,2,0,1,0
238,520,448,1,0,0
239,259,885,0,1,0
240,212,108,0,0,1
241,270,932,0,1,0
242,273,264,0,1,0
243,165,364,1,0,1
244,249,851,0,1,0
245,835,583,1,0,1
246,758,186,1,0,1
247,532,865,0,1,0
248,321,8,0,1,0
249,685,779,0,1,0
250,871,591,0,1,0
251,911,664,1,0,1
252,708,648,0,1,0
253,659,67,1,0,0
254,145,244,1,0,0
255,96,460,0,1,0
256,637,405,0,0,1
257,736,603,0,1,0
258,570,622,1,0,0
259,779,828,1,0,1
260,820,444,0,1,0
261,576,486,0,1,0
262,7,515,0,1,0
263,887,634,0,1,0
264,78,610,0,1,0
265,206,372,0,1,0
266,55,947,1,0,0
267,273,33,0,0,1
268,753,124,0,1,0
269,892,5,1,0,0
270,850,685,1,0,1
271,736,279,1,0,0
272,901,965,1,0,1
273,488,686,0,1,0
274,125,378,1,0,1
275,112,4,0,1,0
276,531,138,0,0,1
277,687,634,1,0,1
278,500,515,1,0,0
279,384,4,1,0,0
280,255,232,0,1,0
281,198,689,0,1,0
282,459,635,1,1,0
283,990,904,1,0,0
284,848,793,0,1,0
285,821,0,0,1,0
286,874,962,1,0,1
287,3,39,0,1,0
288,9,695,0,1,0
289,149,701,0,1,0
290,580,380,0,1,0
291,828,117,1,0,1
292,46,856,1,0,0
293,3,244,0,1,0
294,20,868,1,1,0
295,244,617,0,1,0
296,236,706,0,1,0
297,338,130,0,1,0
298,657,731,0,1,0
299,99,263,1,0,1
300,430,716,1,0,1
301,730,574,1,0,1
302,151,145,0,0,1
303,5,498,0,1,0
304,550,266,0,1,0
305,942,7,0,1,0
306,730,95,0,1,0
307,579,279,1,0,1
308,838,10,1,0,0
309,458,250,1,0,1
310,853,334,0,1,0
311,737,491,0,1,0
312,222,773,0,1,0
313,352,6,1,0,0
314,9,244,0,1,0
315,866,767,0,1,0
316,4,790,0,1,0
317,769,740,0,0,1
318,602,802,0,1,0
319,61,990,1,0,0
320,738,846,0,1,0
321,780,558,1,0,1
322,767,785,0,1,0
323,832,650,1,0,1
324,1,503,0,1,0
325,576,860,0,1,0
326,295,57,0,1,0
327,802,479,0,1,0
328,132,516,0,1,0
329,101,444,0,1,0
330,605,784,0,1,0
331,0,150,0,1,0
332,706,939,0,1,0
333,196,904,0,1,0
334,212,411,0,1,0
335,796,641,0,1,0
336,868,321,0,1,0
337,402,116,0,1,0
338,758,9,0,1,0
339,1,707,1,0,0
340,920,653,0,1,0
341,834,632,0,1,0
342,517,652,1,1,0
343,557,7,0,1,0
344,984,944,1,0,0
345,471,576,1,0,0
346,181,244,1,0,1
347,289,472,0,1,0
348,271,491,0,1,0
349,799,106,0,1,0
350,89,829,1,0,1
351,484,264,1,0,1
352,344,883,0,1,0
353,841,810,0,1,0
354,893,915,0,1,0
355,8,791,1,0,1
356,137,691,0,1,0
357,109,406,0,1,0
358,564,584,1,0,0
359,653,925,0,1,0
360,368,333,0,1,0
361,5,816,0,1,0
362,713,7,0,1,0
363,632,338,1,0,1
364,864,895,0,1,0
365,795,833,0,1,0
366,374,185,0,1,0
367,444,642,0,1,0
368,228,374,0,1,0
369,173,460,1,0,1
370,682,887,0,1,0
371,3,886,1,0,0
372,775,619,1,0,1
373,369,982,0,1,0
374,869,922,0,1,0
375,535,146,0,1,0
376,219,792,0,1,0
377,490,867,0,1,0
378,525,650,1,0,0
379,93,814,1,0,0
380,817,424,0,1,0
381,833,636,1,0,1
382,708,423,0,1,0
383,462,10,1,0,0
384,847,164,1,0,0
385,438,6,1,0,1
386,891,789,0,1,0
387,319,109,1,0,0
388,751,0,0,1,0
389,403,122,1,0,1
390,1,21,0,1,0
391,88,876,1,0,0
392,198,43,0,1,0
393,271,834,0,1,0
394,727,549,0,1,0
395,257,0,1,0,0
396,71,480,0,1,0
397,3,827,0,1,0
398,229,187,0,1,0
399,700,154,1,0,0
400,551,423,1,0,0
401,754,487,0,0,1
402,357,489,0,1,0
403,311,69,0,1,0
404,169,560,0,1,0
405,923,147,1,0,0
406,717,460,0,1,0
407,334,507,0,1,0
408,7,755,1,0,0
409,592,92,0,1,0
410,310,610,1,0,1
411,447,10,1,0,1
412,563,309,0,1,0
413,770,779,0,1,0
414,221,826,0,1,0
415,489,222,1,0,1
416,159,527,0,1,0
417,580,909,0,1,0
418,313,862,0,1,0
419,412,243,0,1,0
420,732,534,0,1,0
421,875,749,0,1,0
422,35,715,1,0,1
423,275,100,1,0,1
424,166,367,0,1,0
425,134,389,0,1,0
426,73,769,0,1,0
427,310,549,1,0,1
428,980,1,1,0,0
429,579,987,0,1,0
430,347,166,0,1,0
431,557,711,0,1,0
432,886,281,0,1,0
433,818,473,1,0,1
434,407,789,1,0,0
435,841,395,0,1,0
436,488,10,1,0,0
437,778,621,0,1,0
438,545,647,1,0,0
439,873,194,1,0,0
440,294,48,0,1,0
441,750,579,1,0,1
442,438,464,1,0,0
443,231,264,0,1,0
444,128,236,0,0,1
445,301,462,0,1,0
446,798,671,0,1,0
447,394,922,0,1,0
448,670,89,1,0,0
449,93,288,1,0,0
450,915,295,0,1,0
451,301,1,0,1,0
452,953,117,1,0,1
453,250,651,1,1,0
454,628,620,0,1,0
455,613,223,0,1,0
456,990,900,1,0,0
457,641,380,0,1,0
458,355,824,0,1,0
459,10,840,1,0,0
460,978,4,1,0,0
461,425,373,1,0,1
462,604,548,1,0,1
463,819,565,1,0,1
464,557,814,0,1,0
465,847,485,0,1,0
466,249,194,1,0,1
467,477,452,1,0,0
468,27,0,1,0,1
469,725,369,0,1,0
470,689,5,0,1,0
471,0,530,0,1,0
472,854,7,1,0,0
473,3,564,1,0,1
474,301,82,0,0,1
475,336,9,1,0,1
476,323,358,0,1,0
477,544,497,1,0,0
478,393,853,1,0,1
479,792,242,1,0,0
480,823,426,0,1,0
481,248,261,1,0,1
482,250,802,1,0,1
483,545,967,0,1,0
484,896,744,0,1,0
485,620,618,0,1,0
486,319,474,0,1,0
487,112,543,0,0,1
488,360,815,1,0,0
489,597,400,1,0,1
490,868,784,1,0,1
491,408,317,0,1,0
492,990,15,1,0,0
493,732,95,0,1,0
494,520,209,0,1,0
495,92,577,0,1,0
496,135,163,0,1,0
497,667,440,0,1,0
498,184,786,1,0,1
499,923,216,1,0,1
500,325,219,1,0,1
501,106,926,1,0,0
502,567,5,0,1,0
503,754,1,0,1,0
504,225,325,0,1,0
505,637,465,1,0,1
506,696,668,1,0,1
507,631,371,0,1,0
508,347,117,0,1,0
509,125,644,0,1,0
510,553,6,1,0,1
511,897,505,0,1,0
512,877,211,1,0,0
513,61,652,1,0,1
514,653,197,0,1,0
515,155,108,0,1,0
516,837,380,0,1,0
517,620,188,0,1,0
518,672,217,0,1,0
519,364,115,0,1,0
520,737,693,0,1,0
521,910,79,0,1,0
522,298,575,1,0,1
523,506,726,1,0,0
524,832,860,0,1,0
525,599,403,1,0,1
526,5,37,0,1,0
527,430,402,1,0,1
528,754,8,0,1,0
529,296,528,1,0,1
530,918,508,1,0,1
531,479,728,1,0,0
532,138,898,0,1,0
533,29,222,0,1,0
534,847,385,0,1,0
535,250,891,0,1,0
536,879,685,0,1,0
537,385,537,0,1,0
538,451,130,0,1,0
539,576,385,1,0,1
540,474,707,0,1,0
541,502,721,0,1,0
542,671,455,0,1,0
543,6,46,0,1,0
544,300,291,1,0,0
545,52,9,1,1,0
546,114,398,0,1,0
547,428,431,0,1,0
548,108,787,1,1,0
549,619,561,0,1,0
550,763,367,0,1,0
551,251,914,0,1,0
552,931,282,1,0,1
553,376,804,1,0,1
554,527,752,1,0,0
555,178,842,0,1,0
556,341,592,0,1,0
557,299,5,0,1,0
558,860,577,1,0,1
559,684,521,0,1,0
560,785,637,0,1,0
561,681,749,0,1,0
562,855,604,0,1,0
563,435,990,0,1,0
564,9,142,1,0,1
565,197,726,0,1,0
566,172,106,0,1,0
567,239,355,0,1,0
568,736,125,0,1,0
569,210,2,0,1,0
570,784,660,1,0,1
571,255,624,0,1,0
572,587,323,0,1,0
573,210,524,1,0,1
574,887,495,0,1,0
575,517,211,0,1,0
576,41,887,1,0,0
577,319,820,1,0,1
578,193,141,0,1,0
579,732,110,0,1,0
580,208,757,0,1,0
581,5,370,1,0,0
582,374,332,0,1,0
583,502,951,0,1,0
584,325,239,1,0,1
585,128,538,0,1,0
586,793,339,0,1,0
587,801,5,0,1,0
588,264,595,0,1,0
589,555,789,0,1,0
590,441,322,0,1,0
591,806,392,1,0,1
592,813,830,0,1,0
593,266,724,0,1,0
594,806,596,0,1,0
595,575,885,1,0,1
596,326,847,0,1,0
597,750,594,0,1,0
598,157,325,0,1,0
599,77,386,0,1,0
600,924,234,0,1,0
601,717,809,0,1,0
602,723,451,0,1,0
603,4,429,0,1,0
604,493,82,0,1,0
605,352,394,0,1,0
606,811,4,1,0,1
607,114,320,0,1,0
608,546,656,1,0,0
609,356,408,0,1,0
610,743,935,0,1,0
611,440,254,0,1,0
612,321,866,0,1,0
613,56,531,0,1,0
614,599,759,1,0,1
615,507,1,0,1,0
616,925,803,1,0,0
617,724,584,0,1,0
618,444,237,0,1,0
619,688,197,0,1,0
620,8,76,0,1,0
621,537,334,0,1,0
622,539,8,0,1,0
623,146,371,0,1,0
624,685,350,1,0,1
625,254,473,0,1,0
626,5,20,0,1,0
627,155,370,0,1,0
628,833,5,1,0,0
629,651,644,0,1,0
630,741,501,0,1,0
631,891,945,0,1,0
632,990,792,1,0,0
633,178,281,0,1,0
634,867,269,0,1,0
635,547,850,0,1,0
636,768,823,0,1,0
637,184,459,0,1,0
638,360,548,1,0,0
639,659,341,1,0,1
640,171,741,0,1,0
641,1,586,0,1,0
642,0,967,0,1,0
643,922,563,0,1,0
644,496,268,0,1,0
645,40,200,0,1,0
646,610,194,0,1,0
647,5,644,0,1,0
648,76,268,0,1,0
649,698,399,0,1,0
650,954,990,0,1,0
651,799,328,0,1,0
652,253,401,0,1,0
653,219,9,1,1,0
654,1,824,0,1,0
655,508,7,0,1,0
656,403,373,0,1,0
657,663,226,0,1,0
658,296,736,0,1,0
659,266,51,1,0,1
660,296,115,1,0,1
661,327,594,1,0,1
662,355,148,1,0,1
663,695,400,0,1,0
664,124,604,0,1,0
665,245,526,0,1,0
666,138,400,0,1,0
667,572,106,0,1,0
668,928,638,0,1,0
669,921,2,1,0,0
670,246,366,0,1,0
671,803,681,0,1,0
672,899,663,0,1,0
673,766,305,1,0,1
674,724,307,0,1,0
675,671,587,0,1,0
676,813,872,0,1,0
677,880,905,0,1,0
678,486,370,1,0,0
679,8,147,0,1,0
680,580,504,1,1,0
681,489,4,1,0,0
682,152,739,0,1,0
683,4,604,0,1,0
684,212,39,0,1,0
685,401,216,1,0,1
686,876,76,0,1,0
687,803,572,1,0,1
688,545,780,0,1,0
689,808,743,1,0,1
690,587,567,0,1,0
691,241,713,0,1,0
692,793,727,0,1,0
693,437,882,0,1,0
694,657,274,1,0,0
695,675,391,0,1,0
696,820,422,1,0,1
697,553,343,0,1,0
698,218,460,1,0,1
699,128,679,0,1,0
700,748,319,1,0,1
701,64,945,1,0,0
702,522,408,0,1,0
703,397,0,1,0,0
704,287,866,0,1,0
705,3,645,0,1,0
706,550,3,1,0,1
707,503,700,0,1,0
708,858,279,0,1,0
709,536,10,0,1,0
710,680,149,0,1,0
711,413,599,0,1,0
712,8,579,0,1,0
713,879,829,0,1,0
714,894,417,0,1,0
715,582,8,0,1,0
716,107,860,0,1,0
717,783,733,1,0,1
718,425,366,1,0,1
719,649,917,0,1,0
720,446,423,0,1,0
721,845,95,0,1,0
722,969,161,0,1,0
723,928,891,0,1,0
724,112,838,0,1,0
725,575,206,0,1,0
726,305,468,0,1,0
727,7,951,1,0,0
728,486,850,0,0,1
729,1,523,0,1,0
730,221,221,0,1,0
731,144,710,0,1,0
732,525,798,1,0,1
733,447,159,1,0,1
734,0,268,0,1,0
735,171,585,0,1,0
736,548,469,1,0,0
737,199,1,1,0,0
738,32,830,0,1,0
739,139,719,0,1,0
740,106,117,0,1,0
741,937,5,0,1,0
742,694,816,0,1,0
743,358,625,0,1,0
744,829,626,0,1,0
745,470,865,1,0,1
746,166,294,1,0,1
747,9,520,1,0,1
748,482,667,0,1,0
749,938,112,0,1,0
750,990,874,1,0,0
751,935,112,0,1,0
752,289,519,1,0,1
753,6,945,1,0,0
754,513,245,0,1,0
755,534,538,1,1,0
756,844,509,0,1,0
757,863,837,0,1,0
758,480,793,0,1,0
759,1,160,1,0,1
760,599,201,0,1,0
761,598,945,0,1,0
762,624,521,0,1,0
763,800,510,0,1,0
764,334,2,0,1,0
765,388,719,1,0,1
766,706,444,0,1,0
767,262,743,1,0,1
768,946,1,0,1,0
769,351,10,1,0,0
770,418,171,1,0,1
771,314,474,0,1,0
772,888,672,0,1,0
773,893,602,0,1,0
774,856,576,0,1,0
775,580,713,0,1,0
776,825,380,1,0,1
777,119,63,0,1,0
778,859,657,0,1,0
779,118,2,1,1,0
780,244,788,0,1,0
781,643,565,0,1,0
782,374,173,0,1,0
783,175,234,1,0,1
784,228,4,1,0,1
785,723,128,1,0,1
786,839,149,1,0,1
787,629,877,0,1,0
788,10,911,1,0,0
789,98,929,1,0,0
790,534,118,0,1,0
791,185,648,0,1,0
792,9,983,1,0,0
793,3,688,0,1,0
794,217,575,0,1,0
795,935,713,1,0,1
796,418,718,1,0,0
797,969,225,0,1,0
798,937,523,0,1,0
799,865,460,0,1,0
800,472,466,1,0,0
801,251,186,0,1,0
802,355,293,0,1,0
803,231,160,0,1,0
804,501,6,0,1,0
805,781,244,1,0,0
806,873,405,0,1,0
807,396,115,1,0,1
808,831,604,0,1,0
809,2,242,0,1,0
810,859,635,0,1,0
811,679,425,0,1,0
812,890,656,0,1,0
813,152,640,1,0,1
814,823,10,0,1,0
815,514,361,0,1,0
816,549,153,0,1,0
817,374,869,0,1,0
818,704,518,1,0,1
819,797,926,0,1,0
820,160,701,0,1,0
821,555,74,0,1,0
822,247,653,0,1,0
823,990,839,0,1,0
824,28,681,1,0,0
825,522,806,0,1,0
826,399,5,1,0,0
827,658,891,0,1,0
828,594,950,0,1,0
829,757,487,0,1,0
830,610,678,0,1,0
831,586,605,0,1,0
832,236,443,0,1,0
833,161,8,0,1,0
834,10,194,1,0,0
835,785,533,0,1,0
836,459,318,1,0,1
837,897,780,0,1,0
838,33,395,1,0,1
839,963,5,0,1,0
840,240,551,0,1,0
841,412,685,0,1,0
842,276,982,0,1,0
843,539,609,1,0,0
844,144,391,1,0,1
845,678,160,0,1,0
846,429,244,0,1,0
847,200,626,0,1,0
848,870,800,0,1,0
849,990,856,0,1,0
850,593,3,0,1,0
851,419,590,0,1,0
852,314,771,1,0,1
853,192,661,0,1,0
854,460,186,0,1,0
855,185,386,0,1,0
856,429,910,0,1,0
857,305,768,1,0,0
858,392,436,0,0,1
859,926,136,0,1,0
860,379,868,0,1,0
861,758,960,0,1,0
862,2,280,0,1,0
863,768,51,1,0,0
864,200,347,0,1,0
865,231,576,1,0,1
866,110,254,0,1,0
867,54,205,0,1,0
868,662,683,0,1,0
869,696,400,0,1,0
870,677,809,1,0,1
871,383,705,0,1,0
872,36,191,0,1,0
873,900,514,0,1,0
874,645,334,0,1,0
875,907,955,0,1,0
876,957,720,0,1,0
877,242,281,0,1,0
878,923,524,0,1,0
879,620,750,1,0,1
880,376,972,0,1,0
881,469,542,1,0,0
882,2,31,1,0,1
883,871,273,0,1,0
884,7,672,0,1,0
885,559,861,0,1,0
886,503,113,0,1,0
887,384,736,0,1,0
888,577,214,0,1,0
889,174,10,1,0,1
890,590,652,0,1,0
891,466,283,0,1,0
892,958,668,1,0,1
893,5,851,1,0,0
894,516,990,0,1,0
895,93,7,1,0,0
896,890,275,0,1,0
897,785,218,1,0,0
898,323,196,0,1,0
899,76,950,1,0,0
900,440,393,1,0,1
901,587,4,0,1,0
902,260,772,1,0,1
903,639,682,0,1,0
904,969,711,0,1,0
905,626,510,0,1,0
906,6,112,1,0,0
907,245,772,1,0,1
908,217,565,0,1,0
909,72,990,1,0,0
910,990,389,1,0,1
911,201,264,0,1,0
912,583,668,0,1,0
913,597,729,0,1,0
914,550,222,0,1,0
915,597,347,0,1,0
916,759,7,0,1,0
917,366,876,1,0,1
918,1,403,1,0,0
919,577,422,0,1,0
920,600,713,0,1,0
921,298,845,1,0,1
922,623,772,0,1,0
923,642,472,1,0,1
924,523,124,0,1,0
925,415,852,0,1,0
926,973,658,0,1,0
927,217,10,0,1,0
928,697,535,0,1,0
929,816,483,1,0,1
930,418,10,1,0,0
931,928,642,0,1,0
932,178,65,0,1,0
933,509,571,1,0,0
934,936,949,0,1,0
935,170,122,1,0,1
936,778,3,0,1,0
937,646,284,0,1,0
938,433,457,1,0,0
939,371,498,1,1,0
940,348,926,0,1,0
941,122,307,0,1,0
942,708,165,1,0,1
943,724,185,0,1,0
944,950,12,1,1,0
945,183,396,1,0,1
946,515,879,0,1,0
947,644,837,0,1,0
948,3,908,1,0,0
949,989,459,0,1,0
950,411,586,1,0,1
951,221,618,0,1,0
952,428,5,0,1,0
953,485,675,1,1,0
954,596,518,0,1,0
955,180,8,0,1,0
956,332,164,0,1,0
957,370,243,1,1,0
958,422,255,0,1,0
959,783,668,0,1,0
960,590,950,0,1,0
961,224,585,0,1,0
962,731,990,1,0,1
963,260,346,0,1,0
964,61,1,1,1,0
965,366,127,0,1,0
966,524,267,1,0,1
967,2,793,0,1,0
968,286,293,0,0,1
969,63,10,0,1,0
970,5,673,0,1,0
971,483,636,1,0,0
972,560,152,0,1,0
973,780,782,0,1,0
974,3,719,1,0,0
975,345,408,0,1,0
976,829,676,1,0,1
977,306,622,0,1,0
978,480,167,0,1,0
979,248,783,0,1,0
980,702,399,0,1,0
981,630,881,0,1,0
982,462,237,0,1,0
983,426,477,1,0,0
984,195,458,0,1,0
985,443,317,0,1,0
986,590,993,0,1,0
987,721,8,1,0,1
988,522,282,0,1,0
989,112,642,0,1,0
990,105,599,1,0,1
991,713,151,0,1,0
992,244,62,0,1,0
993,8,24,0,1,0
994,156,163,0,1,0
995,712,883,0,1,0
996,658,629,0,1,0
997,41,103,1,0,1
998,692,631,0,1,0
999,684,538,0,1,0
