Index,x,y,alive,infected,immune
0,803,294,0,1,0
1,58,650,1,1,0
2,945,233,1,1,0
3,570,865,1,1,0
4,918,716,0,1,0
5,458,158,0,1,0
6,466,55,1,1,0
7,960,538,0,1,0
8,279,757,1,1,0
9,859,590,0,1,0
10,339,144,0,1,0
11,679,158,0,1,0
12,552,935,1,1,0
13,76,280,0,1,0
14,806,299,0,1,0
15,84,794,0,1,0
16,556,343,1,1,0
17,775,622,0,1,0
18,949,179,0,1,0
19,561,832,0,1,0
20,969,650,0,1,0
21,379,348,0,1,0
22,513,763,0,1,0
23,258,94,1,1,0
24,200,374,0,1,0
25,6,153,0,1,0
26,751,975,0,1,0
27,668,515,0,1,0
28,123,187,0,1,0
29,508,908,0,1,0
30,689,714,0,1,0
31,570,15,0,1,0
32,778,860,1,1,0
33,939,401,1,1,0
34,207,888,0,1,0
35,281,8,0,1,0
36,629,2,1,1,0
37,849,768,0,1,0
38,60,608,0,1,0
39,397,709,0,1,0
40,147,86,1,1,0
41,628,476,1,1,0
42,486,154,1,1,0
43,111,400,0,1,0
44,439,274,0,1,0
45,192,139,0,1,0
46,511,899,1,1,0
47,758,557,0,1,0
48,737,354,0,1,0
49,442,126,0,1,0
50,485,889,0,1,0
51,886,822,0,1,0
52,123,370,0,1,0
53,181,385,0,1,0
54,304,886,0,1,0
55,601,248,1,1,0
56,759,158,0,1,0
57,623,277,0,1,0
58,150,396,0,1,0
59,990,407,0,1,0
60,235,573,0,1,0
61,594,8,0,1,0
62,362,953,0,1,0
63,157,496,1,1,0
64,0,962,0,1,0
65,966,410,1,1,0
66,67,804,0,1,0
67,777,826,0,1,0
68,641,750,0,1,0
69,684,930,0,1,0
70,582,819,0,1,0
71,766,39,0,1,0
72,599,803,0,1,0
73,651,719,0,1,0
74,335,3,0,1,0
75,955,143,1,1,0
76,105,319,0,1,0
77,460,236,1,1,0
78,313,732,1,1,0
79,896,114,0,1,0
80,110,502,0,1,0
81,768,842,1,1,0
82,200,113,0,1,0
83,187,852,1,1,0
84,315,557,0,1,0
85,222,405,0,1,0
86,397,737,1,1,0
87,859,593,0,1,0
88,572,176,0,1,0
89,634,965,0,1,0
90,332,196,0,1,0
91,255,514,0,1,0
92,298,419,0,1,0
93,479,866,0,1,0
94,650,458,0,1,0
95,159,952,0,1,0
96,725,916,0,1,0
97,645,493,0,1,0
98,34,35,0,1,0
99,662,158,0,1,0
100,256,283,1,0,0
101,771,424,1,0,0
102,719,826,1,0,0
103,8,33,1,1,0
104,637,419,1,0,0
105,557,565,1,0,0
106,854,223,1,0,0
107,649,187,1,1,0
108,845,342,1,0,0
109,754,648,1,0,0
110,328,878,1,0,0
111,5,776,1,0,0
112,795,424,1,0,0
113,868,333,1,0,0
114,566,314,1,1,0
115,858,575,0,1,0
116,81,976,1,0,0
117,750,818,1,1,0
118,413,5,1,0,0
119,167,746,1,0,0
120,686,482,1,0,0
121,861,492,1,0,0
122,948,498,1,0,0
123,689,101,1,0,0
124,275,320,1,0,0
125,806,615,1,1,0
126,808,7,1,0,0
127,640,811,1,0,0
128,211,737,1,0,0
129,531,3,1,0,0
130,413,770,1,0,0
131,7,180,1,0,0
132,936,228,1,0,0
133,72,239,0,1,0
134,713,568,1,0,0
135,300,511,1,0,0
136,194,200,1,0,0
137,559,617,1,0,0
138,651,680,1,0,0
139,564,136,1,1,0
140,5,421,0,1,0
141,578,754,1,0,0
142,497,359,1,0,0
143,752,102,0,1,0
144,353,727,1,0,0
145,182,95,1,1,0
146,540,484,1,0,0
147,464,632,1,0,0
148,734,352,1,1,0
149,301,179,1,0,0
150,98,203,1,1,0
151,638,391,1,0,0
152,385,411,1,0,0
153,355,327,1,0,0
154,6,901,1,0,0
155,116,149,1,0,0
156,561,550,1,0,0
157,185,302,1,0,0
158,362,696,1,0,0
159,880,605,1,1,0
160,826,746,1,0,0
161,135,582,1,0,0
162,710,774,1,0,0
163,634,168,1,0,0
164,46,550,0,1,0
165,566,884,0,1,0
166,869,272,1,0,0
167,331,208,0,1,0
168,238,1,1,0,0
169,901,945,1,0,0
170,491,731,1,0,0
171,977,530,1,1,0
172,141,267,1,0,0
173,9,926,1,0,0
174,41,868,1,0,0
175,105,90,1,0,0
176,577,369,1,0,0
177,378,424,1,0,0
178,376,605,1,0,0
179,709,0,1,0,0
180,541,100,1,0,0
181,899,624,1,0,0
182,434,962,1,0,0
183,759,282,1,0,0
184,376,301,1,0,0
185,496,88,1,0,0
186,773,365,1,1,0
187,662,447,1,1,0
188,414,911,1,0,0
189,830,125,1,0,0
190,939,577,1,0,0
191,901,941,1,0,0
192,947,228,1,1,0
193,495,232,0,1,0
194,948,548,1,1,0
195,534,248,1,0,0
196,2,676,1,1,0
197,954,941,1,0,0
198,761,886,1,0,0
199,842,566,0,1,0
200,545,557,1,0,0
201,212,761,1,0,0
202,303,875,1,1,0
203,953,987,1,0,0
204,40,729,1,0,0
205,647,923,1,1,0
206,210,336,1,0,0
207,743,309,1,0,0
208,257,594,1,0,0
209,751,131,1,0,0
210,233,954,1,0,0
211,689,800,1,0,0
212,58,578,0,1,0
213,641,759,0,1,0
214,971,494,1,0,0
215,542,790,1,0,0
216,268,73,1,1,0
217,379,270,1,0,0
218,626,417,1,0,0
219,309,10,1,0,0
220,1,785,1,0,0
221,766,110,1,0,0
222,5,550,1,0,0
223,325,185,0,1,0
224,269,522,1,1,0
225,667,670,1,0,0
226,363,567,1,0,0
227,518,598,1,0,0
228,944,733,1,0,0
229,414,331,1,0,0
230,292,143,1,0,0
231,906,191,1,0,0
232,805,135,1,0,0
233,185,750,1,0,0
234,392,660,1,0,0
235,612,510,0,1,0
236,340,800,1,0,0
237,321,963,1,0,0
238,443,381,1,0,0
239,245,916,0,1,0
240,261,58,1,1,0
241,296,887,1,1,0
242,296,213,1,0,0
243,193,372,1,1,0
244,300,870,1,1,0
245,904,602,1,1,0
246,707,112,1,0,0
247,565,834,1,1,0
248,356,944,1,0,0
249,699,906,0,1,0
250,836,579,0,1,0
251,904,641,1,0,0
252,707,705,0,1,0
253,666,49,1,0,0
254,132,275,1,0,0
255,150,465,1,0,0
256,622,382,1,0,0
257,716,577,1,0,0
258,589,561,1,0,0
259,692,823,1,0,0
260,776,508,1,0,0
261,453,560,1,0,0
262,5,515,1,0,0
263,935,609,1,0,0
264,89,648,1,0,0
265,137,331,1,0,0
266,103,946,1,0,0
267,288,31,1,0,0
268,709,168,1,0,0
269,904,963,1,0,0
270,794,747,1,0,0
271,779,209,1,0,0
272,891,895,1,1,0
273,519,723,1,0,0
274,128,397,1,1,0
275,170,944,1,1,0
276,518,52,1,1,0
277,586,618,1,0,0
278,494,488,1,0,0
279,384,2,1,0,0
280,203,237,1,0,0
281,198,732,1,0,0
282,530,739,1,0,0
283,929,847,1,0,0
284,789,691,1,0,0
285,821,9,1,0,0
286,860,919,1,0,0
287,4,39,1,1,0
288,5,695,1,0,0
289,256,761,1,0,0
290,527,362,1,0,0
291,933,87,1,0,0
292,77,860,1,0,0
293,7,244,1,0,0
294,52,858,1,0,0
295,222,650,1,0,0
296,248,695,1,0,0
297,388,183,1,0,0
298,726,732,1,1,0
299,57,277,1,0,0
300,417,711,1,0,0
301,696,565,1,0,0
302,90,146,1,1,0
303,5,498,0,1,0
304,558,268,0,1,0
305,940,28,1,0,0
306,787,100,1,0,0
307,676,209,1,1,0
308,822,16,1,0,0
309,538,321,1,0,0
310,972,326,1,0,0
311,694,489,1,0,0
312,237,767,1,0,0
313,352,4,1,0,0
314,0,244,1,0,0
315,902,654,0,1,0
316,4,790,1,0,0
317,725,715,1,1,0
318,491,642,1,0,0
319,61,990,1,0,0
320,663,832,1,0,0
321,827,658,1,1,0
322,857,671,1,1,0
323,820,628,1,1,0
324,9,503,1,1,0
325,661,791,1,1,0
326,388,119,1,0,0
327,897,376,1,0,0
328,91,467,1,0,0
329,129,456,1,0,0
330,708,823,1,0,0
331,4,150,0,1,0
332,680,960,0,1,0
333,220,923,0,1,0
334,265,432,1,0,0
335,780,666,1,0,0
336,866,349,1,0,0
337,458,33,1,1,0
338,758,3,1,1,0
339,12,708,1,0,0
340,891,640,1,0,0
341,802,729,1,0,0
342,477,633,1,0,0
343,557,0,1,0,0
344,936,953,1,0,0
345,502,577,1,0,0
346,191,283,1,0,0
347,327,428,1,0,0
348,265,423,1,0,0
349,770,180,1,0,0
350,123,831,1,0,0
351,551,310,1,1,0
352,424,904,1,0,0
353,779,771,1,0,0
354,847,906,1,0,0
355,54,774,1,0,0
356,96,713,1,0,0
357,134,422,0,1,0
358,573,681,1,0,0
359,601,946,0,1,0
360,310,433,1,0,0
361,9,816,1,0,0
362,724,973,1,1,0
363,653,354,1,0,0
364,845,899,1,0,0
365,859,822,0,1,0
366,332,173,0,1,0
367,395,679,1,0,0
368,198,466,1,0,0
369,106,438,1,1,0
370,705,920,1,1,0
371,8,886,1,0,0
372,747,506,1,1,0
373,360,928,1,1,0
374,913,827,1,1,0
375,452,145,0,1,0
376,160,771,1,0,0
377,556,835,0,1,0
378,567,605,1,0,0
379,156,781,1,0,0
380,765,323,0,1,0
381,861,748,1,0,0
382,837,384,1,0,0
383,462,10,1,0,0
384,814,132,1,0,0
385,391,942,1,0,0
386,865,724,1,0,0
387,309,124,1,0,0
388,751,2,1,1,0
389,333,195,1,0,0
390,6,21,0,1,0
391,72,899,1,0,0
392,165,133,1,1,0
393,273,850,1,1,0
394,704,488,1,0,0
395,257,7,1,0,0
396,72,490,1,0,0
397,940,803,1,0,0
398,189,126,1,1,0
399,685,94,1,0,0
400,514,424,1,0,0
401,687,546,1,1,0
402,303,464,1,0,0
403,284,45,1,0,0
404,277,646,1,0,0
405,901,231,1,0,0
406,735,426,1,0,0
407,366,528,1,0,0
408,9,755,1,0,0
409,637,93,1,0,0
410,306,733,1,0,0
411,423,55,1,0,0
412,446,346,1,0,0
413,757,836,1,1,0
414,231,786,1,0,0
415,524,234,1,0,0
416,123,585,1,0,0
417,450,873,0,1,0
418,254,851,1,0,0
419,346,322,1,0,0
420,735,479,1,0,0
421,836,755,0,1,0
422,71,656,1,0,0
423,395,89,1,0,0
424,132,343,1,0,0
425,128,375,0,1,0
426,51,832,1,1,0
427,389,583,1,0,0
428,980,6,1,0,0
429,607,981,0,1,0
430,400,99,1,0,0
431,542,689,1,0,0
432,908,254,1,0,0
433,841,433,1,0,0
434,376,775,1,0,0
435,858,411,1,0,0
436,488,10,1,0,0
437,828,663,1,1,0
438,504,611,1,0,0
439,859,215,1,0,0
440,289,74,1,0,0
441,752,527,1,1,0
442,427,516,1,0,0
443,281,339,1,0,0
444,163,227,1,0,0
445,265,455,1,0,0
446,777,684,1,0,0
447,452,888,0,1,0
448,690,104,1,0,0
449,134,262,1,0,0
450,913,319,1,0,0
451,324,909,1,1,0
452,972,100,1,0,0
453,135,722,1,0,0
454,592,715,1,0,0
455,558,354,1,0,0
456,981,906,1,0,0
457,648,302,0,1,0
458,335,756,1,0,0
459,10,840,1,0,0
460,978,6,1,0,0
461,381,471,1,0,0
462,623,523,1,1,0
463,797,439,1,0,0
464,528,766,1,0,0
465,809,579,1,1,0
466,254,129,1,0,0
467,493,433,1,0,0
468,27,9,1,1,0
469,666,377,1,0,0
470,679,935,1,1,0
471,34,571,1,1,0
472,854,7,1,0,0
473,4,564,1,0,0
474,308,166,1,0,0
475,336,9,1,1,0
476,387,380,1,0,0
477,476,483,1,0,0
478,343,922,1,1,0
479,797,209,1,0,0
480,866,447,1,0,0
481,288,256,1,0,0
482,247,924,1,1,0
483,525,831,0,1,0
484,946,692,0,1,0
485,656,556,0,1,0
486,260,459,1,0,0
487,102,620,1,0,0
488,343,796,1,0,0
489,574,288,1,1,0
490,932,833,1,0,0
491,428,242,1,0,0
492,990,15,1,0,0
493,819,91,1,0,0
494,600,282,1,0,0
495,72,673,1,0,0
496,94,105,1,0,0
497,620,479,1,1,0
498,130,760,1,0,0
499,945,217,1,0,0
500,311,213,1,0,0
501,132,930,1,0,0
502,567,1,1,1,0
503,754,6,1,1,0
504,219,340,1,0,0
505,645,543,1,1,0
506,776,764,1,0,0
507,582,317,0,1,0
508,404,69,1,0,0
509,149,624,1,0,0
510,547,943,1,1,0
511,872,565,1,1,0
512,909,176,1,0,0
513,93,745,1,0,0
514,601,147,1,0,0
515,142,159,1,0,0
516,857,432,1,0,0
517,581,96,1,0,0
518,623,254,0,1,0
519,443,140,1,1,0
520,824,671,0,1,0
521,813,148,1,0,0
522,385,594,1,0,0
523,510,651,1,0,0
524,885,936,1,0,0
525,574,409,1,0,0
526,32,44,1,1,0
527,429,393,1,0,0
528,754,7,1,1,0
529,288,533,1,1,0
530,905,583,1,1,0
531,457,723,1,0,0
532,183,937,1,0,0
533,132,196,1,0,0
534,825,423,1,0,0
535,223,839,1,0,0
536,859,655,1,1,0
537,385,612,1,0,0
538,372,71,1,0,0
539,543,363,1,0,0
540,523,661,1,0,0
541,576,643,1,0,0
542,726,429,1,0,0
543,958,59,1,0,0
544,308,258,1,0,0
545,83,941,1,0,0
546,107,378,0,1,0
547,420,466,1,0,0
548,35,744,1,0,0
549,649,508,0,1,0
550,789,374,0,1,0
551,198,958,1,0,0
552,811,344,1,0,0
553,340,801,1,0,0
554,483,702,1,0,0
555,112,899,1,0,0
556,324,637,1,0,0
557,390,938,1,0,0
558,874,634,1,1,0
559,783,491,1,0,0
560,728,632,1,0,0
561,644,665,1,0,0
562,861,552,1,1,0
563,419,893,1,0,0
564,4,142,1,1,0
565,241,727,1,0,0
566,260,121,1,0,0
567,240,313,1,0,0
568,706,116,1,0,0
569,133,943,1,0,0
570,821,572,1,1,0
571,292,660,1,0,0
572,564,295,1,1,0
573,241,656,1,0,0
574,875,475,1,0,0
575,484,199,1,1,0
576,132,872,1,0,0
577,327,822,1,0,0
578,228,168,1,0,0
579,707,146,1,0,0
580,184,782,1,0,0
581,3,370,1,0,0
582,383,312,1,0,0
583,539,915,0,1,0
584,307,145,1,0,0
585,197,564,1,0,0
586,795,264,1,0,0
587,801,3,1,0,0
588,203,532,1,0,0
589,547,753,1,0,0
590,571,358,1,0,0
591,826,474,1,0,0
592,844,819,0,1,0
593,250,746,1,0,0
594,794,622,0,1,0
595,552,950,1,1,0
596,292,854,0,1,0
597,788,467,1,0,0
598,197,220,1,0,0
599,145,464,1,0,0
600,892,274,1,0,0
601,769,811,0,1,0
602,775,526,1,1,0
603,4,429,0,1,0
604,626,161,1,0,0
605,344,420,1,0,0
606,818,975,1,0,0
607,162,366,1,1,0
608,598,610,1,0,0
609,235,322,1,0,0
610,770,889,1,0,0
611,329,240,1,0,0
612,284,920,1,1,0
613,66,531,1,1,0
614,675,849,1,0,0
615,507,1,1,0,0
616,923,765,1,0,0
617,690,520,1,1,0
618,491,237,0,1,0
619,658,223,1,0,0
620,935,103,0,1,0
621,463,385,1,0,0
622,487,983,1,0,0
623,167,335,1,0,0
624,804,387,1,0,0
625,331,562,1,0,0
626,983,33,1,0,0
627,152,292,1,0,0
628,833,993,1,0,0
629,644,719,1,0,0
630,826,482,1,0,0
631,907,944,1,0,0
632,931,817,1,0,0
633,178,236,1,0,0
634,851,280,1,0,0
635,498,938,0,1,0
636,814,884,1,0,0
637,164,406,0,1,0
638,330,518,1,0,0
639,683,420,1,0,0
640,130,750,1,0,0
641,970,616,1,1,0
642,6,967,1,1,0
643,919,633,1,1,0
644,472,222,0,1,0
645,60,238,0,1,0
646,514,259,1,0,0
647,961,650,0,1,0
648,113,328,1,0,0
649,659,433,1,0,0
650,954,990,1,0,0
651,848,276,1,0,0
652,269,478,1,0,0
653,219,9,1,0,0
654,4,824,1,0,0
655,511,27,1,1,0
656,473,472,1,0,0
657,592,225,0,1,0
658,297,755,1,1,0
659,232,30,1,0,0
660,292,50,1,0,0
661,344,678,1,0,0
662,368,41,1,0,0
663,769,520,1,1,0
664,113,698,1,0,0
665,180,538,1,0,0
666,141,375,0,1,0
667,665,100,1,0,0
668,874,623,1,1,0
669,921,3,1,0,0
670,189,330,1,0,0
671,795,694,1,0,0
672,912,690,1,1,0
673,829,334,1,1,0
674,676,247,1,0,0
675,592,597,1,0,0
676,799,775,1,0,0
677,938,944,1,0,0
678,400,413,1,0,0
679,86,154,1,0,0
680,565,463,1,0,0
681,489,9,1,0,0
682,189,683,1,0,0
683,105,552,1,1,0
684,179,141,0,1,0
685,403,180,1,1,0
686,951,150,0,1,0
687,782,507,1,0,0
688,594,734,1,0,0
689,805,699,1,0,0
690,597,625,1,0,0
691,311,693,1,0,0
692,735,800,1,0,0
693,532,879,1,1,0
694,721,277,1,0,0
695,654,411,1,0,0
696,828,364,1,1,0
697,610,354,1,0,0
698,265,465,1,0,0
699,151,746,1,0,0
700,699,335,1,0,0
701,32,951,1,0,0
702,510,428,1,0,0
703,397,6,1,0,0
704,335,891,0,1,0
705,0,645,1,0,0
706,531,942,1,1,0
707,496,733,1,0,0
708,826,286,0,1,0
709,536,10,1,0,0
710,662,212,1,1,0
711,453,604,1,0,0
712,2,579,1,0,0
713,870,842,0,1,0
714,880,407,1,0,0
715,560,958,1,1,0
716,72,740,1,0,0
717,778,752,1,0,0
718,415,404,1,0,0
719,628,921,1,0,0
720,376,399,1,0,0
721,838,165,1,0,0
722,899,148,1,0,0
723,891,900,1,1,0
724,68,782,1,1,0
725,511,203,1,0,0
726,380,428,1,0,0
727,16,926,1,0,0
728,429,713,1,0,0
729,971,557,1,1,0
730,163,187,1,0,0
731,106,653,1,0,0
732,533,869,1,1,0
733,361,163,1,1,0
734,12,263,1,0,0
735,216,542,1,0,0
736,538,434,1,0,0
737,199,6,1,0,0
738,34,845,1,0,0
739,114,737,1,0,0
740,96,140,1,1,0
741,937,3,1,0,0
742,684,889,1,0,0
743,364,606,1,0,0
744,905,613,1,0,0
745,433,838,1,1,0
746,112,290,1,0,0
747,1,520,1,0,0
748,479,578,1,0,0
749,930,173,1,0,0
750,990,874,1,0,0
751,874,36,1,0,0
752,326,422,1,0,0
753,4,945,1,0,0
754,568,230,0,1,0
755,505,464,1,0,0
756,824,533,1,0,0
757,876,797,1,1,0
758,454,795,1,0,0
759,2,160,1,1,0
760,631,205,1,1,0
761,562,978,1,1,0
762,614,536,0,1,0
763,888,475,1,0,0
764,334,7,1,1,0
765,452,777,1,0,0
766,748,492,1,0,0
767,155,726,1,0,0
768,969,72,1,0,0
769,360,39,1,0,0
770,334,198,1,1,0
771,327,511,1,0,0
772,854,722,1,0,0
773,867,591,0,1,0
774,889,546,1,0,0
775,635,758,0,1,0
776,890,383,1,0,0
777,150,91,0,1,0
778,946,625,1,0,0
779,118,9,1,0,0
780,191,776,1,0,0
781,641,530,0,1,0
782,354,58,1,0,0
783,195,283,1,0,0
784,306,947,1,0,0
785,761,100,1,0,0
786,880,83,1,0,0
787,567,834,1,1,0
788,10,911,1,0,0
789,35,950,1,0,0
790,533,93,0,1,0
791,239,558,0,1,0
792,0,983,1,0,0
793,68,667,1,0,0
794,221,547,1,0,0
795,959,695,1,1,0
796,488,644,1,0,0
797,944,263,1,0,0
798,904,611,1,1,0
799,857,445,1,0,0
800,482,503,1,0,0
801,308,239,1,0,0
802,402,263,1,0,0
803,345,146,1,0,0
804,501,9,1,0,0
805,752,253,1,0,0
806,951,386,0,1,0
807,446,120,1,1,0
808,798,543,1,0,0
809,909,244,1,0,0
810,853,632,1,1,0
811,679,437,1,0,0
812,842,606,1,1,0
813,219,607,1,0,0
814,823,10,1,0,0
815,485,431,1,0,0
816,542,206,1,0,0
817,393,826,1,0,0
818,682,516,1,1,0
819,812,848,0,1,0
820,123,729,1,0,0
821,544,64,1,1,0
822,386,701,1,1,0
823,928,866,1,0,0
824,114,693,1,0,0
825,591,760,1,0,0
826,426,21,1,0,0
827,634,897,1,1,0
828,542,945,0,1,0
829,743,526,1,1,0
830,537,661,1,0,0
831,568,605,1,0,0
832,185,383,1,1,0
833,194,29,1,0,0
834,10,194,1,0,0
835,740,444,1,0,0
836,430,312,1,0,0
837,947,797,1,0,0
838,108,418,1,1,0
839,918,934,1,0,0
840,248,558,1,1,0
841,360,705,1,0,0
842,292,954,1,0,0
843,452,617,1,0,0
844,171,374,1,1,0
845,644,170,1,1,0
846,446,290,0,1,0
847,250,725,1,0,0
848,850,812,1,1,0
849,907,893,1,0,0
850,617,38,1,0,0
851,360,610,1,0,0
852,243,815,1,1,0
853,122,666,1,0,0
854,484,203,0,1,0
855,257,436,1,0,0
856,364,949,1,1,0
857,283,801,1,0,0
858,402,439,1,0,0
859,968,134,1,1,0
860,398,903,1,0,0
861,760,902,1,0,0
862,0,280,1,0,0
863,800,92,1,0,0
864,232,316,1,0,0
865,278,574,1,1,0
866,92,204,1,0,0
867,49,214,0,1,0
868,705,667,1,0,0
869,652,394,1,0,0
870,668,821,1,0,0
871,312,746,1,1,0
872,131,259,1,0,0
873,892,419,1,0,0
874,689,377,1,0,0
875,966,947,1,0,0
876,831,728,1,0,0
877,211,327,1,0,0
878,920,563,1,0,0
879,595,716,1,0,0
880,327,903,0,1,0
881,460,472,1,0,0
882,18,39,1,1,0
883,828,395,1,0,0
884,0,672,0,1,0
885,533,865,1,1,0
886,551,206,1,0,0
887,390,711,1,1,0
888,564,215,1,0,0
889,152,42,1,0,0
890,648,721,1,1,0
891,444,280,1,1,0
892,885,733,1,0,0
893,37,812,1,0,0
894,494,959,1,0,0
895,87,967,1,0,0
896,858,213,1,0,0
897,747,184,1,0,0
898,291,249,1,0,0
899,121,904,1,0,0
900,458,349,1,0,0
901,587,5,1,1,0
902,337,685,1,0,0
903,676,660,1,0,0
904,909,732,1,0,0
905,687,541,1,1,0
906,0,112,1,0,0
907,274,740,1,0,0
908,82,609,1,0,0
909,104,975,1,0,0
910,990,389,1,1,0
911,209,161,1,0,0
912,619,721,1,0,0
913,624,744,1,0,0
914,509,192,0,1,0
915,615,408,1,0,0
916,854,971,1,0,0
917,338,931,1,0,0
918,3,403,1,0,0
919,518,421,1,0,0
920,598,614,1,0,0
921,369,923,1,1,0
922,559,861,0,1,0
923,671,468,1,0,0
924,643,131,1,0,0
925,436,863,1,1,0
926,875,662,1,1,0
927,217,10,1,0,0
928,665,515,0,1,0
929,892,481,1,0,0
930,403,45,1,0,0
931,969,587,1,0,0
932,177,131,1,1,0
933,574,568,1,0,0
934,965,864,1,0,0
935,169,100,1,0,0
936,785,61,1,0,0
937,699,316,1,0,0
938,492,454,1,0,0
939,431,511,1,0,0
940,451,871,1,1,0
941,109,353,1,0,0
942,641,194,1,1,0
943,621,143,1,0,0
944,838,56,1,0,0
945,178,417,1,0,0
946,521,849,0,1,0
947,617,847,1,0,0
948,3,908,1,0,0
949,915,528,1,0,0
950,353,659,1,0,0
951,207,624,1,0,0
952,467,975,1,0,0
953,506,633,1,0,0
954,585,489,1,0,0
955,211,38,1,0,0
956,282,256,1,0,0
957,407,225,1,0,0
958,469,333,1,0,0
959,730,659,1,0,0
960,637,948,1,1,0
961,252,712,1,0,0
962,731,990,1,1,0
963,286,419,1,1,0
964,61,1,1,0,0
965,389,140,1,0,0
966,543,233,1,0,0
967,31,795,1,0,0
968,179,296,1,0,0
969,134,75,1,0,0
970,988,664,0,1,0
971,446,586,1,0,0
972,473,236,0,1,0
973,745,816,1,1,0
974,1,719,1,0,0
975,421,398,1,0,0
976,826,607,1,1,0
977,340,636,1,0,0
978,518,169,1,1,0
979,241,818,0,1,0
980,822,354,1,1,0
981,583,891,1,0,0
982,448,216,0,1,0
983,440,422,1,0,0
984,243,411,1,0,0
985,454,249,1,1,0
986,618,939,1,1,0
987,709,28,1,0,0
988,507,320,0,1,0
989,122,664,1,0,0
990,101,522,1,1,0
991,663,166,0,1,0
992,208,65,0,1,0
993,7,24,1,1,0
994,212,173,1,0,0
995,721,915,1,1,0
996,646,619,1,0,0
997,150,101,1,0,0
998,739,613,1,0,0
999,733,557,0,1,0
