Index,x,y,alive,infected,immune
0,765,325,0,1,0
1,6,697,1,0,1
2,974,162,0,0,1
3,562,908,1,0,1
4,990,815,0,1,0
5,362,137,0,1,0
6,497,91,0,1,0
7,5,559,0,1,0
8,371,800,1,0,1
9,843,603,0,1,0
10,441,125,0,1,0
11,599,121,0,1,0
12,515,9,0,1,0
13,57,351,0,1,0
14,865,237,0,1,0
15,74,800,0,1,0
16,472,352,1,0,1
17,777,695,0,1,0
18,961,114,0,1,0
19,671,780,0,1,0
20,947,565,0,1,0
21,306,311,0,1,0
22,409,831,0,1,0
23,271,154,1,0,1
24,194,431,0,1,0
25,9,153,0,1,0
26,795,5,0,1,0
27,662,391,0,1,0
28,91,124,0,1,0
29,501,916,0,1,0
30,704,621,0,1,0
31,561,7,0,1,0
32,715,851,1,0,1
33,6,275,1,0,1
34,251,862,0,1,0
35,281,1,0,1,0
36,629,9,1,0,1
37,934,658,0,1,0
38,4,585,0,1,0
39,351,772,0,1,0
40,217,3,0,1,0
41,612,550,1,0,1
42,538,223,1,0,1
43,140,422,0,1,0
44,486,264,0,1,0
45,211,120,0,1,0
46,536,937,1,0,1
47,782,525,0,1,0
48,722,299,0,1,0
49,510,181,0,1,0
50,502,914,0,1,0
51,854,683,0,1,0
52,126,356,0,1,0
53,189,349,0,1,0
54,235,733,0,1,0
55,546,290,0,0,1
56,692,171,0,1,0
57,499,336,0,1,0
58,187,339,0,1,0
59,990,407,0,1,0
60,144,683,0,1,0
61,594,3,0,1,0
62,452,925,0,1,0
63,145,398,0,1,0
64,6,962,0,1,0
65,8,349,1,0,1
66,37,846,0,1,0
67,795,803,0,1,0
68,615,793,0,1,0
69,694,902,0,1,0
70,592,844,0,1,0
71,747,10,0,1,0
72,532,746,0,1,0
73,555,760,0,1,0
74,335,5,0,1,0
75,990,163,1,0,1
76,82,322,0,1,0
77,431,258,1,0,1
78,331,741,1,0,1
79,961,52,0,1,0
80,108,544,0,1,0
81,757,832,0,1,0
82,108,110,0,1,0
83,257,920,0,1,0
84,332,547,0,1,0
85,206,281,0,1,0
86,364,651,1,0,1
87,885,571,0,1,0
88,630,79,0,1,0
89,613,5,0,1,0
90,271,137,0,1,0
91,177,489,0,1,0
92,277,554,0,1,0
93,493,947,0,1,0
94,617,328,0,1,0
95,238,876,0,1,0
96,754,855,0,1,0
97,498,544,0,1,0
98,139,65,0,1,0
99,705,175,0,1,0
100,254,241,0,1,0
101,770,447,1,0,1
102,642,931,1,0,1
103,5,33,0,0,1
104,615,434,1,0,1
105,595,567,1,0,1
106,876,242,0,1,0
107,618,240,0,1,0
108,863,351,0,1,0
109,804,559,0,0,1
110,374,852,1,0,1
111,8,776,0,1,0
112,803,399,0,1,0
113,866,300,0,1,0
114,581,257,0,1,0
115,882,531,0,1,0
116,51,903,1,0,0
117,714,848,0,1,0
118,413,4,1,0,0
119,210,696,0,1,0
120,750,491,1,0,1
121,873,503,0,1,0
122,3,481,1,0,0
123,637,45,1,0,0
124,276,437,0,1,0
125,851,564,1,0,1
126,808,4,0,1,0
127,671,751,0,1,0
128,223,754,1,0,1
129,531,1,0,1,0
130,448,884,0,1,0
131,0,180,1,1,0
132,889,250,0,1,0
133,1,274,0,1,0
134,643,582,0,1,0
135,336,446,0,1,0
136,207,166,0,1,0
137,561,562,0,1,0
138,620,725,1,0,1
139,642,152,1,0,1
140,6,421,0,1,0
141,600,650,1,0,1
142,514,383,0,1,0
143,808,186,0,1,0
144,405,604,0,1,0
145,150,79,0,1,0
146,475,601,1,0,0
147,474,690,0,1,0
148,712,356,0,1,0
149,270,192,0,1,0
150,143,251,1,0,1
151,696,321,0,1,0
152,420,435,1,0,1
153,353,365,0,1,0
154,6,901,1,1,0
155,70,126,0,1,0
156,578,571,0,1,0
157,211,271,0,1,0
158,440,739,0,1,0
159,872,625,0,1,0
160,780,745,0,1,0
161,113,562,0,1,0
162,784,768,0,1,0
163,668,191,0,1,0
164,80,556,0,1,0
165,542,907,0,1,0
166,839,272,0,1,0
167,281,149,0,1,0
168,238,5,0,1,0
169,883,8,1,0,0
170,571,664,1,0,1
171,983,496,0,1,0
172,138,388,0,1,0
173,3,926,1,0,0
174,197,870,0,1,0
175,50,55,1,0,0
176,568,431,0,1,0
177,394,416,0,1,0
178,392,653,0,1,0
179,709,5,0,1,0
180,486,138,0,1,0
181,990,639,0,1,0
182,497,879,0,1,0
183,686,260,1,0,0
184,348,346,1,0,1
185,507,44,1,1,0
186,863,270,1,0,1
187,781,474,0,1,0
188,394,990,0,1,0
189,831,74,1,0,0
190,894,528,0,1,0
191,950,7,0,1,0
192,914,241,0,1,0
193,484,265,0,1,0
194,7,537,0,1,0
195,570,266,0,1,0
196,1,676,1,0,1
197,966,990,0,1,0
198,707,935,0,1,0
199,795,575,0,1,0
200,517,614,1,1,0
201,194,871,0,1,0
202,247,836,0,1,0
203,947,5,0,1,0
204,1,719,0,1,0
205,746,843,0,1,0
206,218,263,1,0,1
207,746,420,0,1,0
208,257,622,0,1,0
209,765,29,1,0,1
210,233,990,1,0,0
211,738,780,0,1,0
212,9,608,0,1,0
213,603,886,0,1,0
214,990,506,0,1,0
215,515,633,0,1,0
216,393,83,0,1,0
217,491,302,0,1,0
218,696,383,0,1,0
219,309,10,1,0,1
220,0,785,0,0,1
221,735,194,0,1,0
222,0,550,0,1,0
223,441,82,0,1,0
224,274,467,0,1,0
225,661,690,0,1,0
226,305,541,1,0,1
227,523,675,1,1,0
228,961,747,0,1,0
229,461,329,1,0,1
230,319,164,0,1,0
231,4,120,1,0,1
232,806,126,0,1,0
233,236,750,0,1,0
234,466,646,0,1,0
235,674,487,0,1,0
236,431,836,0,1,0
237,308,4,0,1,0
238,482,373,1,0,1
239,251,937,0,1,0
240,187,146,0,0,1
241,253,941,0,1,0
242,275,240,0,1,0
243,189,307,1,0,1
244,198,814,0,1,0
245,837,611,1,0,1
246,752,201,1,0,1
247,585,823,0,1,0
248,321,5,0,1,0
249,658,820,0,1,0
250,874,626,0,1,0
251,903,706,1,0,1
252,690,582,0,1,0
253,674,113,1,0,0
254,121,237,1,0,0
255,88,414,0,1,0
256,632,422,0,0,1
257,765,594,0,1,0
258,594,560,0,1,0
259,815,807,1,0,1
260,769,432,0,1,0
261,576,492,0,1,0
262,3,515,0,1,0
263,891,673,0,1,0
264,58,615,0,1,0
265,214,385,0,1,0
266,14,892,1,0,0
267,289,46,0,0,1
268,770,108,0,1,0
269,892,5,1,0,0
270,775,730,1,0,1
271,750,322,1,1,0
272,813,989,1,0,1
273,477,693,0,1,0
274,94,348,1,0,1
275,112,8,0,1,0
276,505,167,0,0,1
277,715,672,1,0,1
278,502,560,0,1,0
279,384,0,1,0,0
280,234,203,0,1,0
281,208,718,0,1,0
282,490,678,1,0,1
283,990,904,1,0,0
284,841,782,0,1,0
285,821,8,0,1,0
286,825,926,1,0,1
287,7,39,0,1,0
288,3,695,0,1,0
289,165,673,0,1,0
290,540,423,0,1,0
291,835,117,1,0,1
292,52,855,1,0,0
293,5,244,0,1,0
294,2,907,1,0,1
295,207,625,0,1,0
296,247,703,0,1,0
297,338,94,0,1,0
298,660,784,0,1,0
299,50,286,1,0,1
300,488,705,1,0,1
301,668,549,1,0,1
302,202,138,0,0,1
303,9,498,0,1,0
304,553,230,0,1,0
305,942,4,0,1,0
306,758,52,0,1,0
307,561,226,1,0,1
308,838,10,1,0,0
309,432,226,1,0,1
310,873,303,0,1,0
311,795,560,0,1,0
312,208,791,0,1,0
313,352,9,0,1,0
314,8,244,0,1,0
315,885,756,0,1,0
316,9,790,0,1,0
317,805,753,0,0,1
318,534,784,0,1,0
319,61,990,1,0,0
320,742,862,0,1,0
321,745,592,1,0,1
322,776,832,0,1,0
323,837,632,1,0,1
324,7,503,0,1,0
325,603,873,0,1,0
326,279,63,0,1,0
327,816,490,0,1,0
328,148,462,0,1,0
329,89,392,0,1,0
330,607,800,0,1,0
331,9,150,0,1,0
332,692,972,0,1,0
333,193,852,0,1,0
334,187,384,0,1,0
335,733,711,0,1,0
336,873,292,0,1,0
337,435,131,0,1,0
338,758,1,0,1,0
339,0,707,0,1,0
340,871,729,0,1,0
341,850,628,0,1,0
342,563,686,0,1,0
343,557,4,0,1,0
344,968,933,1,0,0
345,499,551,1,1,0
346,157,210,1,0,1
347,279,497,0,1,0
348,284,487,0,1,0
349,737,102,0,1,0
350,110,821,1,0,1
351,506,241,1,0,1
352,331,985,0,1,0
353,848,759,0,1,0
354,828,905,0,1,0
355,9,791,1,0,1
356,108,675,0,1,0
357,114,419,0,1,0
358,558,584,0,1,0
359,647,930,0,1,0
360,412,302,0,1,0
361,9,816,0,1,0
362,713,2,0,1,0
363,609,362,1,0,1
364,878,844,0,1,0
365,822,859,0,1,0
366,318,167,0,1,0
367,441,584,0,1,0
368,247,395,0,1,0
369,162,478,1,0,1
370,622,868,0,1,0
371,0,886,1,1,0
372,761,620,1,0,1
373,367,8,0,1,0
374,871,946,0,1,0
375,489,164,0,1,0
376,164,843,0,1,0
377,523,906,0,1,0
378,528,635,1,1,0
379,112,891,0,1,0
380,795,437,0,1,0
381,858,644,1,0,1
382,688,500,0,1,0
383,462,10,1,0,0
384,859,164,1,0,0
385,438,7,1,0,1
386,902,770,0,1,0
387,284,164,0,1,0
388,751,3,0,1,0
389,419,131,1,0,1
390,7,21,0,1,0
391,10,898,1,1,0
392,185,37,0,1,0
393,226,808,0,1,0
394,761,537,0,1,0
395,257,6,1,0,0
396,86,517,0,1,0
397,4,827,0,1,0
398,252,247,0,1,0
399,735,84,0,1,0
400,538,445,1,1,0
401,719,455,0,0,1
402,352,544,0,1,0
403,371,73,0,1,0
404,124,587,0,1,0
405,915,109,0,0,1
406,688,442,0,1,0
407,298,453,0,1,0
408,2,755,1,0,0
409,597,74,0,1,0
410,292,657,1,0,1
411,447,10,1,0,1
412,535,284,0,1,0
413,777,800,0,1,0
414,212,868,0,1,0
415,490,166,1,0,1
416,180,487,0,1,0
417,603,927,0,1,0
418,294,902,0,1,0
419,401,303,0,1,0
420,731,490,0,1,0
421,873,771,0,1,0
422,3,686,1,0,1
423,265,44,1,0,1
424,193,388,0,1,0
425,135,375,0,1,0
426,70,798,0,1,0
427,287,559,1,0,1
428,980,4,1,0,0
429,585,990,0,1,0
430,382,166,0,1,0
431,619,672,0,1,0
432,880,242,0,1,0
433,790,463,1,0,1
434,448,826,0,1,0
435,843,430,0,1,0
436,488,10,1,0,0
437,777,652,0,1,0
438,539,665,0,1,0
439,865,167,0,1,0
440,281,1,0,1,0
441,714,580,1,0,1
442,436,437,1,0,0
443,263,275,0,1,0
444,145,201,0,0,1
445,292,482,0,1,0
446,761,610,0,1,0
447,387,916,0,1,0
448,648,85,1,0,0
449,69,289,1,0,0
450,885,302,0,1,0
451,301,8,0,1,0
452,962,175,1,0,1
453,284,692,1,0,1
454,622,646,0,1,0
455,590,161,0,1,0
456,990,900,1,0,0
457,636,373,0,1,0
458,328,789,0,1,0
459,10,840,1,1,0
460,978,8,1,0,0
461,476,388,1,0,1
462,623,584,1,0,1
463,834,586,1,0,1
464,609,857,0,1,0
465,883,517,0,1,0
466,201,245,1,0,1
467,473,433,1,0,0
468,27,4,1,0,1
469,725,389,0,1,0
470,689,8,0,1,0
471,8,530,0,1,0
472,854,9,1,0,0
473,2,564,1,0,1
474,306,88,0,0,1
475,336,1,1,0,1
476,317,411,0,1,0
477,539,537,0,1,0
478,429,820,1,0,1
479,752,253,1,0,0
480,856,436,0,1,0
481,251,256,1,0,1
482,236,839,1,0,1
483,515,9,0,1,0
484,888,740,0,1,0
485,591,587,0,1,0
486,333,505,0,1,0
487,131,544,0,0,1
488,370,799,0,1,0
489,632,413,1,0,1
490,888,784,1,0,1
491,418,288,0,1,0
492,990,15,1,0,0
493,732,110,0,1,0
494,601,168,0,1,0
495,74,585,0,1,0
496,139,147,0,1,0
497,656,533,0,1,0
498,188,822,1,0,1
499,919,206,1,0,1
500,322,240,1,0,1
501,125,985,1,0,0
502,567,8,0,1,0
503,754,6,0,1,0
504,233,326,0,1,0
505,613,471,1,0,1
506,711,684,1,0,1
507,624,408,0,1,0
508,308,137,0,1,0
509,157,636,0,1,0
510,553,1,1,0,1
511,990,529,0,1,0
512,892,184,1,1,0
513,3,676,1,0,1
514,689,164,0,1,0
515,137,115,0,1,0
516,885,400,0,1,0
517,607,191,0,1,0
518,700,250,0,1,0
519,371,95,0,1,0
520,720,655,0,1,0
521,967,99,0,1,0
522,254,492,1,0,1
523,442,712,0,1,0
524,803,846,0,1,0
525,588,394,1,0,1
526,6,37,0,1,0
527,454,415,1,0,1
528,754,2,0,1,0
529,324,543,1,0,1
530,905,469,1,0,1
531,446,721,0,1,0
532,134,921,0,1,0
533,52,210,0,1,0
534,850,399,0,1,0
535,275,804,0,1,0
536,829,693,0,1,0
537,404,584,0,1,0
538,431,131,0,1,0
539,606,415,1,0,1
540,466,633,0,1,0
541,460,687,0,1,0
542,681,509,0,1,0
543,2,46,0,1,0
544,332,285,1,0,0
545,52,3,0,1,0
546,113,360,0,1,0
547,442,404,0,1,0
548,42,811,0,0,1
549,588,586,0,1,0
550,815,358,0,1,0
551,239,919,0,1,0
552,980,286,1,0,1
553,355,798,1,0,1
554,498,762,0,1,0
555,187,876,0,1,0
556,310,594,0,1,0
557,299,6,0,1,0
558,828,550,1,0,1
559,704,529,0,1,0
560,808,653,0,1,0
561,676,757,0,1,0
562,835,603,0,1,0
563,435,990,0,1,0
564,7,142,1,0,1
565,184,707,0,1,0
566,188,80,0,1,0
567,291,317,0,1,0
568,731,170,0,1,0
569,210,7,0,1,0
570,737,671,1,0,1
571,254,649,0,1,0
572,644,360,0,1,0
573,173,515,1,0,1
574,875,530,0,1,0
575,520,192,0,1,0
576,25,860,1,0,0
577,372,845,1,0,1
578,152,175,0,1,0
579,752,107,0,1,0
580,205,752,0,1,0
581,5,370,1,0,0
582,318,338,0,1,0
583,474,978,0,1,0
584,295,215,1,0,1
585,182,504,0,1,0
586,803,300,0,1,0
587,801,1,0,1,0
588,275,559,0,1,0
589,554,772,0,1,0
590,376,386,0,1,0
591,799,397,1,0,1
592,792,826,0,1,0
593,232,685,0,1,0
594,800,589,0,1,0
595,585,899,1,0,1
596,345,793,0,1,0
597,764,606,0,1,0
598,164,298,0,1,0
599,95,333,0,1,0
600,930,268,0,1,0
601,748,802,0,1,0
602,703,435,0,1,0
603,6,429,0,1,0
604,510,76,0,1,0
605,400,402,0,1,0
606,811,5,1,0,1
607,179,273,0,1,0
608,477,647,0,1,0
609,386,472,0,1,0
610,743,902,0,1,0
611,399,245,0,1,0
612,321,858,0,1,0
613,25,524,0,1,0
614,604,780,1,0,1
615,507,2,0,1,0
616,903,804,1,0,0
617,706,604,0,1,0
618,418,294,0,1,0
619,708,223,0,1,0
620,9,76,0,1,0
621,531,313,0,1,0
622,539,1,0,1,0
623,149,384,0,1,0
624,661,398,1,0,1
625,261,478,0,1,0
626,9,20,0,1,0
627,110,329,0,1,0
628,833,5,1,0,0
629,629,635,0,1,0
630,761,474,0,1,0
631,913,860,0,1,0
632,990,792,1,0,0
633,126,231,0,1,0
634,874,294,0,1,0
635,545,854,0,1,0
636,740,789,0,1,0
637,201,483,0,1,0
638,374,544,1,1,0
639,671,338,1,0,1
640,154,751,0,1,0
641,8,586,0,1,0
642,2,967,0,1,0
643,923,623,0,1,0
644,499,279,0,1,0
645,81,179,0,1,0
646,646,184,0,1,0
647,6,644,0,1,0
648,62,264,0,1,0
649,764,360,0,1,0
650,954,990,0,1,0
651,785,305,0,1,0
652,292,453,0,1,0
653,219,1,0,1,0
654,7,824,0,1,0
655,508,0,0,1,0
656,395,415,0,1,0
657,685,221,0,1,0
658,346,738,0,1,0
659,241,52,1,0,1
660,264,82,1,0,1
661,334,642,1,0,1
662,346,154,1,0,1
663,694,407,0,1,0
664,134,592,0,1,0
665,255,577,0,1,0
666,157,441,0,1,0
667,554,100,0,1,0
668,923,614,0,1,0
669,921,9,1,1,0
670,204,357,0,1,0
671,782,697,0,1,0
672,905,691,0,1,0
673,763,264,1,0,1
674,741,321,0,1,0
675,673,540,0,1,0
676,825,907,0,1,0
677,876,882,0,1,0
678,534,378,1,1,0
679,4,147,0,1,0
680,557,435,0,1,0
681,489,7,1,0,0
682,137,716,0,1,0
683,4,604,0,1,0
684,203,73,0,1,0
685,345,225,1,0,1
686,836,137,0,1,0
687,815,497,1,0,1
688,567,797,0,1,0
689,801,736,1,0,1
690,632,576,0,1,0
691,228,728,0,1,0
692,803,777,0,1,0
693,390,862,0,1,0
694,660,299,1,0,0
695,717,444,0,1,0
696,815,455,1,0,1
697,545,357,0,1,0
698,163,474,1,0,1
699,113,708,0,1,0
700,733,251,1,0,1
701,115,934,1,0,0
702,550,413,0,1,0
703,397,1,1,0,0
704,265,898,0,1,0
705,3,645,0,1,0
706,550,4,1,0,1
707,501,707,0,1,0
708,875,326,0,1,0
709,536,10,0,1,0
710,654,165,0,1,0
711,359,575,0,1,0
712,6,579,0,1,0
713,885,787,0,1,0
714,868,429,0,1,0
715,582,5,0,1,0
716,101,869,0,1,0
717,793,742,1,0,1
718,432,397,1,0,1
719,640,894,0,1,0
720,430,382,0,1,0
721,874,93,0,1,0
722,977,133,0,1,0
723,918,884,0,1,0
724,105,857,0,1,0
725,591,187,0,1,0
726,291,519,0,1,0
727,0,951,1,0,0
728,508,912,0,0,1
729,4,523,0,1,0
730,194,254,0,1,0
731,90,722,0,1,0
732,504,764,1,0,1
733,425,111,1,0,1
734,4,268,0,1,0
735,168,534,0,1,0
736,599,454,0,1,0
737,199,9,1,0,0
738,71,864,0,1,0
739,150,682,0,1,0
740,99,89,0,1,0
741,937,4,0,1,0
742,692,782,0,1,0
743,319,620,0,1,0
744,816,622,0,1,0
745,404,838,1,0,1
746,146,260,1,0,1
747,1,520,1,0,1
748,525,664,0,1,0
749,953,86,0,1,0
750,990,874,1,0,0
751,911,109,0,1,0
752,326,514,1,0,1
753,4,945,1,0,0
754,497,195,0,1,0
755,526,581,0,1,0
756,834,516,0,1,0
757,811,839,0,1,0
758,538,792,0,1,0
759,4,160,1,0,1
760,543,183,0,1,0
761,579,8,0,1,0
762,586,544,0,1,0
763,782,482,0,1,0
764,334,2,0,1,0
765,337,719,1,0,1
766,743,455,0,1,0
767,205,740,1,0,1
768,946,4,0,1,0
769,351,10,1,1,0
770,424,195,1,0,1
771,296,444,0,1,0
772,850,673,0,1,0
773,892,670,0,1,0
774,869,567,0,1,0
775,554,689,0,1,0
776,777,384,1,0,1
777,81,89,0,1,0
778,886,661,0,1,0
779,118,4,0,1,0
780,281,816,0,1,0
781,685,589,0,1,0
782,368,172,0,1,0
783,140,287,1,0,1
784,228,9,1,0,1
785,725,160,1,0,1
786,824,172,1,0,1
787,678,842,0,1,0
788,10,911,1,1,0
789,67,883,1,0,0
790,513,77,0,1,0
791,182,663,0,1,0
792,0,983,1,0,0
793,4,688,0,1,0
794,250,571,0,1,0
795,922,760,1,0,1
796,403,749,0,1,0
797,972,169,0,1,0
798,945,479,0,1,0
799,926,452,0,1,0
800,482,484,1,0,0
801,252,143,0,1,0
802,377,237,0,1,0
803,252,104,0,1,0
804,501,2,0,1,0
805,804,269,1,0,0
806,889,378,0,1,0
807,451,101,1,0,1
808,836,558,0,1,0
809,9,242,0,1,0
810,848,603,0,1,0
811,703,453,0,1,0
812,888,666,0,1,0
813,104,591,1,0,1
814,823,10,0,1,0
815,579,339,0,1,0
816,551,124,0,1,0
817,362,897,0,1,0
818,772,495,1,0,1
819,821,908,0,1,0
820,188,711,0,1,0
821,496,50,0,1,0
822,291,669,0,1,0
823,990,839,0,1,0
824,3,640,0,1,0
825,541,776,0,1,0
826,399,7,1,0,0
827,647,898,0,1,0
828,599,897,0,1,0
829,756,484,0,1,0
830,614,651,0,1,0
831,583,576,0,1,0
832,187,440,0,1,0
833,161,5,0,1,0
834,10,194,0,1,0
835,801,605,0,1,0
836,417,271,1,0,1
837,886,789,0,1,0
838,5,381,1,0,1
839,963,4,0,1,0
840,233,529,0,1,0
841,407,660,0,1,0
842,286,1,0,1,0
843,636,606,1,0,1
844,129,345,1,0,1
845,664,175,0,1,0
846,409,264,0,1,0
847,249,623,0,1,0
848,836,853,0,1,0
849,990,856,0,1,0
850,593,1,0,1,0
851,404,571,0,1,0
852,318,792,1,0,1
853,161,653,0,1,0
854,409,212,0,1,0
855,253,396,0,1,0
856,438,871,0,1,0
857,237,769,0,1,0
858,407,407,0,0,1
859,880,157,0,1,0
860,411,832,0,1,0
861,757,954,0,1,0
862,5,280,0,1,0
863,793,2,0,1,0
864,242,420,0,1,0
865,200,567,1,0,1
866,82,238,0,1,0
867,7,186,0,1,0
868,689,730,0,1,0
869,686,448,0,1,0
870,725,808,1,0,1
871,329,671,0,1,0
872,4,208,0,1,0
873,835,533,0,1,0
874,630,418,0,1,0
875,912,1,0,1,0
876,940,646,0,1,0
877,255,292,0,1,0
878,910,506,0,1,0
879,658,724,1,0,1
880,353,977,0,1,0
881,474,539,1,0,0
882,5,31,1,0,1
883,872,263,0,1,0
884,2,672,0,1,0
885,497,830,0,1,0
886,501,119,0,1,0
887,330,686,0,1,0
888,646,246,0,1,0
889,174,10,1,0,1
890,609,687,0,1,0
891,472,299,0,1,0
892,2,666,1,0,1
893,0,851,1,0,0
894,516,990,0,1,0
895,93,5,1,0,0
896,895,249,0,1,0
897,780,101,0,1,0
898,311,196,0,1,0
899,93,1,1,0,0
900,441,419,1,0,1
901,587,2,0,1,0
902,275,782,1,0,1
903,610,693,0,1,0
904,5,710,0,1,0
905,631,520,0,1,0
906,6,112,1,0,0
907,265,780,1,0,1
908,244,588,0,1,0
909,72,990,1,0,0
910,990,389,1,0,1
911,236,276,0,1,0
912,543,669,0,1,0
913,591,729,0,1,0
914,569,228,0,1,0
915,613,296,0,1,0
916,759,7,0,1,0
917,380,885,1,0,1
918,4,403,1,0,0
919,595,448,0,1,0
920,597,695,0,1,0
921,337,827,1,0,1
922,632,738,0,1,0
923,697,494,1,0,1
924,532,155,0,1,0
925,396,864,0,1,0
926,6,660,0,1,0
927,217,10,0,1,0
928,720,566,0,1,0
929,806,525,1,0,1
930,418,10,1,0,0
931,941,613,0,1,0
932,199,34,0,1,0
933,576,523,1,0,1
934,0,890,0,1,0
935,208,122,1,0,1
936,778,0,0,1,0
937,636,267,0,1,0
938,398,483,1,0,0
939,374,548,0,1,0
940,352,0,0,1,0
941,139,306,0,1,0
942,769,176,1,0,1
943,743,210,0,1,0
944,915,68,0,1,0
945,245,408,1,0,1
946,526,879,0,1,0
947,657,828,0,1,0
948,9,908,1,1,0
949,5,458,0,1,0
950,413,576,1,0,1
951,210,655,0,1,0
952,428,3,0,1,0
953,485,679,1,0,1
954,611,529,0,1,0
955,180,7,0,1,0
956,374,164,0,1,0
957,363,257,1,0,1
958,418,199,0,1,0
959,823,673,0,1,0
960,603,938,0,1,0
961,159,612,0,1,0
962,731,990,1,0,1
963,292,332,0,1,0
964,61,0,1,0,1
965,339,104,0,1,0
966,521,297,1,0,1
967,0,793,0,1,0
968,263,314,0,0,1
969,63,10,0,1,0
970,2,673,0,1,0
971,507,633,1,1,0
972,585,124,0,1,0
973,812,769,0,1,0
974,9,719,0,1,0
975,341,387,0,1,0
976,882,745,1,0,1
977,282,605,0,1,0
978,413,140,0,1,0
979,253,814,0,1,0
980,690,365,0,1,0
981,623,899,0,1,0
982,481,265,0,1,0
983,454,491,1,0,0
984,210,437,0,1,0
985,417,345,0,1,0
986,590,7,0,1,0
987,721,5,1,0,1
988,528,255,0,1,0
989,105,687,0,1,0
990,140,563,1,0,1
991,726,129,0,1,0
992,297,31,0,1,0
993,4,24,0,1,0
994,140,145,0,1,0
995,708,902,0,1,0
996,729,635,0,1,0
997,9,81,1,0,1
998,707,601,0,1,0
999,671,562,0,1,0
