Index,x,y,alive,infected,immune
0,771,294,0,1,0
1,31,634,1,0,1
2,935,216,0,0,1
3,519,864,1,0,1
4,910,709,0,1,0
5,451,147,0,1,0
6,439,41,0,1,0
7,963,528,0,1,0
8,300,759,1,0,1
9,855,600,0,1,0
10,378,146,0,1,0
11,663,141,0,1,0
12,569,953,0,1,0
13,85,288,0,1,0
14,828,288,0,1,0
15,79,814,0,1,0
16,529,329,1,0,1
17,786,623,0,1,0
18,956,203,0,1,0
19,582,838,0,1,0
20,975,629,0,1,0
21,351,345,0,1,0
22,512,769,0,1,0
23,245,68,1,0,1
24,186,401,0,1,0
25,3,153,0,1,0
26,792,973,0,1,0
27,702,493,0,1,0
28,125,146,0,1,0
29,525,927,0,1,0
30,699,742,0,1,0
31,561,0,0,1,0
32,768,878,1,0,1
33,956,393,1,0,1
34,211,910,0,1,0
35,281,2,0,1,0
36,629,3,1,0,1
37,852,731,0,1,0
38,66,605,0,1,0
39,386,746,0,1,0
40,139,42,0,1,0
41,670,512,1,0,1
42,506,184,1,0,1
43,118,413,0,1,0
44,451,284,0,1,0
45,182,126,0,1,0
46,538,887,1,0,1
47,763,584,0,1,0
48,730,334,0,1,0
49,441,158,0,1,0
50,495,915,0,1,0
51,905,783,0,1,0
52,144,377,0,1,0
53,164,374,0,1,0
54,296,883,0,1,0
55,578,303,0,0,1
56,741,139,0,1,0
57,578,265,0,1,0
58,170,384,0,1,0
59,990,407,0,1,0
60,224,545,0,1,0
61,594,9,0,1,0
62,370,973,0,1,0
63,176,496,0,1,0
64,1,962,0,1,0
65,954,377,1,0,1
66,71,802,0,1,0
67,767,865,0,1,0
68,633,770,0,1,0
69,674,934,0,1,0
70,579,810,0,1,0
71,776,36,0,1,0
72,595,814,0,1,0
73,634,734,0,1,0
74,335,4,0,1,0
75,985,151,1,0,1
76,96,340,0,1,0
77,433,236,1,0,1
78,329,727,1,0,1
79,925,91,0,1,0
80,102,505,0,1,0
81,777,825,0,1,0
82,169,150,0,1,0
83,185,892,0,1,0
84,341,539,0,1,0
85,195,406,0,1,0
86,404,723,1,0,1
87,885,582,0,1,0
88,554,158,0,1,0
89,635,927,0,1,0
90,327,181,0,1,0
91,240,516,0,1,0
92,277,414,0,1,0
93,472,889,0,1,0
94,669,455,0,1,0
95,194,935,0,1,0
96,717,921,0,1,0
97,645,523,0,1,0
98,62,50,0,1,0
99,638,147,0,1,0
100,240,288,1,0,0
101,799,436,1,0,0
102,701,853,1,1,0
103,2,33,1,1,0
104,664,444,1,1,0
105,568,558,1,0,0
106,866,226,1,0,0
107,633,222,0,1,0
108,870,361,1,1,0
109,764,650,1,1,0
110,331,858,1,0,0
111,2,776,1,0,0
112,787,428,1,0,0
113,896,326,1,0,0
114,569,326,1,1,0
115,871,561,0,1,0
116,98,970,1,0,0
117,733,844,0,1,0
118,413,8,1,0,0
119,150,744,1,0,0
120,703,507,1,1,0
121,881,506,1,0,0
122,981,494,1,0,0
123,662,86,1,0,0
124,304,323,1,0,0
125,814,626,1,0,1
126,808,3,1,0,0
127,649,795,1,0,0
128,219,727,1,0,0
129,531,6,1,0,0
130,369,765,1,0,0
131,5,180,1,0,0
132,941,252,0,1,0
133,76,256,0,1,0
134,697,579,1,1,0
135,321,498,1,0,0
136,220,197,1,0,0
137,570,612,1,0,0
138,642,710,1,0,0
139,580,158,1,0,1
140,9,421,0,1,0
141,568,733,1,0,0
142,481,372,1,0,0
143,766,112,0,1,0
144,396,699,1,0,0
145,195,74,1,1,0
146,537,514,1,0,0
147,453,621,1,0,0
148,687,360,0,1,0
149,278,177,1,0,0
150,85,170,1,1,0
151,643,378,1,0,0
152,383,393,1,0,0
153,362,345,1,1,0
154,9,901,1,0,0
155,136,174,1,1,0
156,557,522,1,0,0
157,170,290,1,0,0
158,365,692,1,0,0
159,837,614,1,1,0
160,823,748,0,1,0
161,118,572,1,0,0
162,711,759,1,0,0
163,610,160,1,0,0
164,77,541,0,1,0
165,572,865,0,1,0
166,888,266,1,0,0
167,325,212,0,1,0
168,238,7,1,0,0
169,857,942,1,0,0
170,510,714,1,0,0
171,947,528,0,1,0
172,147,218,1,0,0
173,2,926,1,0,0
174,48,863,1,0,0
175,76,94,1,0,0
176,615,373,1,0,0
177,389,411,1,0,0
178,389,615,1,0,0
179,709,8,1,0,0
180,547,106,1,0,0
181,916,622,1,0,0
182,432,956,1,0,0
183,750,252,1,0,0
184,370,312,1,0,0
185,513,73,1,0,0
186,783,370,1,1,0
187,669,492,0,1,0
188,407,944,1,0,0
189,815,113,1,0,0
190,937,571,1,0,0
191,938,959,1,0,0
192,917,222,0,1,0
193,500,250,0,1,0
194,971,532,0,1,0
195,497,237,1,1,0
196,4,676,1,1,0
197,968,952,1,0,0
198,754,888,1,0,0
199,815,585,0,1,0
200,547,597,1,0,0
201,190,787,1,0,0
202,310,869,1,1,0
203,947,8,1,0,0
204,41,757,1,0,0
205,632,919,0,1,0
206,219,342,1,0,0
207,762,318,1,0,0
208,287,603,1,0,0
209,764,135,1,0,0
210,206,987,1,0,0
211,712,777,1,0,0
212,88,609,0,1,0
213,632,773,0,1,0
214,990,506,1,0,0
215,528,767,1,0,0
216,267,74,0,1,0
217,383,260,1,0,0
218,644,431,1,0,0
219,309,10,1,0,0
220,3,785,1,0,0
221,803,140,0,1,0
222,7,550,1,0,0
223,342,183,0,1,0
224,282,462,0,1,0
225,653,648,1,0,0
226,393,555,1,0,0
227,516,625,1,0,0
228,957,723,0,1,0
229,423,350,1,0,0
230,264,155,1,0,0
231,943,167,1,0,0
232,822,124,1,0,0
233,222,753,1,0,0
234,372,658,1,1,0
235,645,494,0,1,0
236,348,821,1,0,0
237,308,2,1,0,0
238,466,398,1,0,0
239,223,894,0,1,0
240,247,63,1,1,0
241,276,884,0,1,0
242,307,233,0,1,0
243,180,306,1,1,0
244,306,896,0,1,0
245,889,587,1,1,0
246,712,113,1,0,0
247,549,821,0,1,0
248,321,1,1,1,0
249,700,881,0,1,0
250,835,591,0,1,0
251,908,632,1,1,0
252,720,688,0,1,0
253,631,33,1,0,0
254,151,273,1,0,0
255,129,456,0,1,0
256,611,395,1,0,0
257,711,574,1,1,0
258,593,539,1,0,0
259,718,807,1,0,0
260,801,521,1,1,0
261,456,553,1,0,0
262,5,515,1,1,0
263,980,596,1,1,0
264,74,630,1,1,0
265,151,343,1,0,0
266,120,921,1,0,0
267,266,34,1,0,0
268,723,149,1,0,0
269,892,4,1,0,0
270,785,697,1,0,0
271,764,196,1,0,0
272,864,915,1,0,1
273,500,698,1,0,0
274,154,398,1,0,1
275,155,924,0,1,0
276,487,77,1,1,0
277,612,625,1,0,0
278,490,491,1,0,0
279,384,8,1,0,0
280,210,258,1,0,0
281,199,736,1,0,0
282,508,725,1,0,0
283,951,878,1,0,0
284,808,737,1,0,0
285,821,8,1,0,0
286,867,949,1,1,0
287,3,39,0,1,0
288,7,695,1,0,0
289,240,748,1,0,0
290,549,361,1,0,0
291,895,88,1,0,0
292,68,855,1,0,0
293,4,244,1,0,0
294,42,856,1,0,0
295,228,631,1,0,0
296,247,694,1,0,0
297,394,160,1,0,0
298,715,709,1,1,0
299,51,266,1,0,0
300,372,725,1,1,0
301,675,565,1,1,0
302,104,153,1,1,0
303,1,498,0,1,0
304,577,249,0,1,0
305,942,5,1,0,0
306,738,106,0,1,0
307,635,252,1,1,0
308,838,10,1,0,0
309,495,309,1,1,0
310,945,321,1,0,0
311,721,493,1,0,0
312,249,775,1,0,0
313,352,7,1,0,0
314,4,244,1,0,0
315,874,640,0,1,0
316,3,790,1,0,0
317,752,728,0,0,1
318,488,672,1,0,0
319,61,990,1,0,0
320,671,825,1,0,0
321,793,635,1,0,1
322,842,700,0,1,0
323,761,641,1,1,0
324,2,503,0,1,0
325,620,812,0,1,0
326,356,85,1,0,0
327,868,423,1,0,0
328,110,474,1,0,0
329,157,441,1,0,0
330,686,786,1,0,0
331,7,150,0,1,0
332,679,932,0,1,0
333,186,907,0,1,0
334,265,423,1,0,0
335,789,691,1,0,0
336,842,348,1,1,0
337,450,68,0,1,0
338,758,4,0,1,0
339,2,707,1,0,0
340,877,633,1,1,0
341,799,709,1,0,0
342,511,640,1,0,0
343,557,4,0,1,0
344,937,946,1,0,0
345,498,592,1,0,0
346,224,276,1,0,0
347,316,464,0,1,0
348,250,431,1,0,0
349,781,184,1,0,0
350,100,825,1,0,0
351,538,316,1,1,0
352,415,880,1,0,0
353,787,744,1,0,0
354,853,893,1,0,0
355,54,777,1,0,0
356,128,707,1,0,0
357,96,433,0,1,0
358,553,641,1,0,0
359,602,944,0,1,0
360,317,413,1,1,0
361,4,816,1,0,0
362,699,966,0,1,0
363,666,361,1,0,0
364,850,897,1,0,0
365,867,807,0,1,0
366,323,178,0,1,0
367,399,675,1,0,0
368,237,423,1,0,0
369,134,465,1,0,1
370,691,894,1,1,0
371,6,886,1,0,0
372,742,528,1,1,0
373,379,921,1,1,0
374,905,835,0,1,0
375,455,173,0,1,0
376,165,787,1,0,0
377,514,838,0,1,0
378,530,614,1,0,0
379,148,777,1,0,0
380,781,334,0,1,0
381,838,709,1,1,0
382,806,372,1,1,0
383,462,10,1,0,0
384,848,165,1,0,0
385,397,960,1,1,0
386,855,714,1,1,0
387,295,143,1,0,0
388,751,5,0,1,0
389,347,192,1,1,0
390,5,21,0,1,0
391,52,918,1,0,0
392,172,117,0,1,0
393,282,853,0,1,0
394,722,505,1,0,0
395,257,1,1,0,0
396,76,475,1,0,0
397,940,803,1,0,0
398,195,176,0,1,0
399,684,84,1,0,0
400,536,416,1,0,0
401,723,547,1,1,0
402,326,492,1,0,0
403,306,56,1,0,0
404,283,648,1,0,0
405,891,201,1,0,0
406,739,466,1,0,0
407,343,523,1,0,0
408,0,755,1,0,0
409,624,99,1,0,0
410,287,724,1,1,0
411,436,53,1,0,0
412,470,349,1,0,0
413,749,836,1,1,0
414,227,794,1,0,0
415,508,217,1,0,0
416,130,599,1,0,0
417,477,908,0,1,0
418,291,866,1,1,0
419,358,301,1,0,0
420,697,455,1,0,0
421,825,762,0,1,0
422,59,639,1,1,0
423,404,67,1,0,0
424,120,339,1,1,0
425,134,378,0,1,0
426,34,787,0,1,0
427,384,584,1,0,0
428,980,2,1,0,0
429,599,984,0,1,0
430,356,98,1,0,0
431,558,708,1,0,0
432,917,272,1,0,0
433,858,451,1,0,0
434,370,788,1,0,0
435,857,419,1,0,0
436,488,10,1,0,0
437,829,637,1,1,0
438,506,589,1,0,0
439,839,205,1,0,0
440,287,33,0,1,0
441,746,532,1,1,0
442,448,502,1,0,0
443,286,342,1,0,0
444,168,228,1,0,0
445,263,423,1,0,0
446,793,717,1,0,0
447,448,893,0,1,0
448,700,112,1,0,0
449,141,247,1,0,0
450,918,326,1,0,0
451,332,920,0,1,0
452,956,89,1,0,0
453,180,727,1,0,0
454,594,706,1,0,0
455,596,337,1,0,0
456,990,900,1,0,0
457,626,315,0,1,0
458,339,745,0,1,0
459,10,840,1,0,0
460,978,1,1,0,0
461,368,454,1,0,0
462,621,551,1,1,0
463,799,444,1,0,0
464,573,797,0,1,0
465,793,534,0,1,0
466,265,130,1,0,0
467,482,413,1,0,0
468,27,8,1,0,1
469,675,386,1,0,0
470,684,973,0,1,0
471,49,527,1,1,0
472,854,8,1,0,0
473,2,564,1,0,0
474,277,101,1,1,0
475,336,9,1,1,0
476,372,397,1,0,0
477,488,479,1,0,0
478,380,898,1,1,0
479,820,221,1,0,0
480,860,445,1,0,0
481,294,247,1,1,0
482,230,887,1,0,1
483,485,856,0,1,0
484,956,729,0,1,0
485,656,550,0,1,0
486,278,436,1,1,0
487,97,637,1,0,0
488,332,807,1,0,0
489,598,328,1,1,0
490,906,831,1,1,0
491,403,252,0,1,0
492,990,15,1,0,0
493,808,84,1,0,0
494,603,256,0,1,0
495,65,647,0,1,0
496,99,103,1,0,0
497,582,499,0,1,0
498,147,768,1,0,0
499,926,234,1,1,0
500,320,226,1,0,0
501,126,899,1,0,0
502,567,3,0,1,0
503,754,4,0,1,0
504,242,326,1,0,0
505,643,529,1,1,0
506,770,778,1,1,0
507,617,367,0,1,0
508,417,61,1,1,0
509,135,609,1,0,0
510,559,970,1,1,0
511,887,547,0,1,0
512,919,200,1,0,0
513,95,715,1,0,0
514,606,131,1,0,0
515,157,144,1,0,0
516,837,440,1,0,0
517,588,108,1,0,0
518,625,266,0,1,0
519,452,136,0,1,0
520,811,658,0,1,0
521,835,153,1,0,0
522,360,625,1,0,0
523,497,665,1,0,0
524,877,918,0,1,0
525,565,421,1,0,0
526,8,37,0,1,0
527,429,376,1,0,0
528,754,6,0,1,0
529,274,539,1,0,1
530,890,606,1,0,1
531,433,730,1,0,0
532,164,914,1,1,0
533,141,190,1,1,0
534,857,440,1,0,0
535,191,901,1,1,0
536,850,646,0,1,0
537,392,620,1,0,0
538,385,88,1,0,0
539,529,342,1,0,0
540,517,675,1,0,0
541,556,682,1,0,0
542,696,438,1,0,0
543,951,56,1,0,0
544,332,271,1,0,0
545,42,972,1,0,0
546,116,361,0,1,0
547,434,468,1,0,0
548,47,747,1,0,0
549,630,530,0,1,0
550,760,418,0,1,0
551,216,966,1,0,0
552,844,333,1,1,0
553,372,789,1,0,0
554,467,697,1,0,0
555,112,874,1,0,0
556,312,639,1,0,0
557,325,933,1,1,0
558,864,619,1,1,0
559,784,504,1,1,0
560,722,636,1,0,0
561,666,706,1,0,0
562,877,592,0,1,0
563,389,879,1,1,0
564,8,142,1,1,0
565,233,741,1,0,0
566,269,108,1,0,0
567,275,333,1,0,0
568,709,103,1,1,0
569,136,942,1,0,0
570,817,589,1,0,1
571,307,667,1,0,0
572,523,296,1,1,0
573,254,629,1,0,0
574,873,462,1,0,0
575,496,150,0,1,0
576,82,866,1,0,0
577,331,825,1,0,0
578,233,156,1,0,0
579,715,131,1,0,0
580,183,772,1,0,0
581,1,370,1,0,0
582,378,303,1,0,0
583,523,927,0,1,0
584,320,128,1,1,0
585,167,570,1,0,0
586,804,277,1,0,0
587,801,2,1,0,0
588,198,517,1,0,0
589,575,748,1,0,0
590,576,330,1,0,0
591,822,446,1,0,0
592,845,821,0,1,0
593,260,716,1,0,0
594,776,624,0,1,0
595,560,946,1,1,0
596,296,878,0,1,0
597,761,479,1,0,0
598,162,247,1,0,0
599,139,459,1,1,0
600,872,249,1,0,0
601,770,813,0,1,0
602,768,541,0,1,0
603,5,429,0,1,0
604,598,136,0,1,0
605,335,420,1,1,0
606,795,956,1,0,0
607,175,355,0,1,0
608,600,640,1,0,0
609,248,326,1,0,0
610,784,882,1,0,0
611,358,237,1,0,0
612,254,921,0,1,0
613,54,544,0,1,0
614,644,833,1,0,0
615,507,0,0,1,0
616,931,753,1,0,0
617,696,578,0,1,0
618,482,246,0,1,0
619,681,222,0,1,0
620,954,105,0,1,0
621,471,398,1,0,0
622,539,3,0,1,0
623,178,298,1,0,0
624,775,371,1,1,0
625,332,556,1,0,0
626,5,20,1,1,0
627,157,314,1,0,0
628,833,4,1,0,0
629,671,748,0,1,0
630,783,468,1,0,0
631,923,945,1,0,0
632,934,816,1,0,0
633,203,292,1,0,0
634,858,295,1,0,0
635,498,929,0,1,0
636,806,887,0,1,0
637,149,417,0,1,0
638,346,489,1,0,0
639,649,416,1,1,0
640,133,774,1,0,0
641,976,583,0,1,0
642,0,967,0,1,0
643,872,618,0,1,0
644,437,231,0,1,0
645,74,230,0,1,0
646,569,281,1,0,0
647,987,645,0,1,0
648,82,328,0,1,0
649,659,444,0,1,0
650,954,990,1,0,0
651,843,291,1,0,0
652,230,461,1,0,0
653,219,7,1,0,0
654,7,824,1,0,0
655,508,2,0,1,0
656,449,463,1,0,0
657,593,218,0,1,0
658,310,751,0,1,0
659,216,48,1,0,0
660,283,51,1,1,0
661,342,682,1,0,0
662,353,38,1,0,0
663,745,493,1,1,0
664,136,692,1,0,0
665,201,542,1,0,0
666,156,391,0,1,0
667,641,133,1,0,0
668,908,614,0,1,0
669,921,4,1,0,0
670,175,309,1,1,0
671,770,710,1,0,0
672,877,701,0,1,0
673,816,326,1,0,1
674,692,238,0,1,0
675,617,584,1,0,0
676,801,773,1,0,0
677,934,919,1,0,0
678,405,394,1,0,0
679,61,136,1,1,0
680,569,457,1,0,0
681,489,4,1,0,0
682,201,644,1,0,0
683,64,572,0,1,0
684,185,104,0,1,0
685,349,127,1,0,1
686,928,133,0,1,0
687,812,505,1,1,0
688,611,776,1,0,0
689,798,683,1,0,0
690,590,627,1,0,0
691,289,704,1,0,0
692,764,810,1,1,0
693,538,871,0,1,0
694,714,269,1,0,0
695,656,405,0,1,0
696,813,390,1,0,1
697,590,361,1,1,0
698,279,463,1,0,0
699,166,728,1,0,0
700,701,318,1,0,0
701,37,931,1,0,0
702,530,395,1,0,0
703,397,0,1,0,0
704,331,897,0,1,0
705,7,645,1,0,0
706,551,863,1,1,0
707,502,739,1,0,0
708,833,314,0,1,0
709,536,10,1,1,0
710,651,199,0,1,0
711,443,575,1,0,0
712,1,579,1,0,0
713,878,846,0,1,0
714,864,433,1,0,0
715,582,7,0,1,0
716,68,766,1,0,0
717,776,726,1,0,0
718,408,440,1,0,0
719,621,910,1,1,0
720,374,400,1,0,0
721,826,144,1,0,0
722,903,156,1,0,0
723,882,893,1,1,0
724,76,814,0,1,0
725,543,198,1,0,0
726,396,435,1,0,0
727,11,953,1,0,0
728,430,737,1,0,0
729,0,523,0,1,0
730,171,207,1,0,0
731,105,674,1,0,0
732,538,865,1,0,1
733,363,194,1,1,0
734,6,268,1,0,0
735,233,538,1,1,0
736,557,463,1,0,0
737,199,9,1,0,0
738,18,851,1,0,0
739,105,735,1,0,0
740,81,138,0,1,0
741,937,6,1,0,0
742,688,850,1,0,0
743,363,608,1,0,0
744,875,610,0,1,0
745,426,835,1,0,1
746,127,305,1,0,0
747,6,520,1,1,0
748,469,587,1,0,0
749,902,176,1,0,0
750,990,874,1,0,0
751,883,23,1,0,0
752,311,437,1,1,0
753,9,945,1,0,0
754,583,237,0,1,0
755,497,479,1,0,0
756,842,538,1,0,0
757,866,806,0,1,0
758,483,812,1,0,0
759,8,160,1,0,1
760,626,195,0,1,0
761,531,944,0,1,0
762,628,541,0,1,0
763,878,469,1,0,0
764,334,5,0,1,0
765,462,760,1,0,0
766,736,471,1,0,0
767,168,700,1,0,0
768,980,48,1,0,0
769,363,31,1,0,0
770,329,152,1,1,0
771,339,531,1,0,0
772,893,717,1,1,0
773,862,617,0,1,0
774,871,542,0,1,0
775,620,751,0,1,0
776,874,374,1,0,0
777,177,84,0,1,0
778,945,642,1,0,0
779,118,3,1,0,0
780,208,792,1,0,0
781,656,528,0,1,0
782,360,69,1,0,0
783,206,275,1,0,0
784,311,946,1,0,0
785,765,119,1,1,0
786,869,66,1,0,0
787,585,809,0,1,0
788,10,911,1,0,0
789,63,964,1,0,0
790,530,95,0,1,0
791,219,564,0,1,0
792,7,983,1,0,0
793,36,690,0,1,0
794,272,568,1,1,0
795,956,688,1,0,1
796,477,638,1,0,0
797,929,288,1,0,0
798,891,598,0,1,0
799,846,435,1,0,0
800,488,492,1,0,0
801,263,238,1,0,0
802,379,254,1,0,0
803,294,167,1,1,0
804,501,5,0,1,0
805,745,222,1,0,0
806,941,380,0,1,0
807,407,105,1,1,0
808,783,579,1,0,0
809,918,251,1,0,0
810,831,610,0,1,0
811,713,408,1,0,0
812,862,599,0,1,0
813,211,619,1,0,0
814,823,10,1,0,0
815,534,414,1,0,0
816,526,193,1,0,0
817,397,815,1,0,0
818,719,503,1,1,0
819,833,878,0,1,0
820,131,677,1,0,0
821,529,32,0,1,0
822,349,663,0,1,0
823,925,859,1,0,0
824,99,678,1,0,0
825,570,754,1,0,0
826,413,54,1,0,0
827,606,890,0,1,0
828,569,944,0,1,0
829,741,511,0,1,0
830,530,652,1,0,0
831,603,602,1,0,0
832,207,399,0,1,0
833,174,39,1,0,0
834,10,194,1,0,0
835,751,429,1,0,0
836,436,301,1,1,0
837,965,788,1,0,0
838,112,398,1,1,0
839,901,942,1,0,0
840,229,563,0,1,0
841,366,695,1,0,0
842,281,950,1,0,0
843,495,593,1,0,0
844,178,375,1,0,1
845,648,150,0,1,0
846,432,290,0,1,0
847,256,740,1,0,0
848,850,792,0,1,0
849,915,858,1,0,0
850,605,15,1,0,0
851,370,600,1,0,0
852,206,814,1,1,0
853,126,658,1,0,0
854,487,207,0,1,0
855,273,413,1,1,0
856,381,912,0,1,0
857,300,794,1,0,0
858,422,425,1,0,0
859,944,132,0,1,0
860,414,916,0,1,0
861,778,910,1,1,0
862,0,280,1,0,0
863,793,105,1,0,0
864,222,302,1,0,0
865,223,546,1,0,1
866,101,224,1,0,0
867,46,232,0,1,0
868,722,665,1,0,0
869,625,393,1,0,0
870,675,850,1,0,0
871,318,741,0,1,0
872,143,252,1,0,0
873,905,423,1,0,0
874,689,373,0,1,0
875,959,951,1,0,0
876,871,694,1,1,0
877,197,336,1,0,0
878,917,562,1,0,0
879,581,724,1,0,0
880,323,939,0,1,0
881,473,458,1,0,0
882,8,31,1,0,1
883,834,358,0,1,0
884,2,672,0,1,0
885,541,838,0,1,0
886,523,176,1,0,0
887,333,696,0,1,0
888,554,221,1,0,0
889,143,30,1,0,0
890,641,700,0,1,0
891,454,311,0,1,0
892,904,709,1,1,0
893,27,826,1,0,0
894,491,961,1,0,0
895,93,2,1,0,0
896,869,236,1,0,0
897,737,197,1,0,0
898,313,256,1,0,0
899,109,916,1,0,0
900,474,384,1,0,0
901,587,4,0,1,0
902,339,705,1,0,0
903,676,655,1,0,0
904,889,715,1,1,0
905,666,523,0,1,0
906,6,112,1,0,0
907,256,762,1,0,0
908,89,610,1,1,0
909,102,976,1,0,0
910,990,389,1,1,0
911,197,193,1,0,0
912,603,723,1,1,0
913,633,707,0,1,0
914,514,199,0,1,0
915,614,400,1,0,0
916,865,964,1,0,0
917,346,901,1,0,0
918,0,403,1,0,0
919,533,392,1,0,0
920,598,612,1,0,0
921,388,937,1,1,0
922,574,861,0,1,0
923,657,418,1,1,0
924,640,123,1,0,0
925,449,856,0,1,0
926,923,622,0,1,0
927,217,10,1,0,0
928,681,495,0,1,0
929,888,503,1,0,0
930,411,38,1,0,0
931,934,612,1,0,0
932,189,108,0,1,0
933,566,579,1,0,0
934,960,878,1,0,0
935,139,112,1,1,0
936,764,39,1,0,0
937,707,295,1,0,0
938,489,464,1,0,0
939,426,496,1,0,0
940,436,843,0,1,0
941,126,339,1,1,0
942,668,180,1,1,0
943,653,163,1,1,0
944,846,63,1,0,0
945,185,421,1,0,0
946,528,856,0,1,0
947,612,849,1,0,0
948,5,908,1,0,0
949,927,551,1,0,0
950,341,633,1,0,0
951,197,608,1,0,0
952,438,974,1,0,0
953,503,655,1,0,0
954,627,520,0,1,0
955,183,24,1,0,0
956,290,234,1,1,0
957,413,205,1,0,0
958,485,328,1,0,0
959,759,675,1,1,0
960,676,949,0,1,0
961,263,707,1,0,0
962,731,990,1,1,0
963,305,388,1,1,0
964,61,3,1,0,0
965,368,130,1,0,0
966,525,212,1,0,0
967,32,791,1,1,0
968,213,300,1,0,0
969,159,68,1,0,0
970,9,673,0,1,0
971,452,584,1,0,0
972,477,195,0,1,0
973,747,798,0,1,0
974,0,719,1,0,0
975,400,395,1,0,0
976,802,648,1,1,0
977,348,659,1,1,0
978,529,157,0,1,0
979,235,804,0,1,0
980,785,346,0,1,0
981,623,881,1,0,0
982,463,226,0,1,0
983,454,424,1,0,0
984,221,421,1,0,0
985,432,274,0,1,0
986,650,949,0,1,0
987,730,33,1,0,0
988,516,331,0,1,0
989,128,658,1,0,0
990,94,559,1,0,1
991,640,172,0,1,0
992,230,82,0,1,0
993,5,24,0,1,0
994,218,211,1,0,0
995,770,906,1,1,0
996,594,628,1,0,0
997,159,139,1,1,0
998,735,609,1,0,0
999,732,566,0,1,0
