Index,x,y,alive,infected,immune
0,787,294,0,1,0
1,29,678,1,0,1
2,952,217,0,0,1
3,540,896,1,0,1
4,938,757,0,1,0
5,400,96,0,1,0
6,493,87,0,1,0
7,0,559,0,1,0
8,301,797,1,0,1
9,851,587,0,1,0
10,457,149,0,1,0
11,631,115,0,1,0
12,515,2,0,1,0
13,58,317,0,1,0
14,886,261,0,1,0
15,84,717,0,1,0
16,504,326,1,0,1
17,754,734,0,1,0
18,950,144,0,1,0
19,647,822,0,1,0
20,924,555,0,1,0
21,314,330,0,1,0
22,420,816,0,1,0
23,248,126,1,0,1
24,183,395,0,1,0
25,9,153,0,1,0
26,795,0,0,1,0
27,696,403,0,1,0
28,110,147,0,1,0
29,502,882,0,1,0
30,696,699,0,1,0
31,561,2,0,1,0
32,771,871,1,0,1
33,936,311,1,0,1
34,274,840,0,1,0
35,281,1,0,1,0
36,629,9,1,0,1
37,931,656,0,1,0
38,2,585,0,1,0
39,380,770,0,1,0
40,193,34,0,1,0
41,626,555,1,0,1
42,493,166,1,0,1
43,126,431,0,1,0
44,473,297,0,1,0
45,222,105,0,1,0
46,554,898,1,0,1
47,765,578,0,1,0
48,757,333,0,1,0
49,496,164,0,1,0
50,521,904,0,1,0
51,830,725,0,1,0
52,132,396,0,1,0
53,142,343,0,1,0
54,304,813,0,1,0
55,548,287,0,0,1
56,704,184,0,1,0
57,536,249,0,1,0
58,157,389,0,1,0
59,990,407,0,1,0
60,179,628,0,1,0
61,594,1,0,1,0
62,416,949,0,1,0
63,122,440,0,1,0
64,0,962,0,1,0
65,7,349,1,0,1
66,20,828,0,1,0
67,793,822,0,1,0
68,645,785,0,1,0
69,716,932,0,1,0
70,603,806,0,1,0
71,747,10,0,1,0
72,554,754,0,1,0
73,597,775,0,1,0
74,335,6,0,1,0
75,990,163,1,0,1
76,133,361,0,1,0
77,418,257,1,0,1
78,362,755,1,0,1
79,951,82,0,1,0
80,109,529,0,1,0
81,778,871,0,1,0
82,140,122,0,1,0
83,283,950,0,1,0
84,378,545,0,1,0
85,203,322,0,1,0
86,379,663,1,0,1
87,859,616,0,1,0
88,591,110,0,1,0
89,629,948,0,1,0
90,225,190,0,1,0
91,194,512,0,1,0
92,263,495,0,1,0
93,545,941,0,1,0
94,649,379,0,1,0
95,227,914,0,1,0
96,778,906,0,1,0
97,529,544,0,1,0
98,135,43,0,1,0
99,707,189,0,1,0
100,225,269,0,1,0
101,752,407,1,0,1
102,684,904,1,0,1
103,1,33,0,0,1
104,662,445,1,0,1
105,577,573,1,0,0
106,871,264,0,1,0
107,619,188,0,1,0
108,888,409,0,1,0
109,813,561,0,0,1
110,354,868,1,0,1
111,8,776,0,1,0
112,779,443,0,1,0
113,867,359,0,1,0
114,566,281,0,1,0
115,878,546,0,1,0
116,64,919,1,0,0
117,702,856,0,1,0
118,413,5,1,0,0
119,191,735,1,1,0
120,683,508,1,0,1
121,859,512,0,1,0
122,8,481,1,0,0
123,641,65,1,0,0
124,269,415,0,1,0
125,864,586,1,0,1
126,808,6,0,1,0
127,665,765,0,1,0
128,210,759,1,0,1
129,531,7,0,1,0
130,461,891,0,1,0
131,0,180,1,0,0
132,915,268,0,1,0
133,7,274,0,1,0
134,652,612,0,1,0
135,300,465,0,1,0
136,196,182,0,1,0
137,541,515,1,0,0
138,611,714,1,0,1
139,620,169,1,0,1
140,0,421,0,1,0
141,624,635,1,0,1
142,553,382,0,1,0
143,796,182,0,1,0
144,384,602,0,1,0
145,168,71,0,1,0
146,509,605,1,0,0
147,469,680,1,1,0
148,759,325,0,1,0
149,278,190,0,1,0
150,157,213,1,0,1
151,662,384,0,1,0
152,384,443,1,0,1
153,306,347,0,1,0
154,2,901,1,0,0
155,51,124,0,1,0
156,566,570,1,0,0
157,213,267,0,1,0
158,401,733,1,0,0
159,851,640,0,1,0
160,797,732,0,1,0
161,142,581,0,1,0
162,818,808,0,1,0
163,673,222,0,1,0
164,62,565,0,1,0
165,550,872,0,1,0
166,839,312,0,1,0
167,253,211,0,1,0
168,238,2,0,1,0
169,883,6,1,0,0
170,555,663,1,0,1
171,976,531,0,1,0
172,126,302,1,0,0
173,4,926,1,0,0
174,173,881,0,1,0
175,81,42,1,0,0
176,592,401,0,1,0
177,389,416,0,1,0
178,373,647,0,1,0
179,709,1,0,1,0
180,524,110,0,1,0
181,953,611,0,1,0
182,443,884,0,1,0
183,727,282,1,0,0
184,347,310,1,0,0
185,535,61,1,0,0
186,866,321,1,0,1
187,709,437,0,1,0
188,394,990,0,1,0
189,868,35,1,0,0
190,956,524,0,1,0
191,950,3,0,1,0
192,924,207,0,1,0
193,453,217,0,1,0
194,5,537,0,1,0
195,530,279,0,1,0
196,6,676,1,0,1
197,966,990,0,1,0
198,740,956,0,1,0
199,808,530,0,1,0
200,530,621,1,0,0
201,208,825,1,0,0
202,181,875,0,1,0
203,947,5,0,1,0
204,38,757,1,0,0
205,656,888,0,1,0
206,182,285,1,0,1
207,769,353,0,1,0
208,276,620,0,1,0
209,771,68,1,0,1
210,233,990,1,0,0
211,730,766,0,1,0
212,46,579,0,1,0
213,589,810,0,1,0
214,990,506,1,0,0
215,513,764,1,0,0
216,310,74,0,1,0
217,428,264,0,1,0
218,633,417,0,1,0
219,309,10,1,0,1
220,8,785,0,0,1
221,746,202,0,1,0
222,2,550,0,1,0
223,411,128,0,1,0
224,321,425,0,1,0
225,652,697,0,1,0
226,331,557,1,0,1
227,504,620,1,0,0
228,935,719,0,1,0
229,485,318,1,1,0
230,288,124,0,1,0
231,962,151,1,1,0
232,812,149,0,1,0
233,219,764,0,1,0
234,445,619,0,1,0
235,660,485,0,1,0
236,342,854,0,1,0
237,308,3,0,1,0
238,523,443,1,0,0
239,260,892,0,1,0
240,216,116,0,0,1
241,263,927,0,1,0
242,267,263,0,1,0
243,171,354,1,0,1
244,254,843,0,1,0
245,826,589,1,0,1
246,752,190,1,0,1
247,540,866,0,1,0
248,321,8,0,1,0
249,686,774,0,1,0
250,868,587,0,1,0
251,907,662,1,0,1
252,717,641,0,1,0
253,655,67,1,0,0
254,144,248,1,0,0
255,104,455,0,1,0
256,641,397,0,0,1
257,736,610,0,1,0
258,579,617,1,0,0
259,776,827,1,0,1
260,830,441,0,1,0
261,566,493,0,1,0
262,1,515,0,1,0
263,883,624,0,1,0
264,73,608,0,1,0
265,206,362,0,1,0
266,55,937,1,0,0
267,274,30,0,0,1
268,749,124,0,1,0
269,892,4,1,0,0
270,856,681,1,0,1
271,741,281,1,0,0
272,897,966,1,0,1
273,486,696,0,1,0
274,120,378,1,0,1
275,112,5,0,1,0
276,524,142,0,0,1
277,694,641,1,0,1
278,497,515,1,0,0
279,384,5,1,0,0
280,246,241,0,1,0
281,202,690,0,1,0
282,472,647,1,1,0
283,990,904,1,0,0
284,858,793,0,1,0
285,821,6,0,1,0
286,874,959,1,0,1
287,2,39,0,1,0
288,0,695,0,1,0
289,144,692,0,1,0
290,579,376,0,1,0
291,830,111,1,0,1
292,37,864,1,0,0
293,1,244,0,1,0
294,36,862,1,0,1
295,238,626,0,1,0
296,240,709,0,1,0
297,328,137,0,1,0
298,659,740,0,1,0
299,94,268,1,0,1
300,429,721,1,0,1
301,732,577,1,0,1
302,148,144,0,0,1
303,2,498,0,1,0
304,544,265,0,1,0
305,942,3,0,1,0
306,730,94,0,1,0
307,570,280,1,0,1
308,838,10,1,0,0
309,467,242,1,0,1
310,855,339,0,1,0
311,747,495,0,1,0
312,216,773,0,1,0
313,352,0,1,0,0
314,4,244,0,1,0
315,875,776,0,1,0
316,0,790,0,1,0
317,768,732,0,0,1
318,596,811,0,1,0
319,61,990,1,0,0
320,737,843,0,1,0
321,770,567,1,0,1
322,777,786,0,1,0
323,824,648,1,0,1
324,4,503,0,1,0
325,585,852,0,1,0
326,302,62,0,1,0
327,809,473,0,1,0
328,124,511,0,1,0
329,109,444,0,1,0
330,612,794,0,1,0
331,5,150,0,1,0
332,696,938,0,1,0
333,202,902,0,1,0
334,219,401,0,1,0
335,805,637,0,1,0
336,867,328,0,1,0
337,407,119,0,1,0
338,758,6,0,1,0
339,9,707,1,0,0
340,920,656,0,1,0
341,825,624,0,1,0
342,505,653,1,1,0
343,557,7,0,1,0
344,975,952,1,0,0
345,480,577,1,0,0
346,188,241,1,0,1
347,284,481,0,1,0
348,268,488,0,1,0
349,791,111,0,1,0
350,89,838,1,0,1
351,488,268,1,0,1
352,353,875,0,1,0
353,846,801,0,1,0
354,893,912,0,1,0
355,0,791,1,0,1
356,138,683,0,1,0
357,114,415,0,1,0
358,565,593,1,0,0
359,659,915,0,1,0
360,366,333,0,1,0
361,9,816,0,1,0
362,713,4,0,1,0
363,626,341,1,0,1
364,857,887,0,1,0
365,796,843,0,1,0
366,377,193,0,1,0
367,452,636,0,1,0
368,237,384,0,1,0
369,168,467,1,0,1
370,672,881,0,1,0
371,4,886,1,0,0
372,775,624,1,0,1
373,372,978,0,1,0
374,868,918,0,1,0
375,527,140,0,1,0
376,221,797,0,1,0
377,496,861,0,1,0
378,529,640,1,0,0
379,99,816,1,0,0
380,816,429,0,1,0
381,838,642,1,0,1
382,702,425,0,1,0
383,462,10,1,0,0
384,844,161,1,0,0
385,438,5,1,0,1
386,882,792,0,1,0
387,320,109,1,0,0
388,751,1,0,1,0
389,410,117,1,0,1
390,0,21,0,1,0
391,90,872,1,0,0
392,196,46,0,1,0
393,272,832,0,1,0
394,730,551,0,1,0
395,257,1,1,0,0
396,65,489,0,1,0
397,5,827,0,1,0
398,225,193,0,1,0
399,694,148,1,0,0
400,555,432,1,0,0
401,748,495,0,0,1
402,348,489,0,1,0
403,317,67,0,1,0
404,161,555,0,1,0
405,922,152,1,0,0
406,722,459,0,1,0
407,327,516,0,1,0
408,7,755,1,0,0
409,588,85,0,1,0
410,310,618,1,0,1
411,447,10,1,0,1
412,556,310,0,1,0
413,778,775,0,1,0
414,214,827,0,1,0
415,497,223,1,0,1
416,161,536,0,1,0
417,570,913,0,1,0
418,320,872,0,1,0
419,403,244,0,1,0
420,739,525,0,1,0
421,873,749,0,1,0
422,31,718,1,0,1
423,270,98,1,0,1
424,176,373,0,1,0
425,144,385,0,1,0
426,73,760,0,1,0
427,314,552,1,0,1
428,980,2,1,0,0
429,585,990,0,1,0
430,349,175,0,1,0
431,551,711,0,1,0
432,883,290,0,1,0
433,814,473,1,0,1
434,410,789,1,0,0
435,849,395,0,1,0
436,488,10,1,0,0
437,779,616,0,1,0
438,540,655,1,0,0
439,879,194,1,0,0
440,299,40,0,1,0
441,742,587,1,0,1
442,441,473,1,0,0
443,230,259,0,1,0
444,127,235,0,0,1
445,307,462,0,1,0
446,792,668,0,1,0
447,401,920,0,1,0
448,660,99,1,0,0
449,97,283,1,0,0
450,917,292,0,1,0
451,301,9,0,1,0
452,960,126,1,0,1
453,242,645,1,1,0
454,633,616,0,1,0
455,618,215,0,1,0
456,990,900,1,0,0
457,639,377,0,1,0
458,349,830,0,1,0
459,10,840,1,0,0
460,978,7,1,0,0
461,434,371,1,0,1
462,612,546,1,0,1
463,822,570,1,0,1
464,563,805,0,1,0
465,841,482,0,1,0
466,240,196,1,0,1
467,482,461,1,0,0
468,27,4,1,0,1
469,729,373,0,1,0
470,689,5,0,1,0
471,8,530,0,1,0
472,854,4,1,0,0
473,2,564,1,0,1
474,299,92,0,0,1
475,336,8,1,0,1
476,321,352,0,1,0
477,540,501,1,0,0
478,403,854,1,0,1
479,784,246,1,0,0
480,823,425,0,1,0
481,251,253,1,0,1
482,248,811,1,0,1
483,543,967,0,1,0
484,886,744,0,1,0
485,630,610,0,1,0
486,320,471,0,1,0
487,121,539,0,0,1
488,351,824,1,0,0
489,595,406,1,0,1
490,863,792,1,0,1
491,412,324,0,1,0
492,990,15,1,0,0
493,737,99,0,1,0
494,521,217,0,1,0
495,90,581,0,1,0
496,143,162,0,1,0
497,659,436,0,1,0
498,178,785,1,0,1
499,930,209,1,0,1
500,327,210,1,0,1
501,105,923,1,0,0
502,567,1,0,1,0
503,754,4,0,1,0
504,218,321,0,1,0
505,628,457,1,0,1
506,693,677,1,0,1
507,626,379,0,1,0
508,349,118,0,1,0
509,116,640,0,1,0
510,553,4,1,0,1
511,900,507,0,1,0
512,887,207,1,0,0
513,70,650,1,0,1
514,646,206,0,1,0
515,158,103,0,1,0
516,831,377,0,1,0
517,618,189,0,1,0
518,667,214,0,1,0
519,356,121,0,1,0
520,742,697,0,1,0
521,902,79,0,1,0
522,302,567,1,0,1
523,501,735,1,1,0
524,823,862,0,1,0
525,591,413,1,0,1
526,2,37,0,1,0
527,433,394,1,0,1
528,754,8,0,1,0
529,287,527,1,0,1
530,913,518,1,0,1
531,475,721,1,0,0
532,132,896,0,1,0
533,19,214,0,1,0
534,850,384,0,1,0
535,257,882,0,1,0
536,885,692,0,1,0
537,380,542,0,1,0
538,452,133,0,1,0
539,585,385,1,0,1
540,474,703,0,1,0
541,494,712,0,1,0
542,667,465,0,1,0
543,9,46,0,1,0
544,309,298,1,0,0
545,52,1,1,1,0
546,120,400,0,1,0
547,422,428,0,1,0
548,91,787,1,1,0
549,620,564,0,1,0
550,762,360,0,1,0
551,247,918,0,1,0
552,924,276,1,0,1
553,379,806,1,0,1
554,525,743,1,0,0
555,173,843,0,1,0
556,348,601,0,1,0
557,299,9,0,1,0
558,856,584,1,0,1
559,694,531,0,1,0
560,775,637,0,1,0
561,686,744,0,1,0
562,858,610,0,1,0
563,435,990,0,1,0
564,3,142,1,0,1
565,196,721,0,1,0
566,165,106,0,1,0
567,235,362,0,1,0
568,744,126,0,1,0
569,210,4,0,1,0
570,792,652,1,0,1
571,248,620,0,1,0
572,584,321,0,1,0
573,210,515,1,0,1
574,892,500,0,1,0
575,524,210,0,1,0
576,45,892,1,0,0
577,328,823,1,0,1
578,195,144,0,1,0
579,737,108,0,1,0
580,204,756,0,1,0
581,6,370,1,0,0
582,371,331,0,1,0
583,503,955,0,1,0
584,315,243,1,0,1
585,118,529,0,1,0
586,787,343,0,1,0
587,801,8,0,1,0
588,268,589,0,1,0
589,556,798,0,1,0
590,437,318,0,1,0
591,796,386,1,0,1
592,823,835,0,1,0
593,270,729,0,1,0
594,808,591,0,1,0
595,585,883,1,0,1
596,336,845,0,1,0
597,760,593,0,1,0
598,165,324,0,1,0
599,87,378,0,1,0
600,922,239,0,1,0
601,721,811,0,1,0
602,714,459,0,1,0
603,6,429,0,1,0
604,494,86,0,1,0
605,348,389,0,1,0
606,811,8,1,0,1
607,118,311,0,1,0
608,537,648,1,0,0
609,359,408,0,1,0
610,750,930,0,1,0
611,448,259,0,1,0
612,320,863,0,1,0
613,53,526,0,1,0
614,597,769,1,0,1
615,507,8,0,1,0
616,923,797,1,0,0
617,720,576,0,1,0
618,441,247,0,1,0
619,682,198,0,1,0
620,4,76,0,1,0
621,531,329,0,1,0
622,539,1,0,1,0
623,154,378,0,1,0
624,678,341,1,0,1
625,259,478,0,1,0
626,8,20,0,1,0
627,165,360,0,1,0
628,833,2,1,0,0
629,650,644,0,1,0
630,748,509,0,1,0
631,884,939,0,1,0
632,990,792,1,0,0
633,175,279,0,1,0
634,864,277,0,1,0
635,542,854,0,1,0
636,767,816,0,1,0
637,193,452,0,1,0
638,350,557,1,0,0
639,654,346,1,0,1
640,163,736,0,1,0
641,8,586,0,1,0
642,3,967,0,1,0
643,925,571,0,1,0
644,505,261,0,1,0
645,45,205,0,1,0
646,619,193,0,1,0
647,8,644,0,1,0
648,81,265,0,1,0
649,698,403,0,1,0
650,954,990,0,1,0
651,803,332,0,1,0
652,253,404,0,1,0
653,219,2,0,1,0
654,6,824,0,1,0
655,508,1,0,1,0
656,402,368,0,1,0
657,656,225,0,1,0
658,297,734,0,1,0
659,267,52,1,0,1
660,306,118,1,0,1
661,327,588,1,0,1
662,360,141,1,0,1
663,689,392,0,1,0
664,134,595,0,1,0
665,247,533,0,1,0
666,129,406,0,1,0
667,567,105,0,1,0
668,919,628,0,1,0
669,921,0,1,0,0
670,254,365,0,1,0
671,800,676,0,1,0
672,894,670,0,1,0
673,757,312,1,0,1
674,720,306,0,1,0
675,678,582,0,1,0
676,817,864,0,1,0
677,883,914,0,1,0
678,486,375,1,0,0
679,5,147,0,1,0
680,578,506,1,1,0
681,489,6,1,0,0
682,162,738,0,1,0
683,8,604,0,1,0
684,218,34,0,1,0
685,409,223,1,0,1
686,874,83,0,1,0
687,805,565,1,0,1
688,538,775,0,1,0
689,818,750,1,0,1
690,592,562,0,1,0
691,234,718,0,1,0
692,785,719,0,1,0
693,435,881,0,1,0
694,655,270,1,0,0
695,683,394,0,1,0
696,830,420,1,0,1
697,549,335,0,1,0
698,210,451,1,0,1
699,127,672,0,1,0
700,758,312,1,0,1
701,73,952,1,0,0
702,518,410,0,1,0
703,397,9,1,0,0
704,279,857,0,1,0
705,9,645,0,1,0
706,550,0,1,0,1
707,496,704,0,1,0
708,859,273,0,1,0
709,536,10,0,1,0
710,685,158,0,1,0
711,407,590,0,1,0
712,6,579,0,1,0
713,886,822,0,1,0
714,900,427,0,1,0
715,582,9,0,1,0
716,103,856,0,1,0
717,778,727,1,0,1
718,419,366,1,0,1
719,656,910,0,1,0
720,446,414,0,1,0
721,855,90,0,1,0
722,963,151,0,1,0
723,926,893,0,1,0
724,109,834,0,1,0
725,578,200,0,1,0
726,306,472,0,1,0
727,4,951,1,0,0
728,487,851,0,0,1
729,8,523,0,1,0
730,227,224,0,1,0
731,151,710,0,1,0
732,530,801,1,0,1
733,443,149,1,0,1
734,1,268,0,1,0
735,169,588,0,1,0
736,557,479,1,0,0
737,199,4,1,0,0
738,36,834,0,1,0
739,139,714,0,1,0
740,98,119,0,1,0
741,937,3,0,1,0
742,699,818,0,1,0
743,368,634,0,1,0
744,837,624,0,1,0
745,464,861,1,0,1
746,167,292,1,0,1
747,2,520,1,0,1
748,490,675,0,1,0
749,947,121,0,1,0
750,990,874,1,0,0
751,941,117,0,1,0
752,283,516,1,0,1
753,6,945,1,0,0
754,522,251,0,1,0
755,536,531,1,1,0
756,841,513,0,1,0
757,857,834,0,1,0
758,476,793,0,1,0
759,4,160,1,0,1
760,596,195,0,1,0
761,590,954,0,1,0
762,629,517,0,1,0
763,796,515,0,1,0
764,334,5,0,1,0
765,390,725,1,0,1
766,716,437,0,1,0
767,256,744,1,0,1
768,946,2,0,1,0
769,351,10,1,0,0
770,410,181,1,0,1
771,324,467,0,1,0
772,880,670,0,1,0
773,893,607,0,1,0
774,850,570,0,1,0
775,582,707,0,1,0
776,830,388,1,0,1
777,127,73,0,1,0
778,869,654,0,1,0
779,118,0,1,1,0
780,235,779,0,1,0
781,652,570,0,1,0
782,370,167,0,1,0
783,167,230,1,0,1
784,228,4,1,0,1
785,724,134,1,0,1
786,841,153,1,0,1
787,635,879,0,1,0
788,10,911,1,0,0
789,96,924,1,0,0
790,532,122,0,1,0
791,179,654,0,1,0
792,0,983,1,0,0
793,4,688,0,1,0
794,209,581,0,1,0
795,925,705,1,0,1
796,414,708,1,0,0
797,971,222,0,1,0
798,935,515,0,1,0
799,858,469,0,1,0
800,470,459,1,0,0
801,250,187,0,1,0
802,347,290,0,1,0
803,241,152,0,1,0
804,501,9,0,1,0
805,790,241,1,0,0
806,879,401,0,1,0
807,402,121,1,0,1
808,830,596,0,1,0
809,6,242,0,1,0
810,869,626,0,1,0
811,669,420,0,1,0
812,897,653,0,1,0
813,144,640,1,0,1
814,823,10,0,1,0
815,506,368,0,1,0
816,550,145,0,1,0
817,366,872,0,1,0
818,713,509,1,0,1
819,787,929,0,1,0
820,156,703,0,1,0
821,549,64,0,1,0
822,248,653,0,1,0
823,990,839,0,1,0
824,26,687,1,0,0
825,529,816,0,1,0
826,399,2,1,0,0
827,659,887,0,1,0
828,599,944,0,1,0
829,763,492,0,1,0
830,617,683,0,1,0
831,582,611,0,1,0
832,241,439,0,1,0
833,161,0,0,1,0
834,10,194,1,0,0
835,790,535,0,1,0
836,458,326,1,0,1
837,887,782,0,1,0
838,33,386,1,0,1
839,963,5,0,1,0
840,244,545,0,1,0
841,406,678,0,1,0
842,279,973,0,1,0
843,538,604,1,0,0
844,140,384,1,0,1
845,672,170,0,1,0
846,438,242,0,1,0
847,208,631,0,1,0
848,880,799,0,1,0
849,990,856,0,1,0
850,593,3,0,1,0
851,414,588,0,1,0
852,315,768,1,0,1
853,197,666,0,1,0
854,452,187,0,1,0
855,175,381,0,1,0
856,430,902,0,1,0
857,307,771,1,0,0
858,395,440,0,0,1
859,916,139,0,1,0
860,370,867,0,1,0
861,763,953,0,1,0
862,6,280,0,1,0
863,768,53,1,0,0
864,204,353,0,1,0
865,237,577,1,0,1
866,109,252,0,1,0
867,50,209,0,1,0
868,652,691,0,1,0
869,700,409,0,1,0
870,669,817,1,0,1
871,373,707,0,1,0
872,28,200,0,1,0
873,902,510,0,1,0
874,639,343,0,1,0
875,909,953,0,1,0
876,966,719,0,1,0
877,233,273,0,1,0
878,929,528,0,1,0
879,622,744,1,0,1
880,372,965,0,1,0
881,479,544,1,0,0
882,5,31,1,0,1
883,874,278,0,1,0
884,5,672,0,1,0
885,562,860,0,1,0
886,501,116,0,1,0
887,393,729,0,1,0
888,577,220,0,1,0
889,174,10,1,0,1
890,599,650,0,1,0
891,474,282,0,1,0
892,953,663,1,0,1
893,1,851,1,0,0
894,516,990,0,1,0
895,93,3,1,0,0
896,898,267,0,1,0
897,781,228,1,0,0
898,313,205,0,1,0
899,81,956,1,0,0
900,432,395,1,0,1
901,587,2,0,1,0
902,254,777,1,0,1
903,639,681,0,1,0
904,967,714,0,1,0
905,624,514,0,1,0
906,8,112,1,0,0
907,240,768,1,0,1
908,226,571,0,1,0
909,72,990,1,0,0
910,990,389,1,0,1
911,209,265,0,1,0
912,584,665,0,1,0
913,597,735,0,1,0
914,543,223,0,1,0
915,601,357,0,1,0
916,759,7,0,1,0
917,365,879,1,0,1
918,8,403,1,0,0
919,583,425,0,1,0
920,590,723,0,1,0
921,293,835,1,0,1
922,623,762,0,1,0
923,634,475,1,0,1
924,524,128,0,1,0
925,419,852,0,1,0
926,976,663,0,1,0
927,217,10,0,1,0
928,699,544,0,1,0
929,822,475,1,0,1
930,418,10,1,0,0
931,931,650,0,1,0
932,170,57,0,1,0
933,500,565,1,0,0
934,941,945,0,1,0
935,167,126,1,0,1
936,778,4,0,1,0
937,643,276,0,1,0
938,443,459,1,0,0
939,355,508,1,1,0
940,356,929,0,1,0
941,115,304,0,1,0
942,716,172,1,0,1
943,730,186,0,1,0
944,952,27,1,1,0
945,190,404,1,0,1
946,525,884,0,1,0
947,637,845,0,1,0
948,5,908,1,0,0
949,991,458,0,1,0
950,405,596,1,0,1
951,214,615,0,1,0
952,428,7,0,1,0
953,477,689,1,1,0
954,600,523,0,1,0
955,180,0,0,1,0
956,323,166,0,1,0
957,367,224,1,1,0
958,412,253,0,1,0
959,785,659,0,1,0
960,598,947,0,1,0
961,218,593,0,1,0
962,731,990,1,0,1
963,250,344,0,1,0
964,61,3,1,1,0
965,365,120,0,1,0
966,518,269,1,0,1
967,9,793,0,1,0
968,290,301,0,0,1
969,63,10,0,1,0
970,5,673,0,1,0
971,491,638,1,0,0
972,557,159,0,1,0
973,784,785,0,1,0
974,2,719,1,0,0
975,355,417,0,1,0
976,830,683,1,0,1
977,297,619,0,1,0
978,484,171,0,1,0
979,250,789,0,1,0
980,711,402,0,1,0
981,620,882,0,1,0
982,461,244,0,1,0
983,421,477,1,0,0
984,189,448,0,1,0
985,433,321,0,1,0
986,590,4,0,1,0
987,721,9,1,0,1
988,532,278,0,1,0
989,113,641,0,1,0
990,96,601,1,0,1
991,712,152,0,1,0
992,244,70,0,1,0
993,0,24,0,1,0
994,146,159,0,1,0
995,720,883,0,1,0
996,656,636,0,1,0
997,40,95,1,0,1
998,682,636,0,1,0
999,687,547,0,1,0
