Index,x,y,alive,infected,immune
0,783,286,0,1,0
1,17,665,1,0,1
2,964,215,0,0,1
3,504,837,1,0,1
4,884,774,0,1,0
5,442,130,0,1,0
6,454,69,0,1,0
7,1,559,0,1,0
8,283,768,1,0,1
9,873,584,0,1,0
10,424,138,0,1,0
11,633,150,0,1,0
12,507,966,0,1,0
13,72,316,0,1,0
14,852,277,0,1,0
15,67,752,0,1,0
16,496,294,1,0,1
17,767,670,0,1,0
18,973,198,0,1,0
19,592,833,0,1,0
20,937,583,0,1,0
21,310,368,0,1,0
22,417,822,0,1,0
23,242,84,1,0,1
24,217,418,0,1,0
25,0,153,0,1,0
26,795,1,0,1,0
27,693,445,0,1,0
28,91,131,0,1,0
29,472,868,0,1,0
30,698,719,0,1,0
31,561,1,0,1,0
32,766,900,1,0,1
33,955,305,1,0,1
34,263,851,0,1,0
35,281,2,0,1,0
36,629,9,1,0,1
37,907,684,0,1,0
38,6,585,0,1,0
39,422,765,0,1,0
40,179,31,0,1,0
41,653,544,1,0,1
42,482,178,1,0,1
43,121,411,0,1,0
44,459,288,0,1,0
45,215,106,0,1,0
46,541,905,1,0,1
47,778,603,0,1,0
48,736,329,0,1,0
49,431,144,0,1,0
50,495,902,0,1,0
51,846,687,0,1,0
52,89,401,0,1,0
53,149,356,0,1,0
54,306,810,0,1,0
55,573,291,0,0,1
56,685,169,0,1,0
57,525,268,0,1,0
58,174,378,0,1,0
59,990,407,0,1,0
60,218,600,0,1,0
61,594,5,0,1,0
62,374,964,0,1,0
63,154,432,0,1,0
64,2,962,0,1,0
65,8,349,1,0,1
66,45,813,0,1,0
67,809,828,0,1,0
68,634,752,0,1,0
69,721,926,0,1,0
70,575,837,0,1,0
71,747,10,0,1,0
72,559,762,0,1,0
73,599,755,0,1,0
74,335,2,0,1,0
75,990,163,1,0,1
76,127,361,0,1,0
77,414,258,1,0,1
78,376,753,1,0,1
79,929,94,0,1,0
80,122,515,0,1,0
81,776,834,0,1,0
82,113,128,0,1,0
83,273,927,0,1,0
84,365,559,0,1,0
85,212,342,0,1,0
86,380,661,1,0,1
87,831,616,0,1,0
88,551,163,0,1,0
89,642,914,0,1,0
90,283,222,0,1,0
91,234,505,0,1,0
92,274,489,0,1,0
93,518,920,0,1,0
94,677,425,0,1,0
95,207,917,0,1,0
96,773,944,0,1,0
97,550,532,0,1,0
98,140,46,0,1,0
99,666,173,0,1,0
100,216,259,0,1,0
101,741,363,1,1,0
102,677,882,1,0,1
103,7,33,0,0,1
104,668,473,1,0,1
105,583,601,1,0,0
106,864,256,1,1,0
107,605,197,0,1,0
108,878,411,0,1,0
109,807,593,0,0,1
110,351,857,1,1,0
111,1,776,0,1,0
112,759,456,0,1,0
113,842,361,0,1,0
114,576,333,0,1,0
115,915,531,0,1,0
116,96,974,1,0,0
117,711,840,0,1,0
118,413,1,1,0,0
119,199,746,1,0,0
120,690,508,1,0,1
121,862,514,0,1,0
122,8,481,1,0,0
123,673,103,1,0,0
124,286,382,0,1,0
125,823,624,1,0,1
126,808,3,0,1,0
127,672,774,0,1,0
128,216,756,1,1,0
129,531,3,0,1,0
130,454,864,0,1,0
131,4,180,1,0,0
132,919,269,0,1,0
133,9,274,0,1,0
134,656,608,0,1,0
135,300,431,0,1,0
136,195,213,0,1,0
137,589,568,1,0,0
138,596,710,1,0,1
139,607,146,1,0,1
140,1,421,0,1,0
141,639,663,1,0,1
142,538,425,1,1,0
143,778,140,0,1,0
144,395,613,0,1,0
145,180,72,0,1,0
146,525,555,1,0,0
147,452,670,1,0,0
148,759,319,0,1,0
149,295,197,0,1,0
150,105,186,1,0,1
151,657,406,0,1,0
152,362,440,1,0,1
153,321,353,0,1,0
154,2,901,1,0,0
155,84,131,0,1,0
156,601,570,1,0,0
157,216,287,0,1,0
158,407,712,1,0,0
159,865,599,0,1,0
160,799,735,0,1,0
161,153,584,0,1,0
162,806,797,0,1,0
163,641,186,0,1,0
164,60,549,0,1,0
165,528,863,0,1,0
166,849,320,0,1,0
167,232,215,0,1,0
168,238,3,0,1,0
169,876,988,1,0,0
170,518,691,1,1,0
171,956,521,0,1,0
172,126,248,1,0,0
173,0,926,1,0,0
174,109,909,1,0,0
175,58,76,1,0,0
176,602,380,0,1,0
177,400,431,0,1,0
178,419,645,0,1,0
179,709,3,0,1,0
180,504,74,0,1,0
181,970,585,0,1,0
182,445,892,0,1,0
183,741,266,1,0,0
184,307,320,1,0,0
185,528,32,1,0,0
186,863,330,1,0,1
187,683,471,0,1,0
188,394,990,1,1,0
189,845,85,1,0,0
190,942,531,0,1,0
191,950,2,0,1,0
192,924,220,0,1,0
193,460,221,0,1,0
194,2,537,0,1,0
195,524,331,0,1,0
196,4,676,1,0,1
197,963,971,1,0,0
198,774,927,0,1,0
199,827,579,0,1,0
200,530,613,1,0,0
201,172,808,1,0,0
202,238,858,0,1,0
203,947,4,0,1,0
204,29,726,1,0,0
205,669,929,0,1,0
206,192,312,1,1,0
207,778,301,0,1,0
208,279,618,0,1,0
209,788,60,1,0,1
210,233,990,1,0,0
211,739,759,0,1,0
212,78,605,0,1,0
213,593,781,0,1,0
214,990,506,1,0,0
215,538,717,1,0,0
216,315,75,0,1,0
217,369,247,0,1,0
218,609,427,0,1,0
219,309,10,1,0,1
220,4,785,0,0,1
221,735,162,0,1,0
222,3,550,0,1,0
223,391,140,0,1,0
224,259,466,0,1,0
225,660,656,0,1,0
226,324,540,1,1,0
227,503,669,1,0,0
228,943,708,0,1,0
229,423,339,1,0,0
230,282,148,0,1,0
231,953,162,1,0,0
232,815,146,1,0,0
233,221,760,0,1,0
234,433,641,0,1,0
235,661,495,0,1,0
236,343,884,0,1,0
237,308,7,0,1,0
238,533,402,1,0,0
239,238,876,0,1,0
240,282,99,0,0,1
241,265,905,0,1,0
242,322,262,0,1,0
243,214,345,1,0,1
244,245,853,0,1,0
245,841,619,1,0,1
246,751,163,1,0,1
247,567,867,0,1,0
248,321,8,0,1,0
249,686,797,0,1,0
250,874,566,0,1,0
251,895,638,1,0,1
252,710,657,0,1,0
253,655,33,1,0,0
254,164,251,1,0,0
255,102,462,0,1,0
256,657,389,1,1,0
257,726,598,0,1,0
258,560,596,1,0,0
259,793,816,1,0,1
260,841,479,0,1,0
261,530,552,1,0,0
262,9,515,0,1,0
263,894,622,0,1,0
264,103,595,0,1,0
265,169,388,0,1,0
266,99,933,1,0,0
267,254,67,0,0,1
268,730,144,0,1,0
269,892,6,1,0,0
270,856,687,1,0,1
271,742,284,1,0,0
272,873,955,1,0,1
273,497,675,1,0,0
274,113,425,1,0,1
275,146,973,0,1,0
276,513,117,0,0,1
277,651,591,1,1,0
278,535,490,1,0,0
279,384,4,1,0,0
280,278,260,0,1,0
281,168,689,0,1,0
282,479,633,1,0,0
283,990,904,1,0,0
284,822,738,0,1,0
285,821,3,0,1,0
286,879,965,1,0,1
287,2,39,0,1,0
288,9,695,0,1,0
289,112,755,1,1,0
290,543,390,0,1,0
291,840,136,1,0,1
292,73,850,1,0,0
293,0,244,0,1,0
294,46,836,1,0,0
295,219,670,0,1,0
296,258,729,1,1,0
297,326,143,0,1,0
298,691,714,0,1,0
299,106,276,1,0,1
300,458,710,1,0,1
301,698,569,1,0,1
302,123,156,0,0,1
303,3,498,0,1,0
304,542,284,0,1,0
305,942,1,1,1,0
306,724,129,0,1,0
307,614,297,1,0,1
308,838,10,1,0,0
309,453,293,1,0,1
310,862,331,0,1,0
311,761,481,0,1,0
312,222,775,0,1,0
313,352,5,1,0,0
314,8,244,0,1,0
315,854,744,0,1,0
316,2,790,0,1,0
317,757,760,0,0,1
318,601,751,0,1,0
319,61,990,1,0,0
320,705,865,0,1,0
321,801,594,1,0,1
322,786,753,0,1,0
323,825,651,1,0,1
324,6,503,0,1,0
325,574,868,0,1,0
326,344,73,0,1,0
327,817,507,0,1,0
328,129,477,0,1,0
329,114,461,0,1,0
330,620,761,0,1,0
331,3,150,0,1,0
332,698,923,0,1,0
333,193,905,0,1,0
334,242,422,0,1,0
335,802,667,0,1,0
336,845,316,0,1,0
337,390,95,0,1,0
338,758,2,0,1,0
339,8,707,1,0,0
340,922,656,0,1,0
341,817,683,0,1,0
342,478,654,1,0,0
343,557,5,0,1,0
344,954,959,1,0,0
345,443,575,1,0,0
346,176,251,1,0,1
347,333,457,0,1,0
348,322,453,0,1,0
349,779,143,1,1,0
350,88,832,1,0,1
351,498,280,1,0,1
352,351,870,0,1,0
353,813,807,0,1,0
354,913,934,0,1,0
355,4,791,1,0,1
356,108,694,0,1,0
357,115,419,0,1,0
358,547,603,1,0,0
359,615,943,0,1,0
360,373,351,0,1,0
361,9,816,0,1,0
362,713,3,0,1,0
363,617,325,1,0,1
364,899,879,0,1,0
365,831,838,0,1,0
366,360,187,0,1,0
367,420,618,0,1,0
368,210,402,0,1,0
369,160,442,1,0,1
370,655,860,0,1,0
371,2,886,1,0,0
372,738,601,1,0,1
373,369,970,0,1,0
374,862,919,0,1,0
375,507,155,0,1,0
376,207,800,0,1,0
377,502,853,0,1,0
378,503,655,1,0,0
379,110,777,1,0,0
380,826,393,0,1,0
381,838,668,1,0,1
382,710,418,0,1,0
383,462,10,1,0,0
384,816,150,1,0,0
385,438,3,1,0,1
386,898,749,0,1,0
387,306,109,1,0,0
388,751,8,0,1,0
389,384,150,1,0,1
390,7,21,0,1,0
391,90,910,1,0,0
392,198,85,0,1,0
393,276,833,0,1,0
394,742,549,0,1,0
395,257,5,1,0,0
396,75,523,0,1,0
397,8,827,0,1,0
398,229,153,0,1,0
399,673,105,1,0,0
400,532,437,1,0,0
401,732,542,0,0,1
402,353,498,0,1,0
403,316,103,0,1,0
404,183,570,0,1,0
405,902,145,1,0,0
406,754,465,0,1,0
407,309,494,0,1,0
408,4,755,1,0,0
409,585,87,0,1,0
410,301,663,1,0,1
411,447,10,1,0,1
412,518,299,1,1,0
413,747,790,0,1,0
414,227,813,0,1,0
415,505,239,1,0,1
416,143,531,0,1,0
417,534,878,0,1,0
418,291,847,0,1,0
419,409,261,0,1,0
420,717,543,0,1,0
421,870,739,0,1,0
422,70,730,1,0,1
423,311,78,1,0,1
424,156,340,0,1,0
425,145,374,0,1,0
426,57,811,0,1,0
427,354,558,1,0,1
428,980,6,1,0,0
429,557,957,0,1,0
430,344,128,0,1,0
431,574,711,0,1,0
432,889,289,0,1,0
433,835,479,1,0,1
434,384,813,1,0,0
435,814,391,0,1,0
436,488,10,1,0,0
437,809,634,0,1,0
438,510,605,1,0,0
439,866,183,1,0,0
440,306,74,0,1,0
441,759,573,1,0,1
442,433,489,1,0,0
443,223,266,0,1,0
444,126,200,1,1,0
445,268,453,0,1,0
446,815,702,0,1,0
447,419,929,0,1,0
448,688,90,1,0,0
449,108,249,1,0,0
450,888,314,0,1,0
451,301,2,0,1,0
452,961,116,1,0,1
453,194,687,1,0,0
454,602,674,1,1,0
455,606,266,0,1,0
456,990,900,1,0,0
457,648,391,0,1,0
458,338,786,0,1,0
459,10,840,1,0,0
460,978,8,1,0,0
461,423,415,1,1,0
462,600,548,1,0,1
463,823,519,1,1,0
464,544,828,0,1,0
465,841,520,0,1,0
466,267,162,1,1,0
467,460,405,1,0,0
468,27,5,1,0,1
469,711,409,0,1,0
470,689,7,0,1,0
471,6,530,0,1,0
472,854,1,1,0,0
473,8,564,1,0,1
474,248,81,0,0,1
475,336,4,1,0,1
476,351,361,0,1,0
477,480,482,1,0,0
478,392,873,1,0,1
479,796,227,1,0,0
480,839,444,0,1,0
481,271,240,1,0,1
482,253,816,1,0,1
483,546,914,0,1,0
484,914,764,0,1,0
485,627,616,0,1,0
486,329,464,0,1,0
487,128,592,0,0,1
488,355,797,1,0,0
489,600,371,1,0,1
490,890,812,1,0,1
491,370,316,0,1,0
492,990,15,1,0,0
493,768,116,0,1,0
494,569,252,0,1,0
495,116,567,0,1,0
496,155,138,0,1,0
497,602,443,0,1,0
498,119,752,1,1,0
499,925,258,1,0,1
500,317,219,1,0,1
501,117,939,1,0,0
502,567,7,0,1,0
503,754,6,0,1,0
504,245,347,0,1,0
505,653,449,1,0,1
506,721,714,1,0,1
507,609,368,0,1,0
508,352,89,0,1,0
509,100,638,0,1,0
510,553,4,1,0,1
511,872,553,0,1,0
512,898,189,1,0,0
513,87,672,1,0,1
514,657,172,0,1,0
515,99,97,0,1,0
516,816,365,0,1,0
517,614,154,0,1,0
518,635,243,0,1,0
519,408,79,0,1,0
520,716,660,0,1,0
521,902,102,0,1,0
522,303,585,1,0,1
523,481,712,1,0,0
524,805,853,0,1,0
525,610,409,1,1,0
526,9,37,0,1,0
527,437,419,1,1,0
528,754,4,0,1,0
529,319,565,1,0,1
530,915,555,1,0,1
531,485,700,1,0,0
532,111,905,0,1,0
533,78,210,0,1,0
534,844,422,0,1,0
535,229,876,0,1,0
536,867,672,0,1,0
537,366,555,0,1,0
538,411,157,0,1,0
539,581,371,1,0,1
540,529,704,0,1,0
541,531,686,1,1,0
542,675,479,0,1,0
543,1,46,0,1,0
544,328,303,1,0,0
545,52,7,1,0,0
546,120,427,0,1,0
547,428,417,1,1,0
548,62,734,1,0,0
549,612,564,0,1,0
550,760,372,0,1,0
551,264,957,1,0,0
552,902,304,1,0,1
553,390,857,1,1,0
554,516,753,1,0,0
555,159,881,0,1,0
556,332,570,0,1,0
557,299,0,0,1,0
558,845,566,1,0,1
559,737,541,0,1,0
560,771,639,0,1,0
561,711,744,0,1,0
562,876,605,0,1,0
563,435,990,0,1,0
564,0,142,1,0,1
565,190,720,1,0,0
566,183,91,0,1,0
567,249,346,1,1,0
568,754,92,0,1,0
569,157,959,0,1,0
570,824,630,1,0,1
571,294,627,1,1,0
572,552,293,0,1,0
573,232,542,1,0,1
574,894,482,0,1,0
575,489,185,0,1,0
576,48,897,1,0,0
577,333,851,1,1,0
578,157,172,0,1,0
579,751,147,0,1,0
580,227,804,1,0,0
581,4,370,1,0,0
582,370,306,0,1,0
583,517,928,0,1,0
584,300,214,1,0,1
585,137,557,0,1,0
586,791,345,0,1,0
587,801,1,0,1,0
588,257,556,0,1,0
589,547,779,0,1,0
590,457,320,0,1,0
591,827,367,1,0,1
592,845,856,0,1,0
593,273,692,0,1,0
594,753,581,0,1,0
595,536,903,1,0,1
596,320,828,0,1,0
597,752,574,0,1,0
598,142,320,0,1,0
599,104,371,0,1,0
600,931,259,0,1,0
601,726,776,0,1,0
602,760,470,0,1,0
603,7,429,0,1,0
604,530,67,0,1,0
605,373,399,0,1,0
606,811,5,1,0,1
607,138,329,0,1,0
608,566,657,1,0,0
609,318,380,0,1,0
610,752,928,0,1,0
611,423,261,0,1,0
612,309,871,0,1,0
613,72,523,0,1,0
614,629,741,1,0,1
615,507,0,0,1,0
616,933,793,1,0,0
617,724,609,0,1,0
618,468,212,0,1,0
619,662,219,0,1,0
620,1,76,0,1,0
621,529,314,0,1,0
622,539,7,0,1,0
623,151,343,0,1,0
624,710,370,1,0,1
625,260,484,1,1,0
626,7,20,0,1,0
627,176,336,0,1,0
628,833,3,1,0,0
629,646,653,0,1,0
630,765,480,0,1,0
631,901,947,1,0,0
632,990,792,1,0,0
633,203,286,0,1,0
634,866,293,0,1,0
635,508,883,0,1,0
636,796,852,0,1,0
637,152,477,0,1,0
638,376,536,1,0,0
639,639,363,1,0,1
640,137,724,1,1,0
641,8,586,0,1,0
642,1,967,0,1,0
643,941,569,0,1,0
644,464,261,0,1,0
645,99,191,0,1,0
646,583,218,0,1,0
647,1,644,0,1,0
648,70,308,0,1,0
649,722,400,0,1,0
650,954,990,1,1,0
651,800,328,0,1,0
652,252,409,0,1,0
653,219,7,1,0,0
654,3,824,0,1,0
655,508,1,0,1,0
656,399,404,0,1,0
657,629,212,0,1,0
658,279,713,0,1,0
659,263,61,1,0,1
660,280,123,1,0,1
661,331,602,1,0,1
662,324,70,1,1,0
663,714,431,0,1,0
664,106,640,0,1,0
665,239,532,0,1,0
666,109,421,0,1,0
667,574,142,0,1,0
668,930,641,0,1,0
669,921,0,1,0,0
670,207,367,0,1,0
671,818,699,0,1,0
672,887,656,0,1,0
673,801,303,1,0,1
674,680,299,0,1,0
675,627,582,1,0,0
676,829,856,1,1,0
677,861,928,0,1,0
678,465,390,1,0,0
679,2,147,0,1,0
680,556,495,1,0,0
681,489,0,1,0,0
682,180,724,1,0,0
683,20,602,0,1,0
684,183,71,0,1,0
685,395,161,1,0,1
686,884,124,0,1,0
687,797,536,1,0,1
688,568,778,0,1,0
689,818,721,1,0,1
690,619,581,1,0,0
691,281,743,0,1,0
692,838,739,0,1,0
693,481,886,0,1,0
694,728,256,1,0,0
695,645,391,0,1,0
696,772,384,1,0,1
697,547,350,0,1,0
698,192,450,1,0,1
699,157,693,1,1,0
700,781,312,1,0,1
701,94,922,1,0,0
702,505,422,0,1,0
703,397,7,1,0,0
704,283,832,0,1,0
705,3,645,0,1,0
706,574,948,1,0,1
707,501,676,1,0,0
708,869,249,0,1,0
709,536,10,0,1,0
710,699,184,0,1,0
711,430,591,1,0,0
712,4,579,0,1,0
713,907,824,0,1,0
714,868,417,0,1,0
715,582,1,0,1,0
716,47,842,1,1,0
717,777,708,1,0,1
718,408,393,1,0,1
719,637,887,0,1,0
720,394,419,0,1,0
721,808,98,1,0,0
722,977,165,1,0,0
723,902,917,0,1,0
724,103,838,0,1,0
725,547,207,0,1,0
726,333,481,0,1,0
727,1,951,1,0,0
728,489,810,0,0,1
729,2,523,0,1,0
730,205,219,1,1,0
731,155,720,0,1,0
732,519,815,1,0,1
733,424,145,1,0,1
734,2,268,0,1,0
735,196,578,0,1,0
736,521,462,1,0,0
737,199,1,1,0,0
738,68,832,1,0,0
739,127,718,0,1,0
740,78,137,0,1,0
741,937,0,1,1,0
742,725,810,0,1,0
743,355,621,0,1,0
744,847,600,0,1,0
745,477,840,1,0,1
746,174,324,1,0,1
747,7,520,1,0,1
748,492,661,1,0,0
749,926,136,1,0,0
750,990,874,1,0,0
751,946,66,0,1,0
752,306,465,1,0,1
753,0,945,1,0,0
754,521,249,0,1,0
755,485,514,1,0,0
756,868,514,0,1,0
757,903,807,0,1,0
758,498,794,0,1,0
759,8,160,1,0,1
760,621,219,0,1,0
761,545,960,0,1,0
762,655,521,0,1,0
763,816,500,0,1,0
764,334,3,0,1,0
765,397,748,1,0,1
766,702,458,0,1,0
767,258,747,1,1,0
768,946,1,0,1,0
769,351,10,1,0,0
770,372,145,1,0,1
771,320,481,0,1,0
772,851,690,0,1,0
773,878,605,0,1,0
774,860,529,0,1,0
775,580,710,0,1,0
776,852,348,1,0,1
777,166,96,0,1,0
778,909,646,0,1,0
779,118,4,1,0,0
780,235,815,0,1,0
781,652,569,0,1,0
782,386,105,0,1,0
783,189,237,1,0,1
784,228,995,1,0,1
785,745,72,1,0,1
786,908,128,1,1,0
787,587,874,0,1,0
788,10,911,1,0,0
789,73,921,1,0,0
790,538,110,0,1,0
791,199,654,0,1,0
792,8,983,1,0,0
793,3,688,0,1,0
794,228,578,0,1,0
795,922,713,1,0,1
796,423,697,1,0,0
797,951,254,0,1,0
798,897,528,0,1,0
799,863,493,0,1,0
800,468,512,1,0,0
801,275,177,1,1,0
802,401,306,0,1,0
803,270,179,0,1,0
804,501,4,0,1,0
805,771,227,1,0,0
806,898,398,0,1,0
807,398,99,1,0,1
808,817,630,0,1,0
809,6,242,0,1,0
810,841,694,0,1,0
811,673,411,0,1,0
812,865,647,0,1,0
813,171,628,1,0,1
814,823,10,0,1,0
815,506,356,0,1,0
816,525,155,0,1,0
817,383,849,1,0,0
818,699,566,1,0,1
819,788,919,0,1,0
820,134,686,0,1,0
821,539,103,0,1,0
822,264,658,0,1,0
823,990,839,0,1,0
824,41,718,1,0,0
825,533,796,0,1,0
826,399,2,1,0,0
827,628,895,0,1,0
828,619,963,0,1,0
829,724,487,0,1,0
830,605,675,0,1,0
831,584,592,1,0,0
832,239,432,0,1,0
833,161,8,0,1,0
834,10,194,1,0,0
835,768,514,0,1,0
836,446,301,1,0,1
837,930,771,1,0,0
838,54,414,1,0,1
839,957,977,1,0,0
840,223,556,0,1,0
841,385,706,1,0,0
842,276,979,0,1,0
843,568,596,1,0,0
844,143,357,1,0,1
845,687,171,0,1,0
846,449,260,0,1,0
847,204,665,1,1,0
848,891,825,0,1,0
849,979,825,0,1,0
850,593,3,0,1,0
851,418,612,1,1,0
852,296,809,1,0,1
853,161,696,0,1,0
854,489,167,0,1,0
855,199,421,0,1,0
856,409,880,0,1,0
857,310,776,1,0,0
858,371,433,1,1,0
859,929,126,0,1,0
860,405,877,0,1,0
861,798,926,0,1,0
862,9,280,0,1,0
863,778,37,1,0,0
864,184,334,0,1,0
865,288,553,1,0,1
866,87,227,0,1,0
867,83,197,0,1,0
868,687,695,0,1,0
869,652,426,0,1,0
870,685,846,1,0,1
871,357,718,0,1,0
872,68,209,1,0,0
873,901,515,0,1,0
874,677,372,0,1,0
875,905,928,0,1,0
876,947,729,0,1,0
877,227,283,0,1,0
878,939,549,0,1,0
879,590,746,1,1,0
880,355,945,0,1,0
881,473,499,1,0,0
882,4,31,1,0,1
883,866,315,0,1,0
884,0,672,0,1,0
885,559,892,0,1,0
886,473,165,0,1,0
887,349,720,0,1,0
888,576,221,0,1,0
889,158,41,1,0,1
890,586,690,0,1,0
891,500,293,0,1,0
892,950,676,1,0,1
893,35,849,1,0,0
894,536,983,1,1,0
895,93,2,1,0,0
896,851,293,0,1,0
897,762,214,1,0,0
898,317,230,0,1,0
899,95,972,1,0,0
900,498,349,1,1,0
901,587,2,0,1,0
902,271,746,1,0,1
903,624,669,0,1,0
904,952,702,0,1,0
905,637,503,0,1,0
906,9,112,1,0,0
907,251,782,1,0,1
908,187,616,0,1,0
909,72,925,1,0,0
910,990,389,1,0,1
911,199,263,0,1,0
912,590,676,0,1,0
913,613,713,0,1,0
914,559,216,0,1,0
915,632,385,0,1,0
916,811,967,0,1,0
917,389,877,1,0,1
918,1,403,1,0,0
919,544,373,1,1,0
920,595,629,1,0,0
921,308,828,1,0,1
922,625,805,0,1,0
923,658,449,1,0,1
924,590,141,1,1,0
925,420,855,0,1,0
926,977,663,0,1,0
927,217,10,1,0,0
928,681,517,0,1,0
929,857,502,1,0,1
930,418,10,1,0,0
931,931,643,0,1,0
932,168,86,0,1,0
933,495,548,1,0,0
934,940,972,0,1,0
935,142,73,1,0,1
936,778,6,0,1,0
937,675,303,1,1,0
938,453,473,1,0,0
939,390,515,1,0,0
940,370,901,0,1,0
941,87,292,0,1,0
942,717,205,1,0,1
943,720,163,0,1,0
944,892,29,1,0,0
945,172,381,1,0,1
946,502,868,0,1,0
947,647,831,0,1,0
948,7,908,1,0,0
949,935,501,0,1,0
950,380,578,1,0,1
951,227,594,0,1,0
952,428,2,0,1,0
953,491,666,1,0,0
954,608,527,0,1,0
955,180,1,0,1,0
956,340,216,0,1,0
957,408,228,1,0,0
958,401,276,0,1,0
959,784,662,0,1,0
960,616,965,0,1,0
961,236,655,0,1,0
962,731,990,1,0,1
963,272,357,0,1,0
964,61,4,1,0,0
965,337,132,0,1,0
966,515,268,1,0,1
967,4,793,0,1,0
968,261,305,0,0,1
969,76,26,0,1,0
970,7,673,0,1,0
971,485,593,1,0,0
972,501,153,0,1,0
973,755,798,0,1,0
974,7,719,1,0,0
975,354,433,0,1,0
976,824,668,1,0,1
977,317,644,0,1,0
978,515,152,0,1,0
979,261,784,0,1,0
980,704,396,0,1,0
981,633,891,0,1,0
982,470,225,0,1,0
983,451,496,1,0,0
984,232,429,0,1,0
985,431,315,0,1,0
986,585,982,0,1,0
987,721,7,1,0,1
988,528,301,0,1,0
989,129,694,0,1,0
990,62,575,1,0,1
991,676,127,0,1,0
992,218,59,0,1,0
993,3,24,0,1,0
994,186,190,0,1,0
995,701,868,0,1,0
996,636,619,1,1,0
997,87,97,1,0,1
998,726,610,0,1,0
999,712,542,0,1,0
