Index,x,y,alive,infected,immune
0,783,291,0,1,0
1,28,658,1,0,1
2,969,220,0,0,1
3,536,838,1,0,1
4,879,765,0,1,0
5,434,117,0,1,0
6,444,57,0,1,0
7,4,559,0,1,0
8,301,816,1,0,1
9,877,592,0,1,0
10,429,122,0,1,0
11,629,156,0,1,0
12,536,961,0,1,0
13,91,312,0,1,0
14,867,298,0,1,0
15,92,788,0,1,0
16,495,296,1,0,1
17,781,633,0,1,0
18,970,203,0,1,0
19,596,837,0,1,0
20,950,596,0,1,0
21,323,371,0,1,0
22,420,808,0,1,0
23,258,64,1,0,1
24,228,414,0,1,0
25,4,153,0,1,0
26,795,0,0,1,0
27,699,458,0,1,0
28,107,136,0,1,0
29,503,874,0,1,0
30,696,734,0,1,0
31,561,9,0,1,0
32,797,895,1,0,1
33,960,332,1,0,1
34,247,853,0,1,0
35,281,5,0,1,0
36,629,1,1,0,1
37,920,676,0,1,0
38,1,585,0,1,0
39,432,727,0,1,0
40,182,39,0,1,0
41,676,516,1,0,1
42,482,160,1,0,1
43,107,402,0,1,0
44,466,261,0,1,0
45,208,136,0,1,0
46,535,892,1,0,1
47,767,611,0,1,0
48,714,332,0,1,0
49,416,146,0,1,0
50,523,902,0,1,0
51,884,681,0,1,0
52,94,400,0,1,0
53,139,370,0,1,0
54,278,828,0,1,0
55,579,317,0,0,1
56,695,173,0,1,0
57,529,268,0,1,0
58,166,377,0,1,0
59,990,407,0,1,0
60,226,588,0,1,0
61,594,6,0,1,0
62,366,943,0,1,0
63,181,432,0,1,0
64,4,962,0,1,0
65,5,349,1,0,1
66,38,801,0,1,0
67,807,818,0,1,0
68,621,731,0,1,0
69,712,929,0,1,0
70,569,813,0,1,0
71,743,28,0,1,0
72,555,805,0,1,0
73,614,746,0,1,0
74,335,0,0,1,0
75,990,163,1,0,1
76,143,370,0,1,0
77,416,233,1,0,1
78,357,761,1,0,1
79,926,96,0,1,0
80,90,524,0,1,0
81,795,830,0,1,0
82,169,155,0,1,0
83,251,914,0,1,0
84,385,569,0,1,0
85,227,324,0,1,0
86,352,682,1,0,1
87,842,626,0,1,0
88,569,162,0,1,0
89,639,927,0,1,0
90,274,216,0,1,0
91,204,493,0,1,0
92,286,480,0,1,0
93,519,907,0,1,0
94,681,437,0,1,0
95,223,942,0,1,0
96,765,932,0,1,0
97,563,517,0,1,0
98,130,68,0,1,0
99,652,163,0,1,0
100,236,268,0,1,0
101,770,429,1,1,0
102,695,859,1,0,1
103,2,33,0,0,1
104,670,467,1,0,1
105,582,604,1,0,0
106,872,253,1,0,0
107,609,208,0,1,0
108,881,415,0,1,0
109,810,606,0,0,1
110,337,847,1,1,0
111,8,776,0,1,0
112,748,460,0,1,0
113,869,356,0,1,0
114,563,353,0,1,0
115,914,523,0,1,0
116,106,980,1,0,0
117,704,842,0,1,0
118,413,1,1,0,0
119,186,745,1,0,0
120,674,510,1,0,1
121,874,512,0,1,0
122,2,481,1,0,0
123,674,95,1,0,0
124,304,372,0,1,0
125,830,644,1,0,1
126,808,2,0,1,0
127,652,780,1,1,0
128,193,773,1,1,0
129,531,8,0,1,0
130,439,823,0,1,0
131,4,180,1,0,0
132,936,254,0,1,0
133,4,274,0,1,0
134,657,585,0,1,0
135,342,425,0,1,0
136,216,254,0,1,0
137,584,601,1,0,0
138,621,706,1,0,1
139,598,170,1,0,1
140,1,421,0,1,0
141,599,660,1,1,0
142,503,417,1,0,0
143,791,128,0,1,0
144,408,646,1,1,0
145,174,79,0,1,0
146,538,558,1,0,0
147,426,663,1,0,0
148,729,318,0,1,0
149,273,174,0,1,0
150,94,186,1,0,1
151,662,416,0,1,0
152,383,432,1,0,1
153,320,335,0,1,0
154,5,901,1,0,0
155,69,148,0,1,0
156,589,569,1,0,0
157,182,266,0,1,0
158,398,704,1,0,0
159,846,600,0,1,0
160,798,728,0,1,0
161,140,568,0,1,0
162,749,810,1,1,0
163,618,179,0,1,0
164,47,541,0,1,0
165,530,848,0,1,0
166,874,290,0,1,0
167,248,228,0,1,0
168,238,9,1,1,0
169,858,962,1,0,0
170,527,699,1,0,0
171,926,525,0,1,0
172,118,249,1,0,0
173,9,926,1,0,0
174,88,896,1,0,0
175,35,73,1,0,0
176,588,391,0,1,0
177,404,426,0,1,0
178,422,650,0,1,0
179,709,3,0,1,0
180,512,79,0,1,0
181,973,582,0,1,0
182,412,926,0,1,0
183,748,240,1,0,0
184,278,328,1,0,0
185,554,40,1,0,0
186,864,334,1,0,1
187,689,467,0,1,0
188,409,971,1,1,0
189,851,87,1,0,0
190,949,550,0,1,0
191,936,955,1,1,0
192,951,241,0,1,0
193,457,242,0,1,0
194,6,537,0,1,0
195,521,318,0,1,0
196,5,676,1,0,1
197,976,961,1,0,0
198,799,928,0,1,0
199,834,565,0,1,0
200,540,591,1,0,0
201,192,803,1,0,0
202,263,860,0,1,0
203,947,9,1,0,0
204,23,749,1,0,0
205,673,938,0,1,0
206,211,328,1,1,0
207,795,321,0,1,0
208,261,574,0,1,0
209,783,84,1,0,1
210,233,990,1,0,0
211,756,760,1,1,0
212,107,608,0,1,0
213,580,805,0,1,0
214,990,506,1,0,0
215,545,744,1,0,0
216,313,73,0,1,0
217,391,259,0,1,0
218,606,433,0,1,0
219,309,10,1,1,0
220,2,785,0,0,1
221,771,169,0,1,0
222,8,550,0,1,0
223,386,151,0,1,0
224,264,445,0,1,0
225,638,666,0,1,0
226,382,552,1,0,0
227,519,683,1,0,0
228,948,725,0,1,0
229,446,338,1,0,0
230,266,155,0,1,0
231,968,151,1,0,0
232,822,144,1,0,0
233,222,763,1,1,0
234,401,627,0,1,0
235,627,492,0,1,0
236,338,865,0,1,0
237,308,7,0,1,0
238,501,377,1,0,0
239,243,891,0,1,0
240,269,87,0,0,1
241,283,860,0,1,0
242,308,269,0,1,0
243,200,324,1,0,1
244,280,885,0,1,0
245,825,621,1,0,1
246,731,151,1,0,1
247,569,880,0,1,0
248,321,8,0,1,0
249,675,815,0,1,0
250,876,572,0,1,0
251,865,660,1,0,1
252,740,663,0,1,0
253,632,49,1,0,0
254,159,254,1,0,0
255,91,454,0,1,0
256,649,384,1,0,0
257,718,604,0,1,0
258,539,610,1,0,0
259,786,829,1,0,1
260,871,495,0,1,0
261,523,566,1,0,0
262,5,515,0,1,0
263,883,612,0,1,0
264,122,616,0,1,0
265,163,358,0,1,0
266,97,897,1,0,0
267,268,76,0,0,1
268,738,151,0,1,0
269,892,9,1,0,0
270,830,675,1,0,1
271,732,239,1,0,0
272,859,967,1,0,1
273,499,701,1,0,0
274,132,437,1,0,1
275,142,957,0,1,0
276,497,77,0,0,1
277,633,660,1,1,0
278,555,488,1,0,0
279,384,5,1,0,0
280,266,274,0,1,0
281,155,720,1,1,0
282,468,664,1,0,0
283,990,904,1,0,0
284,798,722,0,1,0
285,821,7,1,1,0
286,889,955,1,0,1
287,1,39,0,1,0
288,0,695,0,1,0
289,174,761,1,1,0
290,543,380,0,1,0
291,839,122,1,0,1
292,66,866,1,0,0
293,0,244,1,0,0
294,37,864,1,0,0
295,245,682,0,1,0
296,232,720,1,0,0
297,350,158,0,1,0
298,724,728,0,1,0
299,89,302,1,1,0
300,457,726,1,0,1
301,678,575,1,0,1
302,96,163,0,0,1
303,4,498,0,1,0
304,538,280,0,1,0
305,942,9,1,0,0
306,745,124,0,1,0
307,614,277,1,0,1
308,838,10,1,0,0
309,474,282,1,0,1
310,887,337,0,1,0
311,741,490,0,1,0
312,228,779,0,1,0
313,352,4,1,0,0
314,1,244,1,0,0
315,865,708,0,1,0
316,1,790,0,1,0
317,768,763,0,0,1
318,573,738,1,0,0
319,61,990,1,0,0
320,681,838,1,1,0
321,821,627,1,0,1
322,805,757,0,1,0
323,789,635,1,0,1
324,8,503,0,1,0
325,581,849,0,1,0
326,359,41,0,1,0
327,851,495,1,1,0
328,132,469,0,1,0
329,126,465,0,1,0
330,619,788,1,1,0
331,3,150,0,1,0
332,697,954,0,1,0
333,206,892,0,1,0
334,261,433,0,1,0
335,832,680,0,1,0
336,831,306,0,1,0
337,415,108,0,1,0
338,758,9,0,1,0
339,4,707,1,0,0
340,899,649,0,1,0
341,787,692,0,1,0
342,478,658,1,0,0
343,557,0,0,1,0
344,968,949,1,0,0
345,484,574,1,0,0
346,210,257,1,0,1
347,329,462,0,1,0
348,317,463,0,1,0
349,775,152,1,0,0
350,103,846,1,1,0
351,520,267,1,0,1
352,397,866,0,1,0
353,810,803,0,1,0
354,924,916,0,1,0
355,18,771,1,0,1
356,99,676,0,1,0
357,113,421,0,1,0
358,541,604,1,0,0
359,609,947,0,1,0
360,354,389,0,1,0
361,2,816,1,1,0
362,713,8,0,1,0
363,623,341,1,0,1
364,874,890,0,1,0
365,858,851,0,1,0
366,326,153,0,1,0
367,406,637,0,1,0
368,195,410,0,1,0
369,152,476,1,0,1
370,633,873,0,1,0
371,9,886,1,0,0
372,726,588,1,0,1
373,368,934,0,1,0
374,858,878,0,1,0
375,514,159,0,1,0
376,218,814,1,1,0
377,476,843,0,1,0
378,508,654,1,0,0
379,119,773,1,0,0
380,812,380,0,1,0
381,849,681,1,0,1
382,730,413,0,1,0
383,462,10,1,0,0
384,825,152,1,0,0
385,438,4,1,0,1
386,885,764,0,1,0
387,289,122,1,0,0
388,751,3,0,1,0
389,351,131,1,0,1
390,9,21,0,1,0
391,70,903,1,0,0
392,199,93,0,1,0
393,258,843,0,1,0
394,750,557,0,1,0
395,257,0,1,0,0
396,90,503,0,1,0
397,1,827,1,1,0
398,221,134,0,1,0
399,663,72,1,0,0
400,500,433,1,0,0
401,729,548,0,0,1
402,333,478,0,1,0
403,309,64,0,1,0
404,219,595,0,1,0
405,885,174,1,0,0
406,766,462,0,1,0
407,311,502,0,1,0
408,9,755,1,0,0
409,614,110,1,1,0
410,303,660,1,0,1
411,447,10,1,0,1
412,523,322,1,1,0
413,738,805,0,1,0
414,247,813,0,1,0
415,504,215,1,0,1
416,151,551,0,1,0
417,532,874,0,1,0
418,307,816,0,1,0
419,403,288,0,1,0
420,713,517,0,1,0
421,872,751,0,1,0
422,64,742,1,0,1
423,343,100,1,0,1
424,159,328,0,1,0
425,150,401,0,1,0
426,53,819,0,1,0
427,340,569,1,1,0
428,980,0,1,0,0
429,576,966,0,1,0
430,337,148,0,1,0
431,587,693,0,1,0
432,874,287,1,1,0
433,837,497,1,1,0
434,385,792,1,0,0
435,841,405,0,1,0
436,488,10,1,0,0
437,815,631,0,1,0
438,521,602,1,0,0
439,875,191,1,0,0
440,295,97,0,1,0
441,750,567,1,0,1
442,418,482,1,0,0
443,254,288,0,1,0
444,125,203,1,1,0
445,254,440,0,1,0
446,801,690,0,1,0
447,413,924,0,1,0
448,692,129,1,0,0
449,116,253,1,0,0
450,903,294,0,1,0
451,301,9,0,1,0
452,973,122,1,0,1
453,198,698,1,0,0
454,552,692,1,0,0
455,593,269,0,1,0
456,990,900,1,0,0
457,639,361,0,1,0
458,350,764,0,1,0
459,10,840,1,0,0
460,978,3,1,0,0
461,409,460,1,1,0
462,616,563,1,0,1
463,815,486,1,1,0
464,580,836,0,1,0
465,814,513,0,1,0
466,314,192,1,0,0
467,451,414,1,0,0
468,27,7,1,0,1
469,706,411,0,1,0
470,689,4,0,1,0
471,1,530,0,1,0
472,854,9,1,0,0
473,4,564,1,1,0
474,259,103,0,0,1
475,336,2,1,0,1
476,373,362,0,1,0
477,475,498,1,0,0
478,398,896,1,0,1
479,797,235,1,0,0
480,837,431,0,1,0
481,270,252,1,0,1
482,231,817,1,0,1
483,527,915,0,1,0
484,931,747,0,1,0
485,630,619,0,1,0
486,336,444,0,1,0
487,145,609,0,0,1
488,364,811,1,0,0
489,591,350,1,0,1
490,908,835,1,0,1
491,384,328,0,1,0
492,990,15,1,0,0
493,773,121,1,1,0
494,568,245,0,1,0
495,120,580,0,1,0
496,147,124,1,1,0
497,614,453,0,1,0
498,123,745,1,0,0
499,930,244,1,0,1
500,298,222,1,0,1
501,112,938,1,0,0
502,567,7,0,1,0
503,754,3,0,1,0
504,251,350,1,1,0
505,648,480,1,0,1
506,740,716,1,0,1
507,624,355,0,1,0
508,390,94,0,1,0
509,93,631,0,1,0
510,553,7,1,0,1
511,867,583,0,1,0
512,888,208,1,0,0
513,97,657,1,1,0
514,664,187,0,1,0
515,93,105,0,1,0
516,830,410,1,1,0
517,620,127,0,1,0
518,648,266,0,1,0
519,396,96,0,1,0
520,742,651,0,1,0
521,890,100,0,1,0
522,316,584,1,0,1
523,473,708,1,0,0
524,842,879,0,1,0
525,587,423,1,1,0
526,1,37,0,1,0
527,442,396,1,0,0
528,754,2,0,1,0
529,329,549,1,0,1
530,919,589,1,0,1
531,475,715,1,0,0
532,134,901,0,1,0
533,88,192,0,1,0
534,847,444,0,1,0
535,213,885,0,1,0
536,883,655,0,1,0
537,374,588,1,0,0
538,411,128,0,1,0
539,575,329,1,0,1
540,521,674,1,0,0
541,517,671,1,0,0
542,660,493,0,1,0
543,5,46,1,1,0
544,339,272,1,0,0
545,52,0,1,0,0
546,141,403,0,1,0
547,443,428,1,0,0
548,76,750,1,0,0
549,622,548,0,1,0
550,799,381,0,1,0
551,243,951,1,0,0
552,909,311,1,0,1
553,409,835,1,0,0
554,490,727,1,0,0
555,169,868,0,1,0
556,334,629,0,1,0
557,299,0,0,1,0
558,846,593,1,0,1
559,746,506,0,1,0
560,731,661,1,1,0
561,722,742,0,1,0
562,874,638,0,1,0
563,444,985,0,1,0
564,9,142,1,0,1
565,228,713,1,0,0
566,220,86,0,1,0
567,264,345,1,0,0
568,765,119,0,1,0
569,154,953,1,1,0
570,800,641,1,0,1
571,290,626,1,0,0
572,536,266,0,1,0
573,231,560,1,1,0
574,894,491,0,1,0
575,483,181,0,1,0
576,60,896,1,0,0
577,323,830,1,1,0
578,146,197,0,1,0
579,741,129,0,1,0
580,204,819,1,0,0
581,2,370,1,0,0
582,381,301,1,1,0
583,520,912,0,1,0
584,282,218,1,0,1
585,146,543,1,1,0
586,804,346,0,1,0
587,801,0,0,1,0
588,221,517,1,1,0
589,545,764,0,1,0
590,512,331,0,1,0
591,796,375,1,1,0
592,851,860,0,1,0
593,270,677,0,1,0
594,722,575,0,1,0
595,533,925,1,0,1
596,320,846,0,1,0
597,770,561,0,1,0
598,141,290,1,1,0
599,129,412,0,1,0
600,898,275,0,1,0
601,746,785,0,1,0
602,762,495,0,1,0
603,2,429,0,1,0
604,551,64,0,1,0
605,391,422,0,1,0
606,811,6,1,1,0
607,135,296,0,1,0
608,564,660,1,0,0
609,322,340,1,1,0
610,799,904,0,1,0
611,421,224,1,0,0
612,275,854,0,1,0
613,98,519,0,1,0
614,650,758,1,1,0
615,507,5,0,1,0
616,934,771,1,0,0
617,731,580,0,1,0
618,481,218,0,1,0
619,681,206,0,1,0
620,968,73,0,1,0
621,520,336,0,1,0
622,539,1,0,1,0
623,162,325,0,1,0
624,698,376,1,0,1
625,275,513,1,0,0
626,8,20,0,1,0
627,161,323,0,1,0
628,833,3,1,0,0
629,674,713,0,1,0
630,744,496,0,1,0
631,901,962,1,0,0
632,990,792,1,0,0
633,219,301,0,1,0
634,888,270,0,1,0
635,489,898,0,1,0
636,797,873,0,1,0
637,131,480,0,1,0
638,349,504,1,0,0
639,639,373,1,0,1
640,129,737,1,0,0
641,4,586,0,1,0
642,4,967,0,1,0
643,913,543,0,1,0
644,441,273,0,1,0
645,85,177,0,1,0
646,602,232,0,1,0
647,8,644,0,1,0
648,65,323,0,1,0
649,710,429,0,1,0
650,954,990,1,0,0
651,790,333,0,1,0
652,265,428,0,1,0
653,219,6,1,0,0
654,1,824,1,1,0
655,508,4,0,1,0
656,426,397,1,0,0
657,606,207,0,1,0
658,266,708,0,1,0
659,249,24,1,1,0
660,294,116,1,0,1
661,349,625,1,0,1
662,335,46,1,0,0
663,739,422,0,1,0
664,96,674,1,0,0
665,212,533,0,1,0
666,90,399,0,1,0
667,599,142,0,1,0
668,939,631,0,1,0
669,921,6,1,0,0
670,228,323,0,1,0
671,794,700,1,1,0
672,884,662,0,1,0
673,820,295,1,0,1
674,693,261,0,1,0
675,609,564,1,0,0
676,846,833,1,0,0
677,871,916,0,1,0
678,460,407,1,0,0
679,2,147,0,1,0
680,536,482,1,0,0
681,489,5,1,0,0
682,207,705,1,0,0
683,61,598,0,1,0
684,178,79,0,1,0
685,359,145,1,0,1
686,895,124,0,1,0
687,807,550,1,0,1
688,549,779,0,1,0
689,804,730,1,0,1
690,611,592,1,0,0
691,275,752,0,1,0
692,825,760,0,1,0
693,533,888,0,1,0
694,743,260,1,0,0
695,656,406,0,1,0
696,759,384,1,0,1
697,583,344,0,1,0
698,214,444,1,0,1
699,164,713,1,0,0
700,757,291,1,1,0
701,85,936,1,0,0
702,549,403,1,1,0
703,397,2,1,0,0
704,297,847,0,1,0
705,4,645,0,1,0
706,564,936,1,0,1
707,491,669,1,0,0
708,863,276,0,1,0
709,536,10,0,1,0
710,676,191,0,1,0
711,434,587,1,0,0
712,7,579,1,1,0
713,879,861,0,1,0
714,867,436,1,1,0
715,582,7,0,1,0
716,66,796,1,1,0
717,769,704,1,1,0
718,369,400,1,1,0
719,611,885,0,1,0
720,393,417,0,1,0
721,826,113,1,0,0
722,964,146,1,0,0
723,918,917,0,1,0
724,104,823,0,1,0
725,544,190,0,1,0
726,359,469,0,1,0
727,8,951,1,0,0
728,478,821,1,1,0
729,4,523,0,1,0
730,174,238,1,0,0
731,135,722,1,0,0
732,517,841,1,0,1
733,415,133,1,0,1
734,0,268,1,1,0
735,252,559,0,1,0
736,512,511,1,0,0
737,199,3,1,0,0
738,76,838,1,0,0
739,130,695,0,1,0
740,79,160,0,1,0
741,937,3,1,0,0
742,706,853,0,1,0
743,328,632,0,1,0
744,863,597,0,1,0
745,459,832,1,0,1
746,186,314,1,0,1
747,8,520,1,0,1
748,487,631,1,0,0
749,914,154,1,0,0
750,990,874,1,0,0
751,889,81,1,0,0
752,315,458,1,0,1
753,9,945,1,0,0
754,512,261,0,1,0
755,478,503,1,0,0
756,870,532,0,1,0
757,893,812,0,1,0
758,478,804,0,1,0
759,8,160,1,0,1
760,621,216,0,1,0
761,519,958,0,1,0
762,651,552,0,1,0
763,864,524,1,1,0
764,334,7,0,1,0
765,396,745,1,1,0
766,720,449,0,1,0
767,217,685,1,0,0
768,946,3,1,0,0
769,351,10,1,0,0
770,352,123,1,0,1
771,323,522,0,1,0
772,852,705,0,1,0
773,855,614,0,1,0
774,856,516,0,1,0
775,577,723,0,1,0
776,852,304,1,1,0
777,182,90,0,1,0
778,937,651,0,1,0
779,118,7,1,0,0
780,226,832,0,1,0
781,657,535,0,1,0
782,386,106,0,1,0
783,200,260,1,1,0
784,259,966,1,0,1
785,776,72,1,0,1
786,906,94,1,1,0
787,624,863,0,1,0
788,10,911,1,0,0
789,85,919,1,0,0
790,545,106,0,1,0
791,218,643,0,1,0
792,4,983,1,0,0
793,14,690,0,1,0
794,225,588,0,1,0
795,924,689,1,0,1
796,420,699,1,0,0
797,916,300,0,1,0
798,897,530,0,1,0
799,849,448,1,1,0
800,504,502,1,0,0
801,243,202,1,0,0
802,388,320,0,1,0
803,271,153,0,1,0
804,501,9,0,1,0
805,748,231,1,0,0
806,909,406,0,1,0
807,419,123,1,0,1
808,827,588,0,1,0
809,991,242,0,1,0
810,832,674,0,1,0
811,672,430,0,1,0
812,878,636,0,1,0
813,195,618,1,1,0
814,823,10,0,1,0
815,530,386,1,1,0
816,539,166,0,1,0
817,371,826,1,0,0
818,688,549,1,0,1
819,829,913,0,1,0
820,160,704,0,1,0
821,542,116,0,1,0
822,289,666,0,1,0
823,990,839,0,1,0
824,63,704,1,0,0
825,557,782,1,1,0
826,399,2,1,0,0
827,623,882,0,1,0
828,606,957,0,1,0
829,719,472,0,1,0
830,548,673,1,0,0
831,565,600,1,0,0
832,227,429,0,1,0
833,161,9,0,1,0
834,10,194,1,0,0
835,776,484,0,1,0
836,451,287,1,0,1
837,898,768,1,0,0
838,62,382,1,0,1
839,955,960,1,0,0
840,234,531,0,1,0
841,383,712,1,0,0
842,288,966,0,1,0
843,555,595,1,0,0
844,134,354,1,0,1
845,703,189,0,1,0
846,427,250,0,1,0
847,217,680,1,0,0
848,860,834,0,1,0
849,973,821,0,1,0
850,593,3,0,1,0
851,394,603,1,1,0
852,274,845,1,0,1
853,152,703,0,1,0
854,472,184,0,1,0
855,233,441,0,1,0
856,422,881,0,1,0
857,313,762,1,0,0
858,417,406,1,1,0
859,967,113,0,1,0
860,421,898,0,1,0
861,801,919,0,1,0
862,5,280,1,1,0
863,783,59,1,0,0
864,165,319,0,1,0
865,278,527,1,0,1
866,59,225,1,0,0
867,81,194,0,1,0
868,700,685,0,1,0
869,637,419,0,1,0
870,670,847,1,0,1
871,324,710,0,1,0
872,101,230,1,0,0
873,929,480,0,1,0
874,718,386,0,1,0
875,909,925,0,1,0
876,926,723,0,1,0
877,212,303,1,1,0
878,969,552,0,1,0
879,617,755,1,1,0
880,375,938,0,1,0
881,479,479,1,0,0
882,8,31,1,0,1
883,862,306,0,1,0
884,5,672,0,1,0
885,542,871,0,1,0
886,482,167,0,1,0
887,353,722,0,1,0
888,556,204,0,1,0
889,162,42,1,0,1
890,571,693,0,1,0
891,473,307,0,1,0
892,954,686,1,0,1
893,23,843,1,0,0
894,520,961,1,0,0
895,93,8,1,0,0
896,863,281,1,1,0
897,778,233,1,0,0
898,307,250,0,1,0
899,124,943,1,0,0
900,515,358,1,0,0
901,587,9,0,1,0
902,270,729,1,0,1
903,647,668,1,1,0
904,936,689,0,1,0
905,659,517,0,1,0
906,8,112,1,0,0
907,238,761,1,0,1
908,188,596,0,1,0
909,91,939,1,0,0
910,990,389,1,0,1
911,219,237,0,1,0
912,585,685,0,1,0
913,598,691,0,1,0
914,563,208,0,1,0
915,594,388,0,1,0
916,798,960,0,1,0
917,382,877,1,0,1
918,4,403,1,0,0
919,534,367,1,0,0
920,569,627,1,0,0
921,320,831,1,0,1
922,603,814,0,1,0
923,666,425,1,0,1
924,604,168,1,0,0
925,423,873,0,1,0
926,972,649,0,1,0
927,217,10,1,0,0
928,685,526,0,1,0
929,852,492,1,0,1
930,418,10,1,0,0
931,934,640,0,1,0
932,180,99,0,1,0
933,509,577,1,0,0
934,938,964,0,1,0
935,186,88,1,0,1
936,778,2,0,1,0
937,689,318,1,0,0
938,461,475,1,0,0
939,407,521,1,0,0
940,393,891,0,1,0
941,82,326,0,1,0
942,731,211,1,0,1
943,697,191,0,1,0
944,898,30,1,0,0
945,199,408,1,0,1
946,526,871,0,1,0
947,627,866,0,1,0
948,4,908,1,0,0
949,949,495,0,1,0
950,411,610,1,1,0
951,230,564,0,1,0
952,428,5,0,1,0
953,502,667,1,0,0
954,608,533,0,1,0
955,180,3,0,1,0
956,322,203,0,1,0
957,400,231,1,0,0
958,425,244,0,1,0
959,783,649,0,1,0
960,625,946,0,1,0
961,236,642,0,1,0
962,731,990,1,0,1
963,262,360,0,1,0
964,61,0,1,0,0
965,353,138,0,1,0
966,511,220,1,0,1
967,3,793,0,1,0
968,257,275,0,0,1
969,115,32,0,1,0
970,2,673,0,1,0
971,469,568,1,0,0
972,502,169,0,1,0
973,733,811,0,1,0
974,5,719,1,0,0
975,367,428,0,1,0
976,822,679,1,0,1
977,293,646,0,1,0
978,537,161,0,1,0
979,258,816,0,1,0
980,726,390,0,1,0
981,614,897,0,1,0
982,467,250,0,1,0
983,432,484,1,0,0
984,238,416,0,1,0
985,430,307,0,1,0
986,581,959,0,1,0
987,721,5,1,0,1
988,500,288,0,1,0
989,119,679,0,1,0
990,54,551,1,0,1
991,657,155,0,1,0
992,222,93,0,1,0
993,9,24,0,1,0
994,181,195,0,1,0
995,679,899,0,1,0
996,594,653,1,0,0
997,106,132,1,0,1
998,724,610,0,1,0
999,724,567,0,1,0
