Index,x,y,alive,infected,immune
0,788,310,0,1,0
1,4,697,1,0,1
2,960,204,0,0,1
3,545,889,1,0,1
4,967,795,0,1,0
5,410,106,0,1,0
6,499,93,0,1,0
7,2,559,0,1,0
8,330,789,1,0,1
9,859,590,0,1,0
10,433,156,0,1,0
11,602,102,0,1,0
12,515,4,0,1,0
13,52,317,0,1,0
14,872,223,0,1,0
15,86,771,0,1,0
16,490,347,1,0,1
17,786,726,0,1,0
18,961,156,0,1,0
19,640,816,0,1,0
20,944,554,0,1,0
21,331,313,0,1,0
22,430,797,0,1,0
23,253,173,1,0,1
24,198,396,0,1,0
25,7,153,0,1,0
26,795,2,0,1,0
27,723,404,0,1,0
28,104,132,0,1,0
29,498,880,0,1,0
30,670,675,0,1,0
31,561,1,0,1,0
32,757,854,1,0,1
33,948,276,1,0,1
34,263,848,0,1,0
35,281,9,0,1,0
36,629,5,1,0,1
37,945,686,0,1,0
38,8,585,0,1,0
39,363,752,0,1,0
40,222,33,0,1,0
41,647,562,1,0,1
42,518,177,1,0,1
43,147,419,0,1,0
44,474,275,0,1,0
45,224,138,0,1,0
46,544,913,1,0,1
47,744,554,0,1,0
48,750,334,0,1,0
49,488,164,0,1,0
50,523,924,0,1,0
51,850,717,0,1,0
52,141,390,0,1,0
53,166,339,0,1,0
54,318,786,0,1,0
55,563,265,0,0,1
56,713,180,0,1,0
57,533,266,0,1,0
58,167,364,0,1,0
59,990,407,0,1,0
60,174,663,0,1,0
61,594,2,0,1,0
62,432,945,0,1,0
63,122,428,0,1,0
64,9,962,0,1,0
65,9,349,1,0,1
66,32,820,0,1,0
67,806,804,0,1,0
68,654,777,0,1,0
69,684,918,0,1,0
70,609,796,0,1,0
71,747,10,0,1,0
72,518,766,0,1,0
73,592,764,0,1,0
74,335,6,0,1,0
75,990,163,1,0,1
76,134,340,0,1,0
77,433,258,1,0,1
78,348,756,1,0,1
79,970,71,0,1,0
80,137,495,0,1,0
81,751,860,0,1,0
82,130,119,0,1,0
83,290,946,0,1,0
84,383,558,0,1,0
85,196,303,0,1,0
86,390,655,1,0,1
87,848,574,0,1,0
88,608,103,0,1,0
89,613,992,0,1,0
90,249,178,0,1,0
91,206,505,0,1,0
92,277,542,0,1,0
93,524,949,0,1,0
94,638,345,0,1,0
95,209,919,0,1,0
96,771,860,0,1,0
97,501,583,0,1,0
98,117,37,0,1,0
99,701,189,0,1,0
100,244,259,0,1,0
101,741,435,1,0,1
102,688,923,1,0,1
103,2,33,0,0,1
104,654,430,1,0,1
105,585,599,1,1,0
106,862,276,0,1,0
107,640,190,0,1,0
108,898,350,0,1,0
109,809,559,0,0,1
110,372,887,1,0,1
111,0,776,0,1,0
112,799,447,0,1,0
113,853,335,0,1,0
114,552,265,0,1,0
115,903,567,0,1,0
116,45,898,1,0,0
117,695,836,0,1,0
118,413,9,1,0,0
119,200,723,0,1,0
120,693,484,1,0,1
121,856,523,0,1,0
122,5,481,1,0,0
123,633,40,1,0,0
124,260,424,0,1,0
125,854,566,1,0,1
126,808,4,0,1,0
127,660,767,0,1,0
128,220,765,1,0,1
129,531,4,0,1,0
130,477,903,0,1,0
131,1,180,1,0,0
132,904,260,0,1,0
133,8,274,0,1,0
134,639,616,0,1,0
135,310,470,0,1,0
136,185,156,0,1,0
137,536,539,0,1,0
138,615,737,1,0,1
139,603,164,1,0,1
140,4,421,0,1,0
141,587,620,1,0,1
142,543,378,0,1,0
143,790,180,0,1,0
144,418,627,0,1,0
145,169,67,0,1,0
146,479,586,1,0,0
147,457,702,0,1,0
148,758,339,0,1,0
149,277,191,0,1,0
150,164,206,1,0,1
151,680,345,0,1,0
152,387,446,1,0,1
153,336,344,0,1,0
154,0,901,1,0,0
155,70,146,0,1,0
156,540,566,1,0,0
157,190,273,0,1,0
158,436,716,0,1,0
159,844,639,0,1,0
160,806,711,0,1,0
161,147,583,0,1,0
162,838,809,0,1,0
163,685,218,0,1,0
164,85,559,0,1,0
165,542,893,0,1,0
166,823,311,0,1,0
167,241,207,0,1,0
168,238,4,0,1,0
169,883,9,1,0,0
170,560,663,1,0,1
171,962,512,0,1,0
172,131,351,0,1,0
173,5,926,1,0,0
174,193,843,0,1,0
175,96,29,1,0,0
176,598,417,0,1,0
177,387,413,0,1,0
178,391,657,0,1,0
179,709,2,0,1,0
180,532,122,0,1,0
181,949,628,0,1,0
182,455,865,0,1,0
183,727,260,1,0,0
184,346,297,1,1,0
185,529,62,1,0,0
186,853,295,1,0,1
187,725,425,0,1,0
188,394,990,0,1,0
189,837,50,1,0,0
190,939,529,0,1,0
191,950,0,0,1,0
192,897,245,0,1,0
193,462,220,0,1,0
194,7,537,0,1,0
195,546,267,0,1,0
196,4,676,1,0,1
197,966,990,0,1,0
198,730,965,0,1,0
199,818,549,0,1,0
200,544,604,1,0,0
201,202,868,0,1,0
202,200,831,0,1,0
203,947,8,0,1,0
204,13,724,1,0,0
205,687,880,0,1,0
206,185,281,1,0,1
207,788,365,0,1,0
208,291,600,0,1,0
209,788,34,1,0,1
210,233,990,1,0,0
211,723,787,0,1,0
212,41,593,0,1,0
213,591,837,0,1,0
214,990,506,1,0,0
215,501,721,1,0,0
216,335,99,0,1,0
217,465,284,0,1,0
218,684,405,0,1,0
219,309,10,1,0,1
220,6,785,0,0,1
221,753,188,0,1,0
222,2,550,0,1,0
223,442,102,0,1,0
224,298,450,0,1,0
225,661,677,0,1,0
226,336,551,1,0,1
227,484,642,1,0,0
228,952,733,0,1,0
229,457,317,1,0,1
230,307,135,0,1,0
231,8,120,1,0,1
232,794,145,0,1,0
233,211,739,0,1,0
234,418,628,0,1,0
235,671,486,0,1,0
236,361,847,0,1,0
237,308,6,0,1,0
238,500,406,1,1,0
239,246,891,0,1,0
240,199,125,0,0,1
241,271,929,0,1,0
242,279,234,0,1,0
243,188,349,1,0,1
244,253,813,0,1,0
245,831,605,1,0,1
246,759,203,1,0,1
247,544,832,0,1,0
248,321,2,0,1,0
249,696,786,0,1,0
250,870,597,0,1,0
251,920,674,1,0,1
252,698,637,0,1,0
253,662,94,1,0,0
254,141,240,1,0,0
255,132,447,0,1,0
256,659,404,0,0,1
257,730,611,0,1,0
258,584,602,0,1,0
259,790,833,1,0,1
260,829,429,0,1,0
261,571,499,0,1,0
262,8,515,0,1,0
263,873,596,0,1,0
264,61,620,0,1,0
265,185,376,0,1,0
266,40,912,1,0,0
267,248,21,0,0,1
268,755,120,0,1,0
269,892,2,1,0,0
270,826,707,1,0,1
271,741,302,1,0,0
272,876,957,1,0,1
273,475,676,0,1,0
274,120,337,1,0,1
275,112,5,0,1,0
276,524,169,0,0,1
277,711,639,1,0,1
278,509,514,1,0,0
279,384,4,1,0,0
280,236,208,0,1,0
281,196,709,0,1,0
282,512,638,1,0,1
283,990,904,1,0,0
284,880,778,0,1,0
285,821,8,0,1,0
286,842,965,1,0,1
287,6,39,0,1,0
288,2,695,0,1,0
289,160,702,0,1,0
290,581,360,0,1,0
291,853,119,1,0,1
292,28,865,1,0,0
293,0,244,0,1,0
294,48,894,1,0,1
295,224,648,0,1,0
296,254,702,0,1,0
297,322,119,0,1,0
298,671,756,0,1,0
299,62,253,1,0,1
300,454,741,1,0,1
301,721,581,1,0,1
302,181,156,0,0,1
303,7,498,0,1,0
304,531,236,0,1,0
305,942,5,0,1,0
306,748,105,0,1,0
307,558,293,1,0,1
308,838,10,1,0,0
309,456,262,1,0,1
310,843,326,0,1,0
311,788,522,0,1,0
312,203,788,0,1,0
313,352,3,1,0,0
314,1,244,0,1,0
315,903,747,0,1,0
316,2,790,0,1,0
317,797,751,0,0,1
318,566,795,0,1,0
319,61,990,1,0,0
320,759,863,0,1,0
321,762,571,1,0,1
322,794,820,0,1,0
323,828,631,1,0,1
324,2,503,0,1,0
325,580,833,0,1,0
326,272,54,0,1,0
327,799,500,0,1,0
328,131,501,0,1,0
329,92,433,0,1,0
330,608,809,0,1,0
331,9,150,0,1,0
332,723,951,0,1,0
333,200,855,0,1,0
334,224,387,0,1,0
335,765,649,0,1,0
336,857,332,0,1,0
337,411,144,0,1,0
338,758,5,0,1,0
339,6,707,1,0,0
340,914,670,0,1,0
341,839,624,0,1,0
342,552,656,0,1,0
343,557,0,0,1,0
344,949,948,1,0,0
345,492,577,1,0,0
346,178,214,1,0,1
347,294,469,0,1,0
348,246,483,0,1,0
349,791,87,0,1,0
350,100,830,1,0,1
351,473,268,1,0,1
352,356,917,0,1,0
353,852,769,0,1,0
354,852,914,0,1,0
355,2,791,1,0,1
356,146,673,0,1,0
357,103,402,0,1,0
358,583,566,1,1,0
359,669,892,0,1,0
360,377,327,0,1,0
361,0,816,0,1,0
362,713,7,0,1,0
363,612,367,1,0,1
364,838,859,0,1,0
365,830,834,0,1,0
366,354,183,0,1,0
367,430,620,0,1,0
368,258,391,0,1,0
369,191,486,1,0,1
370,661,884,0,1,0
371,7,886,1,0,0
372,768,622,1,0,1
373,367,8,0,1,0
374,892,887,0,1,0
375,529,144,0,1,0
376,199,820,0,1,0
377,513,870,0,1,0
378,529,642,1,0,0
379,107,862,0,1,0
380,843,441,0,1,0
381,841,650,1,0,1
382,721,474,0,1,0
383,462,10,1,0,0
384,838,169,1,0,0
385,438,0,1,0,1
386,870,786,0,1,0
387,312,126,1,1,0
388,751,1,0,1,0
389,408,94,1,0,1
390,1,21,0,1,0
391,42,880,1,0,0
392,173,56,0,1,0
393,288,821,0,1,0
394,766,565,0,1,0
395,257,4,1,0,0
396,70,473,0,1,0
397,7,827,0,1,0
398,246,220,0,1,0
399,712,123,1,0,0
400,562,441,1,0,0
401,738,486,0,0,1
402,354,489,0,1,0
403,322,69,0,1,0
404,109,569,0,1,0
405,917,118,1,1,0
406,686,440,0,1,0
407,283,482,0,1,0
408,3,755,1,0,0
409,559,91,0,1,0
410,313,662,1,0,1
411,447,10,1,0,1
412,529,286,0,1,0
413,740,783,0,1,0
414,214,847,0,1,0
415,481,208,1,0,1
416,187,511,0,1,0
417,581,922,0,1,0
418,285,866,0,1,0
419,400,248,0,1,0
420,741,500,0,1,0
421,887,755,0,1,0
422,28,692,1,0,1
423,284,73,1,0,1
424,191,417,0,1,0
425,134,380,0,1,0
426,51,764,0,1,0
427,318,533,1,0,1
428,980,9,1,0,0
429,585,990,0,1,0
430,355,192,0,1,0
431,597,707,0,1,0
432,880,276,0,1,0
433,818,473,1,0,1
434,422,814,0,1,0
435,842,389,0,1,0
436,488,10,1,0,0
437,791,637,0,1,0
438,500,660,1,1,0
439,867,184,1,0,0
440,281,2,0,1,0
441,729,573,1,0,1
442,439,465,1,0,0
443,262,281,0,1,0
444,108,221,0,0,1
445,293,464,0,1,0
446,795,617,0,1,0
447,403,909,0,1,0
448,644,99,1,0,0
449,79,295,1,0,0
450,911,295,0,1,0
451,301,8,0,1,0
452,951,141,1,0,1
453,242,676,1,0,1
454,643,620,0,1,0
455,612,213,0,1,0
456,990,900,1,0,0
457,650,371,0,1,0
458,327,828,0,1,0
459,10,840,1,0,0
460,978,0,1,0,0
461,461,367,1,0,1
462,631,587,1,0,1
463,842,577,1,0,1
464,589,844,0,1,0
465,835,492,0,1,0
466,220,195,1,0,1
467,459,454,1,0,0
468,27,7,1,0,1
469,740,373,0,1,0
470,689,3,0,1,0
471,4,530,0,1,0
472,854,5,1,0,0
473,6,564,1,0,1
474,297,78,0,0,1
475,336,9,1,0,1
476,310,337,0,1,0
477,550,522,1,1,0
478,420,867,1,0,1
479,739,246,1,0,0
480,826,453,0,1,0
481,243,237,1,0,1
482,244,824,1,0,1
483,535,945,0,1,0
484,865,752,0,1,0
485,627,601,0,1,0
486,323,462,0,1,0
487,89,537,0,0,1
488,354,829,1,1,0
489,601,389,1,0,1
490,883,822,1,0,1
491,421,343,0,1,0
492,990,15,1,0,0
493,746,101,0,1,0
494,560,222,0,1,0
495,73,574,0,1,0
496,128,179,0,1,0
497,636,459,0,1,0
498,176,828,1,0,1
499,954,200,1,0,1
500,335,220,1,0,1
501,104,928,1,0,0
502,567,5,0,1,0
503,754,9,0,1,0
504,201,293,0,1,0
505,621,453,1,0,1
506,691,691,1,0,1
507,626,410,0,1,0
508,350,141,0,1,0
509,140,651,0,1,0
510,553,7,1,0,1
511,941,525,0,1,0
512,898,211,1,0,0
513,46,663,1,0,1
514,643,193,0,1,0
515,144,101,0,1,0
516,834,389,0,1,0
517,591,168,0,1,0
518,682,234,0,1,0
519,381,109,0,1,0
520,727,692,0,1,0
521,900,88,0,1,0
522,270,556,1,0,1
523,459,759,1,1,0
524,808,853,0,1,0
525,610,407,1,0,1
526,6,37,0,1,0
527,459,391,1,0,1
528,754,7,0,1,0
529,289,530,1,0,1
530,928,492,1,0,1
531,470,736,1,0,0
532,131,900,0,1,0
533,66,230,0,1,0
534,837,361,0,1,0
535,257,871,0,1,0
536,877,677,0,1,0
537,369,552,0,1,0
538,440,121,0,1,0
539,604,387,1,0,1
540,452,672,0,1,0
541,481,702,0,1,0
542,661,474,0,1,0
543,7,46,0,1,0
544,302,295,1,0,0
545,52,4,0,1,0
546,125,410,0,1,0
547,431,402,0,1,0
548,86,812,0,0,1
549,634,595,0,1,0
550,767,340,0,1,0
551,230,919,0,1,0
552,936,260,1,0,1
553,371,798,1,0,1
554,505,767,1,1,0
555,209,844,0,1,0
556,341,618,0,1,0
557,299,7,0,1,0
558,867,559,1,0,1
559,685,524,0,1,0
560,766,652,0,1,0
561,704,716,0,1,0
562,817,604,0,1,0
563,435,990,0,1,0
564,4,142,1,0,1
565,194,726,0,1,0
566,175,90,0,1,0
567,224,343,0,1,0
568,747,120,0,1,0
569,210,8,0,1,0
570,778,637,1,0,1
571,257,615,0,1,0
572,614,336,0,1,0
573,192,506,1,0,1
574,887,526,0,1,0
575,525,199,0,1,0
576,40,873,1,0,0
577,319,802,1,0,1
578,186,139,0,1,0
579,739,131,0,1,0
580,211,773,0,1,0
581,8,370,1,0,0
582,351,324,0,1,0
583,508,961,0,1,0
584,329,230,1,0,1
585,147,514,0,1,0
586,792,333,0,1,0
587,801,0,0,1,0
588,285,597,0,1,0
589,550,774,0,1,0
590,438,342,0,1,0
591,812,391,1,0,1
592,815,832,0,1,0
593,270,713,0,1,0
594,782,590,0,1,0
595,585,898,1,0,1
596,335,849,0,1,0
597,751,593,0,1,0
598,148,338,0,1,0
599,108,364,0,1,0
600,924,256,0,1,0
601,715,794,0,1,0
602,714,466,0,1,0
603,1,429,0,1,0
604,492,90,0,1,0
605,370,379,0,1,0
606,811,9,1,0,1
607,138,288,0,1,0
608,521,614,1,0,0
609,388,403,0,1,0
610,778,938,0,1,0
611,448,235,0,1,0
612,327,858,0,1,0
613,32,517,0,1,0
614,583,753,1,0,1
615,507,7,0,1,0
616,923,810,1,0,0
617,720,589,0,1,0
618,427,257,0,1,0
619,674,223,0,1,0
620,6,76,0,1,0
621,522,299,0,1,0
622,539,1,0,1,0
623,147,367,0,1,0
624,673,364,1,0,1
625,258,510,0,1,0
626,0,20,0,1,0
627,122,340,0,1,0
628,833,4,1,0,0
629,654,648,0,1,0
630,743,456,0,1,0
631,878,900,0,1,0
632,990,792,1,0,0
633,158,252,0,1,0
634,851,241,0,1,0
635,568,873,0,1,0
636,758,809,0,1,0
637,196,439,0,1,0
638,346,562,1,0,0
639,650,335,1,0,1
640,183,774,0,1,0
641,0,586,0,1,0
642,7,967,0,1,0
643,934,599,0,1,0
644,542,270,0,1,0
645,53,201,0,1,0
646,617,197,0,1,0
647,3,644,0,1,0
648,95,246,0,1,0
649,709,396,0,1,0
650,954,990,0,1,0
651,747,344,0,1,0
652,268,436,0,1,0
653,219,1,0,1,0
654,8,824,0,1,0
655,508,9,0,1,0
656,387,391,0,1,0
657,682,227,0,1,0
658,305,731,0,1,0
659,269,57,1,0,1
660,293,100,1,0,1
661,327,609,1,0,1
662,354,163,1,0,1
663,678,389,0,1,0
664,131,595,0,1,0
665,223,549,0,1,0
666,131,414,0,1,0
667,577,94,0,1,0
668,944,656,0,1,0
669,921,1,1,0,0
670,261,376,0,1,0
671,775,666,0,1,0
672,914,672,0,1,0
673,724,289,1,0,1
674,731,303,0,1,0
675,679,573,0,1,0
676,813,903,0,1,0
677,881,881,0,1,0
678,507,392,1,0,0
679,0,147,0,1,0
680,566,487,0,1,0
681,489,3,1,0,0
682,135,737,0,1,0
683,3,604,0,1,0
684,209,41,0,1,0
685,401,239,1,0,1
686,849,114,0,1,0
687,794,569,1,0,1
688,565,783,0,1,0
689,787,743,1,0,1
690,591,564,0,1,0
691,222,727,0,1,0
692,777,762,0,1,0
693,429,848,0,1,0
694,681,320,1,0,0
695,672,414,0,1,0
696,835,433,1,0,1
697,576,318,0,1,0
698,188,445,1,0,1
699,106,693,0,1,0
700,759,301,1,0,1
701,93,945,1,0,0
702,531,418,0,1,0
703,397,6,1,0,0
704,302,847,0,1,0
705,8,645,0,1,0
706,550,8,1,0,1
707,508,717,0,1,0
708,864,288,0,1,0
709,536,10,0,1,0
710,668,162,0,1,0
711,383,592,0,1,0
712,1,579,0,1,0
713,878,810,0,1,0
714,890,429,0,1,0
715,582,5,0,1,0
716,95,867,0,1,0
717,762,731,1,0,1
718,415,375,1,0,1
719,639,901,0,1,0
720,430,398,0,1,0
721,856,76,0,1,0
722,976,135,0,1,0
723,915,881,0,1,0
724,122,856,0,1,0
725,589,171,0,1,0
726,326,500,0,1,0
727,4,951,1,0,0
728,501,873,0,0,1
729,8,523,0,1,0
730,229,245,0,1,0
731,143,717,0,1,0
732,520,779,1,0,1
733,434,163,1,0,1
734,3,268,0,1,0
735,169,575,0,1,0
736,568,493,0,1,0
737,199,3,1,0,0
738,55,839,0,1,0
739,137,681,0,1,0
740,107,110,0,1,0
741,937,5,0,1,0
742,692,797,0,1,0
743,353,640,0,1,0
744,819,614,0,1,0
745,451,854,1,0,1
746,157,286,1,0,1
747,1,520,1,0,1
748,506,670,0,1,0
749,958,120,0,1,0
750,990,874,1,0,0
751,912,93,0,1,0
752,300,519,1,0,1
753,6,945,1,0,0
754,495,238,0,1,0
755,557,555,0,1,0
756,806,508,0,1,0
757,829,808,0,1,0
758,498,791,0,1,0
759,9,160,1,0,1
760,535,168,0,1,0
761,556,963,0,1,0
762,606,522,0,1,0
763,794,490,0,1,0
764,334,6,0,1,0
765,384,725,1,0,1
766,754,456,0,1,0
767,242,739,1,0,1
768,946,9,0,1,0
769,351,10,1,0,0
770,444,193,1,0,1
771,317,454,0,1,0
772,846,662,0,1,0
773,905,637,0,1,0
774,859,568,0,1,0
775,572,686,0,1,0
776,819,398,1,0,1
777,118,69,0,1,0
778,862,675,0,1,0
779,118,7,0,1,0
780,260,796,0,1,0
781,654,568,0,1,0
782,359,154,0,1,0
783,158,230,1,0,1
784,228,0,1,0,1
785,716,123,1,0,1
786,817,153,1,0,1
787,640,878,0,1,0
788,10,911,1,0,0
789,108,890,1,0,0
790,524,117,0,1,0
791,184,628,0,1,0
792,0,983,1,0,0
793,9,688,0,1,0
794,234,587,0,1,0
795,906,714,1,0,1
796,416,723,1,1,0
797,974,189,0,1,0
798,945,505,0,1,0
799,892,478,0,1,0
800,481,450,1,0,0
801,245,170,0,1,0
802,366,279,0,1,0
803,274,122,0,1,0
804,501,9,0,1,0
805,810,263,1,0,0
806,870,412,0,1,0
807,414,117,1,0,1
808,856,597,0,1,0
809,2,242,0,1,0
810,861,623,0,1,0
811,659,454,0,1,0
812,907,655,0,1,0
813,137,642,1,0,1
814,823,10,0,1,0
815,529,385,0,1,0
816,540,161,0,1,0
817,361,886,0,1,0
818,732,498,1,0,1
819,788,923,0,1,0
820,177,717,0,1,0
821,515,89,0,1,0
822,254,653,0,1,0
823,990,839,0,1,0
824,19,644,1,0,0
825,518,789,0,1,0
826,399,4,1,0,0
827,697,903,0,1,0
828,608,925,0,1,0
829,769,466,0,1,0
830,607,669,0,1,0
831,607,594,0,1,0
832,230,425,0,1,0
833,161,9,0,1,0
834,10,194,1,1,0
835,785,564,0,1,0
836,437,325,1,0,1
837,878,789,0,1,0
838,4,381,1,0,1
839,963,3,0,1,0
840,246,552,0,1,0
841,417,678,0,1,0
842,286,7,0,1,0
843,559,593,1,0,0
844,132,380,1,0,1
845,666,139,0,1,0
846,433,253,0,1,0
847,231,616,0,1,0
848,870,812,0,1,0
849,990,856,0,1,0
850,593,8,0,1,0
851,398,584,0,1,0
852,319,782,1,0,1
853,204,636,0,1,0
854,445,226,0,1,0
855,205,400,0,1,0
856,439,892,0,1,0
857,294,733,1,0,0
858,412,424,0,0,1
859,894,166,0,1,0
860,401,874,0,1,0
861,765,947,0,1,0
862,9,280,0,1,0
863,759,30,1,0,0
864,220,391,0,1,0
865,229,547,1,0,1
866,97,255,0,1,0
867,31,197,0,1,0
868,656,744,0,1,0
869,676,433,0,1,0
870,667,802,1,0,1
871,357,697,0,1,0
872,2,208,0,1,0
873,882,512,0,1,0
874,640,379,0,1,0
875,904,946,0,1,0
876,964,685,0,1,0
877,230,283,0,1,0
878,912,528,0,1,0
879,622,713,1,0,1
880,331,953,0,1,0
881,492,537,1,0,0
882,6,31,1,0,1
883,852,286,0,1,0
884,1,672,0,1,0
885,543,833,0,1,0
886,514,104,0,1,0
887,349,725,0,1,0
888,594,229,0,1,0
889,174,10,1,0,1
890,607,673,0,1,0
891,441,306,0,1,0
892,974,674,1,0,1
893,3,851,1,0,0
894,516,990,0,1,0
895,93,7,1,0,0
896,897,254,0,1,0
897,779,215,1,0,0
898,311,228,0,1,0
899,77,968,1,0,0
900,436,411,1,0,1
901,587,7,0,1,0
902,284,754,1,0,1
903,647,703,0,1,0
904,974,722,0,1,0
905,626,535,0,1,0
906,2,112,1,0,0
907,263,766,1,0,1
908,240,559,0,1,0
909,72,990,1,0,0
910,990,389,1,0,1
911,208,263,0,1,0
912,594,691,0,1,0
913,585,737,0,1,0
914,577,239,0,1,0
915,603,341,0,1,0
916,759,0,0,1,0
917,355,894,1,0,1
918,8,403,1,0,0
919,553,426,0,1,0
920,587,713,0,1,0
921,316,804,1,0,1
922,630,771,0,1,0
923,646,480,1,0,1
924,508,146,0,1,0
925,436,852,0,1,0
926,7,660,0,1,0
927,217,10,0,1,0
928,733,525,0,1,0
929,823,500,1,0,1
930,418,10,1,0,0
931,899,622,0,1,0
932,181,53,0,1,0
933,512,580,1,1,0
934,950,927,0,1,0
935,190,131,1,0,1
936,778,0,0,1,0
937,638,265,0,1,0
938,423,475,1,0,0
939,370,535,0,1,0
940,373,972,0,1,0
941,141,297,0,1,0
942,707,178,1,0,1
943,746,203,0,1,0
944,973,31,0,1,0
945,212,404,1,0,1
946,526,884,0,1,0
947,659,845,0,1,0
948,5,908,1,0,0
949,6,458,0,1,0
950,376,596,1,0,1
951,216,652,0,1,0
952,428,6,0,1,0
953,509,707,1,0,1
954,593,543,0,1,0
955,180,4,0,1,0
956,340,176,0,1,0
957,362,236,1,0,1
958,422,235,0,1,0
959,785,679,0,1,0
960,595,925,0,1,0
961,188,622,0,1,0
962,731,990,1,0,1
963,258,352,0,1,0
964,61,9,1,1,0
965,382,128,0,1,0
966,512,269,1,0,1
967,4,793,0,1,0
968,303,290,0,0,1
969,63,10,0,1,0
970,1,673,0,1,0
971,500,640,1,0,0
972,549,169,0,1,0
973,799,770,0,1,0
974,6,719,1,0,0
975,373,422,0,1,0
976,838,722,1,0,1
977,311,603,0,1,0
978,443,182,0,1,0
979,255,788,0,1,0
980,711,403,0,1,0
981,594,896,0,1,0
982,475,249,0,1,0
983,433,489,1,0,0
984,191,450,0,1,0
985,426,321,0,1,0
986,590,5,0,1,0
987,721,2,1,0,1
988,526,278,0,1,0
989,89,650,0,1,0
990,107,582,1,0,1
991,716,137,0,1,0
992,253,59,0,1,0
993,6,24,0,1,0
994,136,154,0,1,0
995,716,887,0,1,0
996,689,641,0,1,0
997,27,72,1,0,1
998,682,635,0,1,0
999,699,543,0,1,0
