Index,x,y,alive,infected,immune
0,781,296,0,1,0
1,27,671,1,0,1
2,969,210,0,0,1
3,510,840,1,0,1
4,886,773,0,1,0
5,447,123,0,1,0
6,462,72,0,1,0
7,0,559,0,1,0
8,293,778,1,0,1
9,869,589,0,1,0
10,417,140,0,1,0
11,624,141,0,1,0
12,503,975,0,1,0
13,71,314,0,1,0
14,862,277,0,1,0
15,69,760,0,1,0
16,494,292,1,0,1
17,772,679,0,1,0
18,976,191,0,1,0
19,602,828,0,1,0
20,937,583,0,1,0
21,313,370,0,1,0
22,427,823,0,1,0
23,238,91,1,0,1
24,219,408,0,1,0
25,8,153,0,1,0
26,795,5,0,1,0
27,695,436,0,1,0
28,81,121,0,1,0
29,473,877,0,1,0
30,708,723,0,1,0
31,561,4,0,1,0
32,769,902,1,0,1
33,964,296,1,0,1
34,264,854,0,1,0
35,281,9,0,1,0
36,629,3,1,0,1
37,914,692,0,1,0
38,5,585,0,1,0
39,412,767,0,1,0
40,170,41,0,1,0
41,646,544,1,0,1
42,479,173,1,0,1
43,112,418,0,1,0
44,462,293,0,1,0
45,219,101,0,1,0
46,546,902,1,0,1
47,786,598,0,1,0
48,728,334,0,1,0
49,441,149,0,1,0
50,488,911,0,1,0
51,850,691,0,1,0
52,97,397,0,1,0
53,152,355,0,1,0
54,306,805,0,1,0
55,569,287,0,0,1
56,684,163,0,1,0
57,524,265,0,1,0
58,183,379,0,1,0
59,990,407,0,1,0
60,224,602,0,1,0
61,594,9,0,1,0
62,374,974,0,1,0
63,155,426,0,1,0
64,5,962,0,1,0
65,7,349,1,0,1
66,46,804,0,1,0
67,803,820,0,1,0
68,624,756,0,1,0
69,721,919,0,1,0
70,579,836,0,1,0
71,747,10,0,1,0
72,557,770,0,1,0
73,607,764,0,1,0
74,335,1,0,1,0
75,990,163,1,0,1
76,130,355,0,1,0
77,415,249,1,0,1
78,378,755,1,0,1
79,933,92,0,1,0
80,115,514,0,1,0
81,770,840,0,1,0
82,113,118,0,1,0
83,267,923,0,1,0
84,360,558,0,1,0
85,220,337,0,1,0
86,377,668,1,0,1
87,832,611,0,1,0
88,542,158,0,1,0
89,646,911,0,1,0
90,273,219,0,1,0
91,241,496,0,1,0
92,264,493,0,1,0
93,509,923,0,1,0
94,668,415,0,1,0
95,215,918,0,1,0
96,764,938,0,1,0
97,556,538,0,1,0
98,135,37,0,1,0
99,668,174,0,1,0
100,218,267,0,1,0
101,722,366,1,1,0
102,678,892,1,0,1
103,8,33,0,0,1
104,667,479,1,0,1
105,580,594,1,0,0
106,859,245,1,1,0
107,601,207,0,1,0
108,879,405,0,1,0
109,803,599,0,0,1
110,351,874,1,1,0
111,0,776,0,1,0
112,753,455,0,1,0
113,849,360,0,1,0
114,576,326,0,1,0
115,916,533,0,1,0
116,87,980,1,0,0
117,717,850,0,1,0
118,413,2,1,0,0
119,199,743,1,0,0
120,695,512,1,0,1
121,870,519,0,1,0
122,6,481,1,0,0
123,677,93,1,0,0
124,279,392,0,1,0
125,816,623,1,0,1
126,808,0,0,1,0
127,677,765,0,1,0
128,221,759,1,0,1
129,531,8,0,1,0
130,456,854,0,1,0
131,2,180,1,0,0
132,909,275,0,1,0
133,7,274,0,1,0
134,655,605,0,1,0
135,309,432,0,1,0
136,197,212,0,1,0
137,584,560,1,0,0
138,599,706,1,0,1
139,614,155,1,0,1
140,9,421,0,1,0
141,635,663,1,0,1
142,552,417,1,1,0
143,775,145,0,1,0
144,385,618,0,1,0
145,182,65,0,1,0
146,515,560,1,0,0
147,462,672,1,0,0
148,761,321,0,1,0
149,290,192,0,1,0
150,98,187,1,0,1
151,655,412,0,1,0
152,371,430,1,0,1
153,314,363,0,1,0
154,8,901,1,0,0
155,81,123,0,1,0
156,593,572,1,0,0
157,221,291,0,1,0
158,415,707,1,0,0
159,868,603,0,1,0
160,802,728,0,1,0
161,158,576,0,1,0
162,802,796,0,1,0
163,651,189,0,1,0
164,54,543,0,1,0
165,531,864,0,1,0
166,854,328,0,1,0
167,237,211,0,1,0
168,238,3,0,1,0
169,878,985,1,0,0
170,530,672,1,1,0
171,951,524,0,1,0
172,128,252,1,0,0
173,9,926,1,0,0
174,111,901,1,1,0
175,50,80,1,0,0
176,606,385,0,1,0
177,402,423,0,1,0
178,417,640,0,1,0
179,709,1,0,1,0
180,504,75,0,1,0
181,974,593,0,1,0
182,441,888,0,1,0
183,746,262,1,0,0
184,313,319,1,0,0
185,533,32,1,0,0
186,856,332,1,0,1
187,691,471,0,1,0
188,394,990,1,1,0
189,839,83,1,0,0
190,948,530,0,1,0
191,950,7,0,1,0
192,918,224,0,1,0
193,452,215,0,1,0
194,4,537,0,1,0
195,518,328,0,1,0
196,8,676,1,0,1
197,959,980,1,0,0
198,772,926,0,1,0
199,836,580,0,1,0
200,521,606,1,0,0
201,178,800,1,0,0
202,232,857,0,1,0
203,947,7,0,1,0
204,37,728,1,0,0
205,661,934,0,1,0
206,194,307,1,1,0
207,771,304,0,1,0
208,269,627,0,1,0
209,797,55,1,0,1
210,233,990,1,0,0
211,729,769,0,1,0
212,83,601,0,1,0
213,588,787,0,1,0
214,990,506,1,0,0
215,529,714,1,0,0
216,317,75,0,1,0
217,363,256,0,1,0
218,618,421,0,1,0
219,309,10,1,0,1
220,1,785,0,0,1
221,726,155,0,1,0
222,5,550,0,1,0
223,383,148,0,1,0
224,257,475,0,1,0
225,665,659,0,1,0
226,322,547,1,1,0
227,498,674,1,0,0
228,951,710,0,1,0
229,432,334,1,0,0
230,276,157,0,1,0
231,963,172,1,0,0
232,820,140,1,0,0
233,219,767,0,1,0
234,440,636,0,1,0
235,659,502,0,1,0
236,341,881,0,1,0
237,308,0,0,1,0
238,534,392,1,0,0
239,229,880,0,1,0
240,273,101,0,0,1
241,261,910,0,1,0
242,327,263,0,1,0
243,215,352,1,0,1
244,235,854,0,1,0
245,841,613,1,0,1
246,751,171,1,0,1
247,561,874,0,1,0
248,321,5,0,1,0
249,684,799,0,1,0
250,875,574,0,1,0
251,888,644,1,0,1
252,714,651,0,1,0
253,661,36,1,0,0
254,172,254,1,0,0
255,101,471,0,1,0
256,658,396,1,1,0
257,724,608,0,1,0
258,569,605,1,0,0
259,793,820,1,0,1
260,834,473,0,1,0
261,536,550,1,0,0
262,0,515,0,1,0
263,890,632,0,1,0
264,101,591,0,1,0
265,162,396,0,1,0
266,95,941,1,0,0
267,245,62,0,0,1
268,729,141,0,1,0
269,892,4,1,0,0
270,862,678,1,0,1
271,750,274,1,0,0
272,869,957,1,0,1
273,501,665,1,0,0
274,117,416,1,0,1
275,139,979,0,1,0
276,504,121,0,0,1
277,660,591,1,1,0
278,525,488,1,0,0
279,384,5,1,0,0
280,278,262,0,1,0
281,178,693,0,1,0
282,469,635,1,0,0
283,990,904,1,0,0
284,820,738,0,1,0
285,821,6,0,1,0
286,880,961,1,0,1
287,7,39,0,1,0
288,1,695,0,1,0
289,108,754,1,1,0
290,544,397,0,1,0
291,830,131,1,0,1
292,68,854,1,0,0
293,6,244,0,1,0
294,51,840,1,1,0
295,220,673,0,1,0
296,267,733,1,1,0
297,332,145,0,1,0
298,682,723,0,1,0
299,113,269,1,0,1
300,458,712,1,0,1
301,700,560,1,0,1
302,119,158,0,0,1
303,0,498,0,1,0
304,546,287,0,1,0
305,942,3,1,1,0
306,722,136,0,1,0
307,605,287,1,0,1
308,838,10,1,0,0
309,446,292,1,0,1
310,855,325,0,1,0
311,759,479,0,1,0
312,224,765,0,1,0
313,352,8,1,0,0
314,7,244,0,1,0
315,857,752,0,1,0
316,3,790,0,1,0
317,759,765,0,0,1
318,596,757,0,1,0
319,61,990,1,0,0
320,713,855,0,1,0
321,801,603,1,0,1
322,789,761,0,1,0
323,820,641,1,0,1
324,1,503,0,1,0
325,567,862,0,1,0
326,344,67,0,1,0
327,808,507,0,1,0
328,131,469,0,1,0
329,108,451,0,1,0
330,618,767,0,1,0
331,2,150,0,1,0
332,703,924,0,1,0
333,187,909,0,1,0
334,233,413,0,1,0
335,805,673,0,1,0
336,835,308,0,1,0
337,387,89,0,1,0
338,758,1,0,1,0
339,7,707,1,0,0
340,929,648,0,1,0
341,818,677,0,1,0
342,484,659,1,0,0
343,557,9,0,1,0
344,960,965,1,0,0
345,449,574,1,0,0
346,186,260,1,0,1
347,324,461,0,1,0
348,331,448,0,1,0
349,776,140,1,1,0
350,83,825,1,0,1
351,493,272,1,0,1
352,350,879,0,1,0
353,818,817,0,1,0
354,904,941,0,1,0
355,2,791,1,0,1
356,104,704,0,1,0
357,111,424,0,1,0
358,555,600,1,0,0
359,617,933,0,1,0
360,370,346,0,1,0
361,4,816,0,1,0
362,713,3,0,1,0
363,627,317,1,0,1
364,896,886,0,1,0
365,837,846,0,1,0
366,359,195,0,1,0
367,423,615,0,1,0
368,215,407,0,1,0
369,169,438,1,0,1
370,648,868,0,1,0
371,4,886,1,0,0
372,748,607,1,0,1
373,371,968,0,1,0
374,872,921,0,1,0
375,509,148,0,1,0
376,212,802,0,1,0
377,505,856,0,1,0
378,500,646,1,0,0
379,119,779,1,0,0
380,820,398,0,1,0
381,832,663,1,0,1
382,720,413,0,1,0
383,462,10,1,0,0
384,819,158,1,0,0
385,438,8,1,0,1
386,888,758,0,1,0
387,316,114,1,0,0
388,751,7,0,1,0
389,374,148,1,0,1
390,2,21,0,1,0
391,91,913,1,0,0
392,201,80,0,1,0
393,282,823,0,1,0
394,746,553,0,1,0
395,257,9,1,0,0
396,82,514,0,1,0
397,9,827,0,1,0
398,226,144,0,1,0
399,669,105,1,0,0
400,541,441,1,0,0
401,724,536,0,0,1
402,360,498,0,1,0
403,307,97,0,1,0
404,175,567,0,1,0
405,903,147,1,0,0
406,762,473,0,1,0
407,313,500,0,1,0
408,9,755,1,0,0
409,589,86,0,1,0
410,299,654,1,0,1
411,447,10,1,0,1
412,516,300,1,1,0
413,737,783,0,1,0
414,235,822,0,1,0
415,495,231,1,0,1
416,143,522,0,1,0
417,540,878,0,1,0
418,286,848,0,1,0
419,401,269,0,1,0
420,726,539,0,1,0
421,880,749,0,1,0
422,63,721,1,0,1
423,308,69,1,0,1
424,148,337,0,1,0
425,151,383,0,1,0
426,51,801,0,1,0
427,344,554,1,0,1
428,980,6,1,0,0
429,550,957,0,1,0
430,349,136,0,1,0
431,572,715,0,1,0
432,896,296,0,1,0
433,834,484,1,0,1
434,389,808,1,0,0
435,811,390,0,1,0
436,488,10,1,0,0
437,804,627,0,1,0
438,503,615,1,0,0
439,876,183,1,0,0
440,308,73,0,1,0
441,752,567,1,0,1
442,442,489,1,0,0
443,224,264,0,1,0
444,122,198,0,0,1
445,274,446,0,1,0
446,805,709,0,1,0
447,420,935,0,1,0
448,683,80,1,0,0
449,106,256,1,0,0
450,893,309,0,1,0
451,301,1,0,1,0
452,962,121,1,0,1
453,197,680,1,0,0
454,621,663,1,1,0
455,603,259,0,1,0
456,990,900,1,0,0
457,641,390,0,1,0
458,342,785,0,1,0
459,10,840,1,0,0
460,978,5,1,0,0
461,426,416,1,1,0
462,601,553,1,0,1
463,840,518,1,1,0
464,538,825,0,1,0
465,838,520,0,1,0
466,281,155,1,1,0
467,453,411,1,0,0
468,27,3,1,0,1
469,720,403,0,1,0
470,689,4,0,1,0
471,3,530,0,1,0
472,854,0,1,0,0
473,3,564,1,0,1
474,257,88,0,0,1
475,336,3,1,0,1
476,357,365,0,1,0
477,483,480,1,0,0
478,390,870,1,0,1
479,796,223,1,0,0
480,832,437,0,1,0
481,275,235,1,0,1
482,253,812,1,0,1
483,548,907,0,1,0
484,912,756,0,1,0
485,634,608,0,1,0
486,332,474,0,1,0
487,128,587,0,0,1
488,359,803,1,0,0
489,601,375,1,0,1
490,886,822,1,0,1
491,363,326,0,1,0
492,990,15,1,0,0
493,776,108,0,1,0
494,562,253,0,1,0
495,112,563,0,1,0
496,156,137,0,1,0
497,606,444,0,1,0
498,126,753,1,1,0
499,916,250,1,0,1
500,319,226,1,0,1
501,116,943,1,0,0
502,567,1,0,1,0
503,754,1,0,1,0
504,244,350,0,1,0
505,643,459,1,0,1
506,728,713,1,0,1
507,604,361,0,1,0
508,345,94,0,1,0
509,94,648,0,1,0
510,553,5,1,0,1
511,872,543,0,1,0
512,890,186,1,0,0
513,80,672,1,0,1
514,647,176,0,1,0
515,102,107,0,1,0
516,818,367,0,1,0
517,612,153,0,1,0
518,643,244,0,1,0
519,400,84,0,1,0
520,726,659,0,1,0
521,912,92,0,1,0
522,305,587,1,0,1
523,473,714,1,0,0
524,808,857,0,1,0
525,609,420,1,1,0
526,6,37,0,1,0
527,425,410,1,1,0
528,754,1,0,1,0
529,318,560,1,0,1
530,906,545,1,0,1
531,479,709,1,0,0
532,111,900,0,1,0
533,71,211,0,1,0
534,835,428,0,1,0
535,221,876,0,1,0
536,869,669,0,1,0
537,370,545,0,1,0
538,421,159,0,1,0
539,576,376,1,0,1
540,519,708,0,1,0
541,533,694,1,1,0
542,678,474,0,1,0
543,5,46,0,1,0
544,318,308,1,0,0
545,52,6,1,0,0
546,121,425,0,1,0
547,425,421,1,1,0
548,68,741,1,0,0
549,610,555,0,1,0
550,760,378,0,1,0
551,258,950,1,0,0
552,893,307,1,0,1
553,384,849,1,1,0
554,517,759,1,0,0
555,155,879,0,1,0
556,336,571,0,1,0
557,299,7,0,1,0
558,848,567,1,0,1
559,731,536,0,1,0
560,764,645,0,1,0
561,703,750,0,1,0
562,874,610,0,1,0
563,435,990,0,1,0
564,7,142,1,0,1
565,195,726,1,0,0
566,182,97,0,1,0
567,247,352,1,1,0
568,757,90,0,1,0
569,165,960,0,1,0
570,818,621,1,0,1
571,294,624,1,1,0
572,552,297,0,1,0
573,228,541,1,0,1
574,886,481,0,1,0
575,486,194,0,1,0
576,54,893,1,0,0
577,323,843,1,0,1
578,159,177,0,1,0
579,756,138,0,1,0
580,223,794,1,0,0
581,2,370,1,0,0
582,362,314,0,1,0
583,508,933,0,1,0
584,294,210,1,0,1
585,132,550,0,1,0
586,781,339,0,1,0
587,801,8,0,1,0
588,252,562,0,1,0
589,543,784,0,1,0
590,451,323,0,1,0
591,829,359,1,0,1
592,836,862,0,1,0
593,280,694,0,1,0
594,748,582,0,1,0
595,546,902,1,0,1
596,316,819,0,1,0
597,743,569,0,1,0
598,136,322,0,1,0
599,102,381,0,1,0
600,931,258,0,1,0
601,721,766,0,1,0
602,758,476,0,1,0
603,7,429,0,1,0
604,523,67,0,1,0
605,376,400,0,1,0
606,811,5,1,0,1
607,146,326,0,1,0
608,556,651,1,0,0
609,323,371,0,1,0
610,759,936,0,1,0
611,430,269,0,1,0
612,318,878,0,1,0
613,69,533,0,1,0
614,628,749,1,0,1
615,507,4,0,1,0
616,939,803,1,0,0
617,731,613,0,1,0
618,468,219,0,1,0
619,661,219,0,1,0
620,1,76,0,1,0
621,531,313,0,1,0
622,539,6,0,1,0
623,141,334,0,1,0
624,701,372,1,0,1
625,259,493,1,1,0
626,9,20,0,1,0
627,185,335,0,1,0
628,833,5,1,0,0
629,641,648,0,1,0
630,757,489,0,1,0
631,909,948,1,1,0
632,990,792,1,0,0
633,198,283,0,1,0
634,856,297,0,1,0
635,507,874,0,1,0
636,794,848,0,1,0
637,150,484,0,1,0
638,374,539,1,0,0
639,643,363,1,0,1
640,138,730,1,1,0
641,4,586,0,1,0
642,2,967,0,1,0
643,935,572,0,1,0
644,463,259,0,1,0
645,89,191,0,1,0
646,593,224,0,1,0
647,4,644,0,1,0
648,62,302,0,1,0
649,727,408,0,1,0
650,954,990,1,1,0
651,801,322,0,1,0
652,252,418,0,1,0
653,219,3,1,0,0
654,4,824,0,1,0
655,508,7,0,1,0
656,400,406,0,1,0
657,628,219,0,1,0
658,286,704,0,1,0
659,258,54,1,0,1
660,277,123,1,0,1
661,335,602,1,0,1
662,334,85,1,1,0
663,706,427,0,1,0
664,114,633,0,1,0
665,229,524,0,1,0
666,119,421,0,1,0
667,565,133,0,1,0
668,921,647,0,1,0
669,921,2,1,0,0
670,214,377,0,1,0
671,817,694,0,1,0
672,889,663,0,1,0
673,802,306,1,0,1
674,685,309,0,1,0
675,625,577,1,0,0
676,829,864,1,1,0
677,863,920,0,1,0
678,467,387,1,0,0
679,6,147,0,1,0
680,551,494,1,0,0
681,489,1,1,0,0
682,190,729,1,0,0
683,16,601,0,1,0
684,178,73,0,1,0
685,397,165,1,0,1
686,889,123,0,1,0
687,807,534,1,0,1
688,570,782,0,1,0
689,821,717,1,0,1
690,621,577,1,0,0
691,288,751,0,1,0
692,844,748,0,1,0
693,484,881,0,1,0
694,719,265,1,0,0
695,649,397,0,1,0
696,767,392,1,0,1
697,554,342,0,1,0
698,191,444,1,0,1
699,161,693,1,1,0
700,786,319,1,0,1
701,97,927,1,0,0
702,509,414,0,1,0
703,397,1,1,0,0
704,284,837,0,1,0
705,6,645,0,1,0
706,582,948,1,0,1
707,502,686,1,0,0
708,871,243,0,1,0
709,536,10,0,1,0
710,699,182,0,1,0
711,429,589,1,0,0
712,8,579,0,1,0
713,902,829,0,1,0
714,868,426,0,1,0
715,582,1,0,1,0
716,54,846,1,1,0
717,773,713,1,0,1
718,398,391,1,0,1
719,640,894,0,1,0
720,386,417,0,1,0
721,817,88,1,0,0
722,970,156,1,0,0
723,900,909,0,1,0
724,108,845,0,1,0
725,546,204,0,1,0
726,327,485,0,1,0
727,5,951,1,0,0
728,492,818,0,0,1
729,0,523,0,1,0
730,207,208,1,1,0
731,158,713,0,1,0
732,522,823,1,0,1
733,430,141,1,0,1
734,5,268,0,1,0
735,189,583,0,1,0
736,517,465,1,0,0
737,199,8,1,0,0
738,69,828,1,0,0
739,129,715,0,1,0
740,83,136,0,1,0
741,937,2,1,1,0
742,715,816,0,1,0
743,361,619,0,1,0
744,853,608,0,1,0
745,471,850,1,0,1
746,164,325,1,0,1
747,0,520,1,0,1
748,501,671,1,0,0
749,922,140,1,0,0
750,990,874,1,0,0
751,938,73,0,1,0
752,311,475,1,0,1
753,0,945,1,0,0
754,530,239,0,1,0
755,478,517,1,0,0
756,868,504,0,1,0
757,903,813,0,1,0
758,503,790,0,1,0
759,1,160,1,0,1
760,620,210,0,1,0
761,549,952,0,1,0
762,659,522,0,1,0
763,819,497,0,1,0
764,334,7,0,1,0
765,388,751,1,0,1
766,711,467,0,1,0
767,252,759,1,1,0
768,946,3,0,1,0
769,351,10,1,0,0
770,378,140,1,0,1
771,328,474,0,1,0
772,854,681,0,1,0
773,883,608,0,1,0
774,854,536,0,1,0
775,587,715,0,1,0
776,852,349,1,0,1
777,159,104,0,1,0
778,914,639,0,1,0
779,118,1,1,0,0
780,225,824,0,1,0
781,643,576,0,1,0
782,396,109,0,1,0
783,181,240,1,0,1
784,228,9,1,0,1
785,753,79,1,0,1
786,897,128,1,1,0
787,584,867,0,1,0
788,10,911,1,0,0
789,79,916,1,0,0
790,543,116,0,1,0
791,192,648,0,1,0
792,0,983,1,0,0
793,3,688,0,1,0
794,233,579,0,1,0
795,924,715,1,0,1
796,423,691,1,0,0
797,946,246,0,1,0
798,898,534,0,1,0
799,860,497,0,1,0
800,477,507,1,0,0
801,273,168,1,1,0
802,411,300,0,1,0
803,272,175,0,1,0
804,501,6,0,1,0
805,777,222,1,0,0
806,889,407,0,1,0
807,399,106,1,0,1
808,821,635,0,1,0
809,0,242,0,1,0
810,838,697,0,1,0
811,680,413,0,1,0
812,867,637,0,1,0
813,176,635,1,0,1
814,823,10,0,1,0
815,506,346,0,1,0
816,527,156,0,1,0
817,385,851,1,1,0
818,693,565,1,0,1
819,795,916,0,1,0
820,144,682,0,1,0
821,541,113,0,1,0
822,256,655,0,1,0
823,990,839,0,1,0
824,39,718,1,0,0
825,543,791,0,1,0
826,399,3,1,0,0
827,636,885,0,1,0
828,615,956,0,1,0
829,717,491,0,1,0
830,613,677,0,1,0
831,592,587,1,0,0
832,243,437,0,1,0
833,161,7,0,1,0
834,10,194,1,0,0
835,777,511,0,1,0
836,444,301,1,0,1
837,928,763,1,0,0
838,51,413,1,0,1
839,961,973,1,0,0
840,221,565,0,1,0
841,380,707,1,0,0
842,274,986,0,1,0
843,568,598,1,0,0
844,134,348,1,0,1
845,694,169,0,1,0
846,441,252,0,1,0
847,206,654,1,1,0
848,899,816,0,1,0
849,986,831,0,1,0
850,593,5,0,1,0
851,424,611,1,1,0
852,301,800,1,0,1
853,163,687,0,1,0
854,483,171,0,1,0
855,194,414,0,1,0
856,419,876,0,1,0
857,314,767,1,0,0
858,389,421,1,1,0
859,927,125,0,1,0
860,396,878,0,1,0
861,791,932,0,1,0
862,2,280,0,1,0
863,769,45,1,0,0
864,181,330,0,1,0
865,278,560,1,0,1
866,85,222,0,1,0
867,84,197,0,1,0
868,679,689,0,1,0
869,654,422,0,1,0
870,681,844,1,0,1
871,361,714,0,1,0
872,62,218,1,1,0
873,911,516,0,1,0
874,674,369,0,1,0
875,896,928,0,1,0
876,944,737,0,1,0
877,236,278,0,1,0
878,929,556,0,1,0
879,591,754,1,1,0
880,351,953,0,1,0
881,475,507,1,0,0
882,5,31,1,0,1
883,859,310,0,1,0
884,1,672,0,1,0
885,568,887,0,1,0
886,478,157,0,1,0
887,351,711,0,1,0
888,572,224,0,1,0
889,153,38,1,0,1
890,595,700,0,1,0
891,496,285,0,1,0
892,949,674,1,0,1
893,26,854,1,0,0
894,527,979,1,1,0
895,93,2,1,0,0
896,859,302,0,1,0
897,753,211,1,0,0
898,307,230,0,1,0
899,90,968,1,0,0
900,498,344,1,1,0
901,587,8,0,1,0
902,264,752,1,0,1
903,628,661,0,1,0
904,959,695,0,1,0
905,647,497,0,1,0
906,7,112,1,0,0
907,245,772,1,0,1
908,194,606,0,1,0
909,79,933,1,0,0
910,990,389,1,0,1
911,194,272,0,1,0
912,592,666,0,1,0
913,610,718,0,1,0
914,567,218,0,1,0
915,636,386,0,1,0
916,805,964,0,1,0
917,398,880,1,0,1
918,0,403,1,0,0
919,544,364,1,1,0
920,597,632,1,0,0
921,311,832,1,0,1
922,627,801,0,1,0
923,661,450,1,0,1
924,584,134,0,1,0
925,424,850,0,1,0
926,984,664,0,1,0
927,217,10,1,0,0
928,678,522,0,1,0
929,860,501,1,0,1
930,418,10,1,0,0
931,935,645,0,1,0
932,161,78,0,1,0
933,492,555,1,0,0
934,934,976,0,1,0
935,146,77,1,0,1
936,778,1,0,1,0
937,663,303,1,1,0
938,445,465,1,0,0
939,384,515,1,0,0
940,380,905,0,1,0
941,97,299,0,1,0
942,716,209,1,0,1
943,716,164,0,1,0
944,895,22,1,0,0
945,166,391,1,0,1
946,492,871,0,1,0
947,642,831,0,1,0
948,3,908,1,0,0
949,945,499,0,1,0
950,377,576,1,0,1
951,234,603,0,1,0
952,428,6,0,1,0
953,499,656,1,0,0
954,604,517,0,1,0
955,180,5,0,1,0
956,345,212,0,1,0
957,401,225,1,0,0
958,403,284,0,1,0
959,792,662,0,1,0
960,614,970,0,1,0
961,233,652,0,1,0
962,731,990,1,0,1
963,268,354,0,1,0
964,61,9,1,0,0
965,335,138,0,1,0
966,511,269,1,0,1
967,9,793,0,1,0
968,269,303,0,0,1
969,76,24,0,1,0
970,5,673,0,1,0
971,484,593,1,0,0
972,509,143,0,1,0
973,751,803,0,1,0
974,8,719,1,0,0
975,349,432,0,1,0
976,815,664,1,0,1
977,311,646,0,1,0
978,514,150,0,1,0
979,260,791,0,1,0
980,708,391,0,1,0
981,640,888,0,1,0
982,467,231,0,1,0
983,443,491,1,0,0
984,233,425,0,1,0
985,439,313,0,1,0
986,579,980,0,1,0
987,721,9,1,0,1
988,529,304,0,1,0
989,127,689,0,1,0
990,60,579,1,0,1
991,678,127,0,1,0
992,222,62,0,1,0
993,7,24,0,1,0
994,187,182,0,1,0
995,711,868,0,1,0
996,628,622,1,1,0
997,81,96,1,0,1
998,719,607,0,1,0
999,706,537,0,1,0
