Index,x,y,alive,infected,immune
0,781,325,0,1,0
1,7,697,1,0,1
2,959,151,0,0,1
3,561,915,1,0,1
4,990,815,0,1,0
5,380,138,0,1,0
6,505,82,0,1,0
7,6,559,0,1,0
8,347,789,1,0,1
9,850,602,0,1,0
10,431,124,0,1,0
11,609,114,0,1,0
12,515,8,0,1,0
13,41,355,0,1,0
14,851,234,0,1,0
15,83,805,0,1,0
16,481,360,1,0,1
17,791,684,0,1,0
18,954,135,0,1,0
19,675,806,0,1,0
20,957,561,0,1,0
21,312,304,0,1,0
22,394,809,0,1,0
23,252,160,1,0,1
24,194,426,0,1,0
25,7,153,0,1,0
26,795,5,0,1,0
27,660,393,0,1,0
28,91,113,0,1,0
29,501,901,0,1,0
30,716,631,0,1,0
31,561,4,0,1,0
32,719,851,1,0,1
33,2,275,1,0,1
34,242,853,0,1,0
35,281,8,0,1,0
36,629,7,1,0,1
37,925,673,0,1,0
38,2,585,0,1,0
39,361,772,0,1,0
40,217,4,0,1,0
41,624,547,1,0,1
42,539,216,1,0,1
43,138,422,0,1,0
44,496,261,0,1,0
45,199,122,0,1,0
46,537,937,1,0,1
47,782,528,0,1,0
48,723,303,0,1,0
49,493,171,0,1,0
50,520,917,0,1,0
51,846,690,0,1,0
52,126,373,0,1,0
53,205,346,0,1,0
54,255,758,0,1,0
55,557,281,0,0,1
56,688,167,0,1,0
57,513,315,0,1,0
58,180,333,0,1,0
59,990,407,0,1,0
60,171,660,0,1,0
61,594,2,0,1,0
62,458,920,0,1,0
63,160,419,0,1,0
64,8,962,0,1,0
65,5,349,1,0,1
66,20,829,0,1,0
67,787,808,0,1,0
68,621,796,0,1,0
69,691,919,0,1,0
70,590,846,0,1,0
71,747,10,0,1,0
72,530,767,0,1,0
73,553,768,0,1,0
74,335,8,0,1,0
75,990,163,1,0,1
76,74,306,0,1,0
77,419,264,1,0,1
78,323,753,1,0,1
79,942,40,0,1,0
80,122,542,0,1,0
81,741,823,0,1,0
82,110,101,0,1,0
83,269,929,0,1,0
84,348,550,0,1,0
85,209,275,0,1,0
86,364,641,1,0,1
87,895,556,0,1,0
88,625,89,0,1,0
89,613,4,0,1,0
90,257,140,0,1,0
91,180,504,0,1,0
92,273,551,0,1,0
93,488,948,0,1,0
94,609,340,0,1,0
95,237,885,0,1,0
96,753,859,0,1,0
97,508,548,0,1,0
98,136,69,0,1,0
99,724,192,0,1,0
100,256,244,0,1,0
101,768,452,1,0,1
102,665,926,1,0,1
103,7,33,0,0,1
104,635,435,1,0,1
105,577,569,1,0,1
106,878,254,0,1,0
107,631,223,0,1,0
108,862,337,0,1,0
109,807,566,0,0,1
110,375,863,1,0,1
111,7,776,0,1,0
112,805,406,0,1,0
113,857,284,0,1,0
114,579,257,0,1,0
115,892,545,0,1,0
116,46,896,1,0,0
117,721,828,0,1,0
118,413,9,1,0,0
119,201,719,0,1,0
120,730,475,1,0,1
121,874,524,0,1,0
122,0,481,1,0,0
123,625,38,1,0,0
124,269,423,0,1,0
125,860,567,1,0,1
126,808,4,0,1,0
127,692,752,0,1,0
128,241,757,1,0,1
129,531,3,0,1,0
130,471,890,0,1,0
131,1,180,1,1,0
132,902,264,0,1,0
133,9,274,0,1,0
134,634,571,0,1,0
135,334,439,0,1,0
136,204,167,0,1,0
137,551,568,0,1,0
138,633,737,1,0,1
139,645,171,1,0,1
140,9,421,0,1,0
141,618,642,1,0,1
142,498,384,0,1,0
143,828,190,0,1,0
144,398,624,0,1,0
145,149,92,0,1,0
146,475,579,1,0,0
147,490,699,0,1,0
148,729,367,0,1,0
149,275,198,0,1,0
150,138,223,1,0,1
151,704,322,0,1,0
152,426,456,1,0,1
153,334,370,0,1,0
154,4,901,1,0,0
155,65,143,0,1,0
156,578,604,0,1,0
157,216,270,0,1,0
158,435,732,0,1,0
159,886,610,0,1,0
160,772,728,0,1,0
161,120,573,0,1,0
162,794,770,0,1,0
163,675,203,0,1,0
164,61,553,0,1,0
165,537,913,0,1,0
166,840,261,0,1,0
167,270,160,0,1,0
168,238,4,0,1,0
169,883,7,1,0,0
170,571,659,1,0,1
171,974,497,0,1,0
172,158,399,0,1,0
173,7,926,1,0,0
174,190,866,0,1,0
175,65,64,1,0,0
176,585,431,0,1,0
177,391,386,0,1,0
178,398,638,0,1,0
179,709,6,0,1,0
180,479,146,0,1,0
181,990,639,0,1,0
182,494,873,0,1,0
183,708,274,1,0,0
184,342,339,1,0,1
185,525,75,1,1,0
186,858,259,1,0,1
187,769,489,0,1,0
188,394,990,0,1,0
189,860,59,1,0,0
190,894,513,0,1,0
191,950,4,0,1,0
192,905,251,0,1,0
193,498,248,0,1,0
194,6,537,0,1,0
195,564,271,0,1,0
196,9,676,1,0,1
197,966,990,0,1,0
198,720,929,0,1,0
199,796,564,0,1,0
200,521,644,1,0,0
201,182,889,0,1,0
202,219,815,0,1,0
203,947,7,0,1,0
204,7,719,1,1,0
205,755,869,0,1,0
206,201,279,1,0,1
207,745,389,0,1,0
208,257,613,0,1,0
209,760,55,1,0,1
210,233,990,1,0,0
211,734,783,0,1,0
212,19,601,0,1,0
213,613,877,0,1,0
214,990,506,0,1,0
215,513,646,0,1,0
216,376,81,0,1,0
217,502,290,0,1,0
218,681,385,0,1,0
219,309,10,1,0,1
220,8,785,0,0,1
221,748,191,0,1,0
222,0,550,0,1,0
223,444,66,0,1,0
224,263,475,0,1,0
225,657,698,0,1,0
226,301,543,1,0,1
227,506,674,1,1,0
228,951,732,0,1,0
229,470,308,1,0,1
230,320,163,0,1,0
231,2,120,1,0,1
232,796,121,0,1,0
233,218,742,0,1,0
234,457,651,0,1,0
235,687,493,0,1,0
236,422,838,0,1,0
237,308,9,0,1,0
238,498,364,1,0,1
239,252,932,0,1,0
240,168,148,0,0,1
241,254,928,0,1,0
242,268,229,0,1,0
243,185,306,1,0,1
244,227,801,0,1,0
245,842,621,1,0,1
246,763,186,1,0,1
247,580,823,0,1,0
248,321,6,0,1,0
249,664,812,0,1,0
250,895,613,0,1,0
251,912,705,1,0,1
252,670,588,0,1,0
253,652,107,1,0,0
254,121,239,1,0,0
255,110,436,0,1,0
256,624,419,0,0,1
257,771,597,0,1,0
258,606,572,0,1,0
259,809,827,1,0,1
260,776,416,0,1,0
261,576,499,0,1,0
262,1,515,0,1,0
263,882,669,0,1,0
264,41,631,0,1,0
265,209,378,0,1,0
266,27,891,1,0,0
267,278,52,0,0,1
268,765,95,0,1,0
269,892,8,1,0,0
270,774,723,1,0,1
271,753,339,1,1,0
272,816,968,1,0,1
273,465,675,0,1,0
274,97,350,1,0,1
275,112,0,0,1,0
276,502,160,0,0,1
277,707,700,1,0,1
278,510,554,0,1,0
279,384,8,1,0,0
280,245,205,0,1,0
281,205,716,0,1,0
282,482,668,1,0,1
283,990,904,1,0,0
284,849,785,0,1,0
285,821,8,0,1,0
286,835,934,1,0,1
287,8,39,0,1,0
288,7,695,0,1,0
289,158,673,0,1,0
290,553,414,0,1,0
291,853,112,1,0,1
292,52,853,1,0,0
293,1,244,0,1,0
294,2,907,1,0,1
295,220,630,0,1,0
296,256,690,0,1,0
297,348,92,0,1,0
298,660,770,0,1,0
299,55,287,1,0,1
300,490,706,1,0,1
301,682,575,1,0,1
302,205,143,0,0,1
303,9,498,0,1,0
304,553,224,0,1,0
305,942,1,0,1,0
306,764,67,0,1,0
307,564,234,1,0,1
308,838,10,1,0,0
309,426,219,1,0,1
310,872,312,0,1,0
311,796,548,0,1,0
312,216,806,0,1,0
313,352,0,0,1,0
314,2,244,0,1,0
315,882,756,0,1,0
316,6,790,0,1,0
317,808,770,0,0,1
318,526,777,0,1,0
319,61,990,1,0,0
320,732,870,0,1,0
321,754,589,1,0,1
322,766,825,0,1,0
323,838,634,1,0,1
324,9,503,0,1,0
325,590,848,0,1,0
326,269,56,0,1,0
327,804,470,0,1,0
328,149,454,0,1,0
329,89,385,0,1,0
330,616,787,0,1,0
331,5,150,0,1,0
332,692,984,0,1,0
333,224,852,0,1,0
334,183,394,0,1,0
335,743,730,0,1,0
336,875,323,0,1,0
337,444,136,0,1,0
338,758,7,0,1,0
339,2,707,1,1,0
340,861,696,0,1,0
341,862,618,0,1,0
342,560,673,0,1,0
343,557,0,0,1,0
344,972,941,1,0,0
345,512,571,1,0,0
346,172,217,1,0,1
347,278,490,0,1,0
348,269,463,0,1,0
349,746,105,0,1,0
350,129,833,1,0,1
351,505,239,1,0,1
352,351,979,0,1,0
353,853,767,0,1,0
354,823,905,0,1,0
355,8,791,1,0,1
356,121,658,0,1,0
357,98,418,0,1,0
358,577,570,0,1,0
359,641,922,0,1,0
360,398,315,0,1,0
361,0,816,0,1,0
362,713,0,0,1,0
363,611,377,1,0,1
364,880,839,0,1,0
365,833,851,0,1,0
366,315,180,0,1,0
367,438,576,0,1,0
368,262,405,0,1,0
369,159,472,1,0,1
370,645,870,0,1,0
371,1,886,1,1,0
372,774,635,1,0,1
373,367,2,0,1,0
374,879,939,0,1,0
375,505,165,0,1,0
376,174,838,0,1,0
377,502,904,0,1,0
378,512,639,1,1,0
379,107,891,0,1,0
380,816,447,0,1,0
381,856,635,1,0,1
382,697,472,0,1,0
383,462,10,1,0,0
384,856,179,1,0,0
385,438,0,1,0,1
386,911,767,0,1,0
387,277,140,0,1,0
388,751,0,0,1,0
389,394,134,1,0,1
390,1,21,0,1,0
391,15,894,1,0,0
392,186,67,0,1,0
393,230,809,0,1,0
394,756,553,0,1,0
395,257,0,1,0,0
396,64,500,0,1,0
397,7,827,0,1,0
398,245,244,0,1,0
399,733,91,1,1,0
400,542,437,1,0,0
401,731,466,0,0,1
402,351,537,0,1,0
403,370,82,0,1,0
404,119,571,0,1,0
405,909,109,0,0,1
406,698,448,0,1,0
407,291,482,0,1,0
408,2,755,1,0,0
409,592,86,0,1,0
410,295,648,1,0,1
411,447,10,1,0,1
412,526,272,0,1,0
413,789,783,0,1,0
414,227,867,0,1,0
415,474,189,1,0,1
416,178,481,0,1,0
417,595,903,0,1,0
418,294,904,0,1,0
419,403,289,0,1,0
420,746,496,0,1,0
421,879,756,0,1,0
422,4,686,1,0,1
423,282,51,1,0,1
424,190,369,0,1,0
425,124,384,0,1,0
426,85,795,0,1,0
427,291,566,1,0,1
428,980,9,1,0,0
429,585,990,0,1,0
430,367,177,0,1,0
431,616,659,0,1,0
432,883,257,0,1,0
433,785,448,1,0,1
434,437,840,0,1,0
435,854,415,0,1,0
436,488,10,1,0,0
437,788,645,0,1,0
438,534,672,0,1,0
439,858,140,0,1,0
440,281,2,0,1,0
441,714,584,1,0,1
442,433,426,1,0,0
443,266,297,0,1,0
444,159,198,0,0,1
445,288,484,0,1,0
446,770,618,0,1,0
447,396,924,0,1,0
448,663,83,1,0,0
449,56,288,1,0,0
450,885,288,0,1,0
451,301,9,0,1,0
452,943,155,1,0,1
453,278,699,1,0,1
454,621,631,0,1,0
455,600,182,0,1,0
456,990,900,1,0,0
457,647,355,0,1,0
458,318,783,0,1,0
459,10,840,1,1,0
460,978,7,1,0,0
461,467,384,1,0,1
462,645,602,1,0,1
463,849,583,1,0,1
464,593,866,0,1,0
465,859,517,0,1,0
466,215,233,1,0,1
467,481,428,1,0,0
468,27,8,1,0,1
469,728,383,0,1,0
470,689,6,0,1,0
471,0,530,0,1,0
472,854,2,1,0,0
473,7,564,1,0,1
474,305,94,0,0,1
475,336,4,1,0,1
476,328,387,0,1,0
477,539,534,0,1,0
478,431,831,1,0,1
479,727,257,1,0,0
480,853,442,0,1,0
481,234,239,1,0,1
482,230,829,1,0,1
483,515,2,0,1,0
484,885,722,0,1,0
485,591,575,0,1,0
486,326,516,0,1,0
487,113,525,0,0,1
488,365,819,0,1,0
489,612,419,1,0,1
490,870,785,1,0,1
491,433,317,0,1,0
492,990,15,1,0,0
493,748,105,0,1,0
494,593,171,0,1,0
495,69,568,0,1,0
496,138,171,0,1,0
497,641,515,0,1,0
498,184,814,1,0,1
499,937,198,1,0,1
500,335,247,1,0,1
501,118,965,1,0,0
502,567,7,0,1,0
503,754,9,0,1,0
504,230,317,0,1,0
505,623,460,1,0,1
506,691,659,1,0,1
507,610,395,0,1,0
508,330,137,0,1,0
509,155,648,0,1,0
510,553,0,1,0,1
511,990,529,0,1,0
512,881,171,1,1,0
513,7,676,1,0,1
514,691,188,0,1,0
515,134,127,0,1,0
516,884,393,0,1,0
517,610,184,0,1,0
518,691,237,0,1,0
519,367,101,0,1,0
520,727,678,0,1,0
521,957,102,0,1,0
522,255,516,1,0,1
523,433,731,0,1,0
524,807,845,0,1,0
525,581,397,1,0,1
526,2,37,0,1,0
527,470,421,1,0,1
528,754,6,0,1,0
529,295,557,1,0,1
530,932,489,1,0,1
531,435,735,0,1,0
532,147,918,0,1,0
533,46,207,0,1,0
534,852,370,0,1,0
535,298,824,0,1,0
536,820,695,0,1,0
537,395,588,0,1,0
538,428,122,0,1,0
539,602,417,1,0,1
540,470,640,0,1,0
541,447,690,0,1,0
542,682,513,0,1,0
543,6,46,0,1,0
544,308,279,1,0,0
545,52,3,0,1,0
546,120,380,0,1,0
547,451,385,0,1,0
548,54,825,0,0,1
549,616,582,0,1,0
550,793,359,0,1,0
551,220,915,0,1,0
552,962,282,1,0,1
553,371,804,1,0,1
554,493,765,0,1,0
555,208,871,0,1,0
556,329,614,0,1,0
557,299,7,0,1,0
558,840,546,1,0,1
559,733,518,0,1,0
560,792,665,0,1,0
561,685,764,0,1,0
562,829,604,0,1,0
563,435,990,0,1,0
564,0,142,1,0,1
565,184,695,0,1,0
566,166,104,0,1,0
567,278,338,0,1,0
568,756,166,0,1,0
569,210,9,0,1,0
570,730,654,1,0,1
571,254,639,0,1,0
572,637,357,0,1,0
573,164,517,1,0,1
574,866,535,0,1,0
575,541,186,0,1,0
576,13,862,1,0,0
577,367,833,1,0,1
578,172,165,0,1,0
579,745,115,0,1,0
580,205,756,0,1,0
581,2,370,1,0,0
582,333,327,0,1,0
583,475,987,0,1,0
584,300,214,1,0,1
585,170,507,0,1,0
586,808,289,0,1,0
587,801,8,0,1,0
588,264,567,0,1,0
589,561,772,0,1,0
590,394,377,0,1,0
591,806,396,1,0,1
592,781,838,0,1,0
593,243,685,0,1,0
594,800,573,0,1,0
595,589,903,1,0,1
596,329,823,0,1,0
597,793,604,0,1,0
598,174,303,0,1,0
599,88,325,0,1,0
600,929,266,0,1,0
601,746,781,0,1,0
602,700,433,0,1,0
603,3,429,0,1,0
604,530,54,0,1,0
605,392,395,0,1,0
606,811,6,1,0,1
607,171,262,0,1,0
608,483,622,1,1,0
609,387,449,0,1,0
610,756,934,0,1,0
611,402,240,0,1,0
612,334,837,0,1,0
613,26,518,0,1,0
614,608,775,1,0,1
615,507,2,0,1,0
616,916,812,1,0,0
617,710,617,0,1,0
618,436,281,0,1,0
619,714,223,0,1,0
620,3,76,0,1,0
621,506,310,0,1,0
622,539,7,0,1,0
623,127,373,0,1,0
624,662,386,1,0,1
625,232,463,0,1,0
626,6,20,0,1,0
627,98,328,0,1,0
628,833,5,1,0,0
629,631,643,0,1,0
630,739,493,0,1,0
631,904,855,0,1,0
632,990,792,1,0,0
633,144,225,0,1,0
634,868,269,0,1,0
635,554,861,0,1,0
636,754,794,0,1,0
637,188,481,0,1,0
638,353,523,1,1,0
639,683,325,1,0,1
640,163,739,0,1,0
641,0,586,0,1,0
642,8,967,0,1,0
643,920,613,0,1,0
644,516,270,0,1,0
645,87,197,0,1,0
646,635,189,0,1,0
647,6,644,0,1,0
648,92,249,0,1,0
649,758,381,0,1,0
650,954,990,0,1,0
651,768,311,0,1,0
652,271,462,0,1,0
653,219,1,0,1,0
654,4,824,0,1,0
655,508,2,0,1,0
656,381,414,0,1,0
657,681,223,0,1,0
658,332,730,0,1,0
659,248,49,1,0,1
660,281,104,1,0,1
661,335,634,1,0,1
662,345,164,1,0,1
663,685,411,0,1,0
664,134,572,0,1,0
665,236,558,0,1,0
666,160,439,0,1,0
667,562,95,0,1,0
668,945,613,0,1,0
669,921,8,1,1,0
670,206,336,0,1,0
671,773,678,0,1,0
672,915,688,0,1,0
673,752,268,1,0,1
674,718,321,0,1,0
675,666,543,0,1,0
676,837,882,0,1,0
677,889,883,0,1,0
678,535,365,1,1,0
679,4,147,0,1,0
680,561,438,0,1,0
681,489,1,1,0,0
682,152,736,0,1,0
683,8,604,0,1,0
684,204,65,0,1,0
685,372,259,1,0,1
686,827,137,0,1,0
687,801,518,1,0,1
688,574,800,0,1,0
689,811,752,1,0,1
690,616,580,0,1,0
691,233,728,0,1,0
692,802,761,0,1,0
693,408,845,0,1,0
694,654,326,1,0,0
695,720,436,0,1,0
696,833,460,1,0,1
697,561,360,0,1,0
698,172,454,1,0,1
699,115,706,0,1,0
700,753,251,1,0,1
701,106,943,1,0,0
702,552,412,0,1,0
703,397,5,1,0,0
704,285,889,0,1,0
705,7,645,0,1,0
706,550,4,1,0,1
707,489,706,0,1,0
708,870,323,0,1,0
709,536,10,0,1,0
710,668,153,0,1,0
711,363,578,0,1,0
712,2,579,0,1,0
713,876,789,0,1,0
714,873,421,0,1,0
715,582,6,0,1,0
716,100,871,0,1,0
717,791,737,1,0,1
718,433,402,1,0,1
719,642,893,0,1,0
720,441,384,0,1,0
721,880,80,0,1,0
722,972,144,0,1,0
723,926,879,0,1,0
724,106,868,0,1,0
725,593,190,0,1,0
726,280,513,0,1,0
727,1,951,1,0,0
728,510,907,0,0,1
729,1,523,0,1,0
730,193,247,0,1,0
731,104,718,0,1,0
732,495,754,1,0,1
733,424,109,1,0,1
734,8,268,0,1,0
735,162,540,0,1,0
736,597,471,0,1,0
737,199,8,1,0,0
738,85,871,0,1,0
739,144,715,0,1,0
740,93,96,0,1,0
741,937,9,0,1,0
742,688,773,0,1,0
743,309,609,0,1,0
744,813,637,0,1,0
745,424,853,1,0,1
746,142,265,1,0,1
747,6,520,1,0,1
748,522,672,0,1,0
749,946,102,0,1,0
750,990,874,1,0,0
751,916,84,0,1,0
752,307,500,1,0,1
753,8,945,1,0,0
754,493,213,0,1,0
755,530,597,0,1,0
756,830,518,0,1,0
757,816,831,0,1,0
758,544,763,0,1,0
759,2,160,1,0,1
760,538,197,0,1,0
761,579,7,0,1,0
762,580,540,0,1,0
763,795,467,0,1,0
764,334,4,0,1,0
765,365,702,1,0,1
766,739,465,0,1,0
767,211,754,1,0,1
768,946,9,0,1,0
769,351,10,1,1,0
770,419,184,1,0,1
771,279,442,0,1,0
772,845,665,0,1,0
773,885,656,0,1,0
774,858,567,0,1,0
775,582,672,0,1,0
776,782,389,1,0,1
777,93,108,0,1,0
778,897,657,0,1,0
779,118,4,0,1,0
780,270,825,0,1,0
781,681,579,0,1,0
782,350,153,0,1,0
783,151,284,1,0,1
784,228,8,1,0,1
785,728,154,1,0,1
786,819,164,1,0,1
787,677,846,0,1,0
788,10,911,1,0,0
789,82,887,1,0,0
790,517,88,0,1,0
791,195,660,0,1,0
792,5,983,1,0,0
793,9,688,0,1,0
794,225,575,0,1,0
795,922,753,1,0,1
796,395,741,0,1,0
797,981,179,0,1,0
798,942,499,0,1,0
799,907,433,0,1,0
800,474,480,1,0,0
801,233,157,0,1,0
802,374,251,0,1,0
803,258,109,0,1,0
804,501,1,0,1,0
805,796,266,1,0,0
806,885,379,0,1,0
807,434,120,1,0,1
808,833,565,0,1,0
809,0,242,0,1,0
810,858,585,0,1,0
811,674,461,0,1,0
812,892,646,0,1,0
813,127,594,1,0,1
814,823,10,0,1,0
815,548,344,0,1,0
816,567,111,0,1,0
817,362,889,0,1,0
818,778,478,1,0,1
819,818,893,0,1,0
820,183,706,0,1,0
821,514,53,0,1,0
822,277,675,0,1,0
823,990,839,0,1,0
824,6,640,0,1,0
825,530,769,0,1,0
826,399,9,1,0,0
827,654,890,0,1,0
828,594,901,0,1,0
829,756,468,0,1,0
830,628,652,0,1,0
831,597,588,0,1,0
832,181,444,0,1,0
833,161,2,0,1,0
834,10,194,0,1,0
835,801,599,0,1,0
836,403,293,1,0,1
837,902,792,0,1,0
838,5,381,1,0,1
839,963,0,0,1,0
840,214,530,0,1,0
841,403,672,0,1,0
842,286,3,0,1,0
843,616,584,1,1,0
844,139,377,1,0,1
845,659,150,0,1,0
846,409,262,0,1,0
847,225,624,0,1,0
848,845,850,0,1,0
849,990,856,0,1,0
850,593,1,0,1,0
851,412,579,0,1,0
852,319,787,1,0,1
853,173,649,0,1,0
854,406,212,0,1,0
855,240,396,0,1,0
856,442,866,0,1,0
857,263,749,0,1,0
858,406,429,0,0,1
859,887,167,0,1,0
860,390,831,0,1,0
861,747,961,0,1,0
862,7,280,0,1,0
863,793,4,0,1,0
864,251,422,0,1,0
865,191,556,1,0,1
866,82,256,0,1,0
867,8,186,0,1,0
868,680,718,0,1,0
869,662,451,0,1,0
870,721,805,1,0,1
871,337,696,0,1,0
872,4,208,0,1,0
873,853,536,0,1,0
874,622,416,0,1,0
875,912,4,0,1,0
876,936,661,0,1,0
877,250,299,0,1,0
878,906,509,0,1,0
879,651,719,1,0,1
880,350,962,0,1,0
881,459,530,1,0,0
882,3,31,1,0,1
883,860,276,0,1,0
884,9,672,0,1,0
885,523,812,0,1,0
886,508,122,0,1,0
887,325,697,0,1,0
888,654,242,0,1,0
889,174,10,1,0,1
890,602,692,0,1,0
891,459,294,0,1,0
892,0,666,1,0,1
893,2,851,1,0,0
894,516,990,0,1,0
895,93,0,1,0,0
896,904,267,0,1,0
897,786,112,0,1,0
898,320,213,0,1,0
899,93,7,1,0,0
900,449,417,1,0,1
901,587,9,0,1,0
902,265,773,1,0,1
903,621,702,0,1,0
904,2,710,0,1,0
905,649,529,0,1,0
906,6,112,1,0,0
907,273,789,1,0,1
908,255,579,0,1,0
909,72,990,1,0,0
910,990,389,1,0,1
911,253,262,0,1,0
912,561,675,0,1,0
913,609,717,0,1,0
914,571,230,0,1,0
915,604,313,0,1,0
916,759,3,0,1,0
917,395,884,1,0,1
918,3,403,1,0,0
919,595,451,0,1,0
920,609,700,0,1,0
921,321,850,1,0,1
922,628,731,0,1,0
923,693,498,1,0,1
924,540,168,0,1,0
925,404,854,0,1,0
926,4,660,0,1,0
927,217,10,0,1,0
928,736,564,0,1,0
929,812,525,1,0,1
930,418,10,1,0,0
931,951,607,0,1,0
932,204,43,0,1,0
933,570,511,1,0,1
934,0,890,0,1,0
935,200,139,1,0,1
936,778,4,0,1,0
937,624,257,0,1,0
938,406,480,1,0,0
939,362,532,0,1,0
940,352,8,0,1,0
941,160,321,0,1,0
942,760,170,1,0,1
943,733,195,0,1,0
944,924,56,0,1,0
945,244,413,1,0,1
946,526,884,0,1,0
947,681,851,0,1,0
948,7,908,1,0,0
949,6,458,0,1,0
950,400,579,1,0,1
951,203,656,0,1,0
952,428,8,0,1,0
953,497,691,1,0,1
954,599,530,0,1,0
955,180,6,0,1,0
956,355,177,0,1,0
957,354,229,1,0,1
958,430,221,0,1,0
959,800,664,0,1,0
960,625,917,0,1,0
961,171,604,0,1,0
962,731,990,1,0,1
963,266,322,0,1,0
964,61,8,1,0,1
965,343,110,0,1,0
966,553,307,1,0,1
967,2,793,0,1,0
968,276,326,0,0,1
969,63,10,0,1,0
970,9,673,0,1,0
971,473,622,1,0,0
972,563,139,0,1,0
973,819,756,0,1,0
974,3,719,1,1,0
975,348,398,0,1,0
976,861,728,1,0,1
977,298,619,0,1,0
978,412,146,0,1,0
979,255,810,0,1,0
980,689,371,0,1,0
981,627,897,0,1,0
982,452,284,0,1,0
983,437,486,1,0,0
984,190,440,0,1,0
985,424,337,0,1,0
986,590,8,0,1,0
987,721,8,1,0,1
988,527,267,0,1,0
989,108,676,0,1,0
990,134,567,1,0,1
991,732,115,0,1,0
992,295,43,0,1,0
993,0,24,0,1,0
994,139,152,0,1,0
995,708,896,0,1,0
996,725,639,0,1,0
997,7,81,1,0,1
998,697,622,0,1,0
999,662,553,0,1,0
