Index,x,y,alive,infected,immune
0,788,299,0,1,0
1,31,647,1,0,1
2,948,224,0,0,1
3,539,872,1,0,1
4,920,718,0,1,0
5,463,155,0,1,0
6,460,48,0,1,0
7,966,539,0,1,0
8,289,761,1,0,1
9,854,589,0,1,0
10,365,137,0,1,0
11,680,163,0,1,0
12,571,959,0,1,0
13,66,295,0,1,0
14,819,293,0,1,0
15,71,791,0,1,0
16,522,335,1,0,1
17,783,627,0,1,0
18,961,199,0,1,0
19,577,845,0,1,0
20,968,650,0,1,0
21,360,343,0,1,0
22,509,777,0,1,0
23,256,60,1,0,1
24,203,390,0,1,0
25,5,153,0,1,0
26,768,976,0,1,0
27,681,492,0,1,0
28,121,168,0,1,0
29,521,937,0,1,0
30,711,727,0,1,0
31,561,8,0,1,0
32,752,864,1,0,1
33,973,392,1,0,1
34,215,901,0,1,0
35,281,4,0,1,0
36,629,8,1,0,1
37,861,743,0,1,0
38,67,595,0,1,0
39,396,719,0,1,0
40,134,37,0,1,0
41,641,510,1,0,1
42,485,185,1,0,1
43,128,420,0,1,0
44,455,274,0,1,0
45,189,109,0,1,0
46,522,889,1,0,1
47,759,568,0,1,0
48,736,350,0,1,0
49,429,137,0,1,0
50,484,908,0,1,0
51,894,797,0,1,0
52,142,380,0,1,0
53,180,370,0,1,0
54,280,885,0,1,0
55,582,297,0,0,1
56,756,153,0,1,0
57,600,265,0,1,0
58,157,386,0,1,0
59,990,407,0,1,0
60,212,558,0,1,0
61,594,3,0,1,0
62,378,962,0,1,0
63,158,482,0,1,0
64,4,962,0,1,0
65,934,374,1,0,1
66,79,807,0,1,0
67,764,841,0,1,0
68,647,748,0,1,0
69,675,943,0,1,0
70,563,823,0,1,0
71,763,20,0,1,0
72,599,791,0,1,0
73,645,725,0,1,0
74,335,6,0,1,0
75,968,138,1,0,1
76,113,334,0,1,0
77,438,218,1,0,1
78,319,710,1,0,1
79,914,104,0,1,0
80,118,504,0,1,0
81,778,815,0,1,0
82,184,123,0,1,0
83,196,871,0,1,0
84,324,558,0,1,0
85,212,399,0,1,0
86,391,742,1,0,1
87,866,595,0,1,0
88,557,163,0,1,0
89,638,939,0,1,0
90,330,189,0,1,0
91,251,500,0,1,0
92,293,423,0,1,0
93,482,895,0,1,0
94,650,443,0,1,0
95,194,942,0,1,0
96,722,905,0,1,0
97,627,502,0,1,0
98,72,54,0,1,0
99,638,170,0,1,0
100,237,296,1,0,0
101,775,422,1,0,0
102,730,843,1,1,0
103,2,33,1,1,0
104,657,411,1,1,0
105,572,570,1,0,0
106,867,217,1,0,0
107,646,222,1,1,0
108,850,350,1,0,0
109,756,640,1,0,0
110,328,859,1,0,0
111,7,776,1,0,0
112,788,408,1,0,0
113,884,335,1,0,0
114,577,322,1,1,0
115,857,581,0,1,0
116,110,971,1,0,0
117,748,822,0,1,0
118,413,1,1,0,0
119,154,741,1,0,0
120,697,488,1,0,0
121,872,499,1,0,0
122,968,496,1,0,0
123,662,82,1,0,0
124,282,316,1,0,0
125,820,627,1,1,0
126,808,9,1,0,0
127,644,805,1,0,0
128,229,736,1,0,0
129,531,6,1,0,0
130,394,776,1,0,0
131,5,180,1,0,0
132,941,229,1,1,0
133,72,232,0,1,0
134,700,578,1,1,0
135,333,520,1,0,0
136,200,192,1,0,0
137,574,616,1,0,0
138,646,697,1,0,0
139,570,151,1,1,0
140,3,421,0,1,0
141,567,744,1,0,0
142,486,365,1,0,0
143,759,123,0,1,0
144,367,717,1,0,0
145,209,72,1,1,0
146,538,518,1,0,0
147,475,624,1,0,0
148,701,368,0,1,0
149,293,163,1,0,0
150,106,183,1,1,0
151,639,382,1,0,0
152,371,386,1,0,0
153,341,349,1,0,0
154,2,901,1,0,0
155,127,170,1,1,0
156,550,528,1,0,0
157,172,302,1,0,0
158,366,695,1,0,0
159,854,604,1,1,0
160,832,771,1,0,0
161,141,571,1,0,0
162,713,758,1,0,0
163,610,174,1,0,0
164,55,542,0,1,0
165,563,880,0,1,0
166,881,272,1,0,0
167,336,206,0,1,0
168,238,2,1,0,0
169,862,929,1,0,0
170,498,718,1,0,0
171,955,514,0,1,0
172,152,247,1,0,0
173,2,926,1,0,0
174,41,867,1,0,0
175,91,81,1,0,0
176,605,353,1,0,0
177,373,410,1,0,0
178,372,602,1,0,0
179,709,8,1,0,0
180,555,90,1,0,0
181,921,621,1,0,0
182,435,960,1,0,0
183,747,276,1,0,0
184,366,299,1,0,0
185,505,82,1,0,0
186,763,355,1,1,0
187,652,467,0,1,0
188,414,920,1,0,0
189,821,96,1,0,0
190,954,562,1,0,0
191,913,959,1,0,0
192,927,207,0,1,0
193,483,233,0,1,0
194,946,543,1,1,0
195,512,240,1,0,0
196,7,676,1,1,0
197,940,943,1,0,0
198,764,874,1,0,0
199,828,594,0,1,0
200,535,587,1,0,0
201,206,779,1,0,0
202,295,880,1,1,0
203,947,7,1,0,0
204,49,753,1,0,0
205,651,902,1,1,0
206,217,346,1,0,0
207,738,317,1,0,0
208,285,603,1,0,0
209,754,142,1,0,0
210,213,958,1,0,0
211,691,791,1,0,0
212,79,591,0,1,0
213,628,772,0,1,0
214,990,506,1,0,0
215,539,770,1,0,0
216,276,91,0,1,0
217,360,276,1,0,0
218,633,413,1,0,0
219,309,10,1,0,0
220,2,785,1,0,0
221,774,123,1,1,0
222,9,550,1,0,0
223,319,196,0,1,0
224,289,488,0,1,0
225,659,664,1,0,0
226,379,557,1,0,0
227,518,607,1,0,0
228,949,715,1,1,0
229,405,363,1,0,0
230,290,147,1,0,0
231,934,179,1,0,0
232,803,122,1,0,0
233,204,742,1,0,0
234,378,661,1,0,0
235,631,500,0,1,0
236,338,820,1,0,0
237,314,975,1,0,0
238,465,387,1,0,0
239,237,908,0,1,0
240,264,65,1,1,0
241,299,881,0,1,0
242,303,222,1,1,0
243,169,345,1,1,0
244,298,896,1,1,0
245,884,581,1,1,0
246,711,95,1,0,0
247,555,846,1,1,0
248,330,969,1,1,0
249,700,890,0,1,0
250,827,607,0,1,0
251,879,639,1,1,0
252,721,688,0,1,0
253,655,43,1,0,0
254,154,270,1,0,0
255,137,469,0,1,0
256,602,383,1,0,0
257,702,595,1,0,0
258,592,546,1,0,0
259,696,812,1,0,0
260,790,521,1,0,0
261,444,554,1,0,0
262,2,515,1,0,0
263,958,596,1,0,0
264,79,641,1,0,0
265,142,342,1,0,0
266,117,947,1,0,0
267,289,32,1,0,0
268,711,162,1,0,0
269,892,991,1,0,0
270,794,720,1,0,0
271,780,205,1,0,0
272,864,908,1,1,0
273,516,721,1,0,0
274,140,388,1,1,0
275,166,921,1,1,0
276,496,60,1,1,0
277,582,628,1,0,0
278,475,501,1,0,0
279,384,8,1,0,0
280,189,244,1,0,0
281,203,751,1,0,0
282,521,736,1,0,0
283,941,859,1,0,0
284,786,719,1,0,0
285,821,7,1,0,0
286,867,914,1,1,0
287,8,39,1,1,0
288,4,695,1,0,0
289,262,745,1,0,0
290,546,362,1,0,0
291,910,75,1,0,0
292,66,846,1,0,0
293,6,244,1,0,0
294,41,855,1,0,0
295,221,637,1,0,0
296,243,692,1,0,0
297,387,161,1,0,0
298,711,701,1,1,0
299,54,283,1,0,0
300,393,722,1,1,0
301,687,560,1,0,0
302,84,138,1,1,0
303,6,498,0,1,0
304,561,266,0,1,0
305,942,8,1,0,0
306,766,96,1,0,0
307,663,237,1,1,0
308,838,10,1,0,0
309,507,297,1,1,0
310,962,337,1,0,0
311,717,486,1,0,0
312,256,774,1,0,0
313,352,8,1,0,0
314,7,244,1,0,0
315,886,634,0,1,0
316,9,790,1,0,0
317,738,695,1,1,0
318,491,658,1,0,0
319,61,990,1,0,0
320,660,832,1,0,0
321,796,650,1,1,0
322,833,698,0,1,0
323,781,635,1,1,0
324,3,503,1,1,0
325,632,798,0,1,0
326,370,96,1,0,0
327,882,405,1,0,0
328,110,469,1,0,0
329,140,447,1,0,0
330,700,789,1,0,0
331,1,150,0,1,0
332,687,938,0,1,0
333,186,920,0,1,0
334,262,425,1,0,0
335,791,694,1,0,0
336,862,357,1,0,0
337,465,59,0,1,0
338,758,2,0,1,0
339,5,707,1,0,0
340,902,620,1,1,0
341,808,715,1,0,0
342,491,656,1,0,0
343,557,4,0,1,0
344,944,953,1,0,0
345,504,596,1,0,0
346,215,273,1,0,0
347,321,458,0,1,0
348,256,448,1,0,0
349,767,189,1,0,0
350,111,832,1,0,0
351,550,317,1,1,0
352,416,900,1,0,0
353,776,750,1,0,0
354,838,904,1,0,0
355,59,777,1,0,0
356,107,703,1,0,0
357,121,431,0,1,0
358,566,657,1,0,0
359,599,940,0,1,0
360,315,401,1,1,0
361,9,816,1,0,0
362,706,978,0,1,0
363,646,345,1,0,0
364,841,888,1,0,0
365,852,804,0,1,0
366,324,174,0,1,0
367,396,663,1,0,0
368,207,449,1,0,0
369,118,447,1,1,0
370,708,892,1,1,0
371,6,886,1,0,0
372,745,508,1,1,0
373,376,928,1,1,0
374,919,827,0,1,0
375,463,155,0,1,0
376,154,778,1,0,0
377,534,825,0,1,0
378,547,602,1,0,0
379,158,787,1,0,0
380,769,325,0,1,0
381,848,731,1,1,0
382,809,385,1,0,0
383,462,10,1,0,0
384,839,137,1,0,0
385,408,942,1,0,0
386,864,718,1,1,0
387,285,147,1,0,0
388,751,9,0,1,0
389,322,204,1,1,0
390,3,21,0,1,0
391,58,915,1,0,0
392,167,128,0,1,0
393,289,851,1,1,0
394,720,503,1,0,0
395,257,8,1,0,0
396,85,467,1,0,0
397,951,798,1,0,0
398,186,164,0,1,0
399,675,85,1,0,0
400,528,425,1,0,0
401,732,567,1,1,0
402,309,491,1,0,0
403,295,37,1,0,0
404,281,637,1,0,0
405,893,209,1,0,0
406,736,446,1,0,0
407,348,519,1,0,0
408,2,755,1,0,0
409,614,90,1,0,0
410,302,738,1,1,0
411,429,73,1,0,0
412,464,348,1,0,0
413,762,830,1,1,0
414,237,771,1,0,0
415,517,236,1,0,0
416,130,590,1,0,0
417,447,902,0,1,0
418,275,858,1,0,0
419,354,327,1,0,0
420,724,476,1,0,0
421,829,775,0,1,0
422,65,651,1,0,0
423,403,78,1,0,0
424,129,329,1,0,0
425,121,365,0,1,0
426,71,793,1,1,0
427,406,592,1,0,0
428,980,8,1,0,0
429,594,971,0,1,0
430,371,96,1,0,0
431,552,695,1,0,0
432,921,267,1,0,0
433,853,434,1,0,0
434,360,785,1,0,0
435,867,404,1,0,0
436,488,10,1,0,0
437,819,653,1,1,0
438,522,600,1,0,0
439,854,196,1,0,0
440,280,76,1,1,0
441,776,540,1,1,0
442,433,512,1,0,0
443,289,335,1,0,0
444,173,245,1,0,0
445,245,439,1,0,0
446,777,686,1,0,0
447,459,899,0,1,0
448,680,110,1,0,0
449,142,258,1,0,0
450,922,334,1,0,0
451,336,898,0,1,0
452,951,88,1,0,0
453,145,733,1,0,0
454,591,714,1,0,0
455,587,332,1,0,0
456,990,900,1,0,0
457,653,303,0,1,0
458,347,749,1,1,0
459,10,840,1,0,0
460,978,3,1,0,0
461,377,474,1,0,0
462,627,523,1,1,0
463,793,424,1,0,0
464,558,790,0,1,0
465,812,547,0,1,0
466,258,126,1,0,0
467,486,424,1,0,0
468,27,4,1,1,0
469,682,390,1,0,0
470,672,950,0,1,0
471,21,534,1,1,0
472,854,5,1,0,0
473,2,564,1,0,0
474,303,144,1,1,0
475,336,9,1,1,0
476,362,390,1,0,0
477,487,482,1,0,0
478,388,897,1,1,0
479,806,216,1,0,0
480,857,443,1,0,0
481,291,257,1,0,0
482,236,926,1,1,0
483,500,848,0,1,0
484,951,705,0,1,0
485,646,557,0,1,0
486,264,430,1,0,0
487,100,641,1,0,0
488,332,794,1,0,0
489,595,305,1,1,0
490,917,829,1,1,0
491,446,244,1,1,0
492,990,15,1,0,0
493,805,84,1,0,0
494,610,262,0,1,0
495,82,651,0,1,0
496,84,111,1,0,0
497,603,494,0,1,0
498,137,767,1,0,0
499,945,224,1,1,0
500,331,237,1,0,0
501,132,922,1,0,0
502,567,7,1,1,0
503,754,8,0,1,0
504,224,332,1,0,0
505,635,538,1,1,0
506,781,772,1,0,0
507,613,346,0,1,0
508,420,87,1,0,0
509,132,619,1,0,0
510,545,967,1,1,0
511,885,566,0,1,0
512,901,198,1,0,0
513,97,733,1,0,0
514,603,141,1,0,0
515,147,150,1,0,0
516,855,433,1,0,0
517,591,98,1,0,0
518,621,262,0,1,0
519,464,144,0,1,0
520,812,669,0,1,0
521,822,155,1,0,0
522,376,606,1,0,0
523,523,663,1,0,0
524,880,910,1,0,0
525,582,410,1,0,0
526,6,37,0,1,0
527,425,393,1,0,0
528,754,2,0,1,0
529,295,511,1,1,0
530,896,601,1,1,0
531,459,718,1,0,0
532,193,946,1,1,0
533,137,204,1,1,0
534,861,439,1,0,0
535,216,873,1,1,0
536,846,625,0,1,0
537,392,614,1,0,0
538,379,75,1,0,0
539,539,346,1,0,0
540,526,665,1,0,0
541,557,666,1,0,0
542,722,435,1,0,0
543,959,51,1,0,0
544,318,251,1,0,0
545,67,957,1,0,0
546,119,377,0,1,0
547,421,455,1,0,0
548,33,741,1,0,0
549,644,529,0,1,0
550,774,400,0,1,0
551,221,972,1,0,0
552,833,344,1,1,0
553,350,787,1,0,0
554,469,697,1,0,0
555,114,880,1,0,0
556,317,639,1,0,0
557,368,951,1,1,0
558,875,638,1,1,0
559,784,508,1,0,0
560,718,626,1,0,0
561,659,684,1,0,0
562,859,580,0,1,0
563,398,887,1,0,0
564,8,142,1,1,0
565,234,740,1,0,0
566,268,121,1,0,0
567,260,325,1,0,0
568,733,112,1,0,0
569,143,965,1,0,0
570,814,594,1,1,0
571,305,665,1,0,0
572,528,283,1,1,0
573,249,654,1,0,0
574,886,474,1,0,0
575,485,178,0,1,0
576,97,867,1,0,0
577,324,809,1,0,0
578,224,147,1,0,0
579,704,141,1,0,0
580,174,804,1,0,0
581,6,370,1,0,0
582,383,299,1,0,0
583,539,929,0,1,0
584,307,124,1,0,0
585,186,563,1,0,0
586,800,273,1,0,0
587,801,8,1,0,0
588,203,513,1,0,0
589,556,768,1,0,0
590,579,338,1,0,0
591,809,450,1,0,0
592,837,830,0,1,0
593,265,741,1,0,0
594,779,624,0,1,0
595,558,952,1,1,0
596,314,866,0,1,0
597,791,485,1,0,0
598,181,228,1,0,0
599,152,457,1,1,0
600,889,251,1,0,0
601,768,813,0,1,0
602,784,536,0,1,0
603,8,429,0,1,0
604,615,154,1,1,0
605,333,425,1,1,0
606,810,957,1,0,0
607,170,354,0,1,0
608,594,620,1,0,0
609,232,323,1,0,0
610,778,877,1,0,0
611,337,239,1,0,0
612,288,932,1,1,0
613,49,527,0,1,0
614,654,839,1,0,0
615,507,0,1,1,0
616,940,761,1,0,0
617,682,546,0,1,0
618,488,242,0,1,0
619,682,227,1,1,0
620,956,106,0,1,0
621,457,382,1,0,0
622,523,973,1,0,0
623,171,295,1,0,0
624,796,381,1,0,0
625,312,551,1,0,0
626,996,20,1,0,0
627,145,317,1,0,0
628,833,2,1,0,0
629,651,747,0,1,0
630,803,465,1,0,0
631,922,951,1,0,0
632,929,822,1,0,0
633,204,264,1,0,0
634,857,285,1,0,0
635,498,929,0,1,0
636,819,897,0,1,0
637,168,415,0,1,0
638,326,507,1,0,0
639,670,414,1,1,0
640,140,751,1,0,0
641,969,598,0,1,0
642,8,967,0,1,0
643,879,615,0,1,0
644,465,229,0,1,0
645,75,238,0,1,0
646,548,273,1,0,0
647,973,651,0,1,0
648,102,316,1,1,0
649,650,449,0,1,0
650,954,990,1,0,0
651,849,283,1,0,0
652,238,463,1,0,0
653,219,3,1,0,0
654,5,824,1,0,0
655,508,1,0,1,0
656,463,476,1,0,0
657,596,218,0,1,0
658,297,721,1,1,0
659,212,34,1,0,0
660,272,61,1,0,0
661,333,668,1,0,0
662,364,39,1,0,0
663,782,495,1,1,0
664,133,714,1,0,0
665,207,543,1,0,0
666,159,376,0,1,0
667,653,102,1,0,0
668,889,620,0,1,0
669,921,5,1,0,0
670,165,318,1,0,0
671,775,708,1,0,0
672,909,688,0,1,0
673,830,347,1,1,0
674,685,234,1,1,0
675,602,601,1,0,0
676,795,787,1,0,0
677,950,919,1,0,0
678,403,391,1,0,0
679,64,135,1,1,0
680,560,470,1,0,0
681,489,7,1,0,0
682,180,663,1,0,0
683,95,563,0,1,0
684,167,121,0,1,0
685,375,160,1,1,0
686,936,152,0,1,0
687,784,518,1,0,0
688,595,765,1,0,0
689,815,693,1,0,0
690,597,625,1,0,0
691,303,704,1,0,0
692,748,770,1,1,0
693,527,887,1,1,0
694,727,258,1,0,0
695,645,414,0,1,0
696,834,381,1,1,0
697,603,360,1,0,0
698,267,471,1,0,0
699,161,730,1,0,0
700,690,322,1,0,0
701,44,943,1,0,0
702,523,401,1,0,0
703,397,1,1,0,0
704,350,878,0,1,0
705,9,645,1,0,0
706,548,893,1,1,0
707,483,745,1,0,0
708,834,307,0,1,0
709,536,10,1,0,0
710,650,199,0,1,0
711,438,589,1,0,0
712,7,579,1,0,0
713,864,847,0,1,0
714,857,438,1,0,0
715,582,996,0,1,0
716,72,758,1,0,0
717,773,727,1,0,0
718,404,431,1,0,0
719,616,918,1,0,0
720,388,411,1,0,0
721,843,153,1,0,0
722,934,158,1,0,0
723,862,896,1,1,0
724,92,792,0,1,0
725,512,208,1,0,0
726,382,428,1,0,0
727,31,936,1,0,0
728,425,731,1,0,0
729,997,523,0,1,0
730,174,208,1,0,0
731,116,669,1,0,0
732,520,890,1,1,0
733,360,182,1,1,0
734,9,268,1,0,0
735,224,529,1,0,0
736,550,459,1,0,0
737,199,9,1,0,0
738,41,834,1,0,0
739,115,719,1,0,0
740,90,138,0,1,0
741,937,8,1,0,0
742,676,868,1,0,0
743,370,603,1,0,0
744,895,625,0,1,0
745,433,812,1,1,0
746,139,306,1,0,0
747,0,520,1,0,0
748,460,585,1,0,0
749,911,172,1,0,0
750,990,874,1,0,0
751,878,15,1,0,0
752,328,432,1,1,0
753,1,945,1,0,0
754,584,236,0,1,0
755,511,464,1,0,0
756,823,533,1,0,0
757,858,805,0,1,0
758,481,808,1,0,0
759,4,160,1,1,0
760,640,199,1,1,0
761,537,961,1,1,0
762,629,537,0,1,0
763,869,490,1,0,0
764,334,4,0,1,0
765,455,778,1,0,0
766,727,483,1,0,0
767,171,724,1,0,0
768,953,47,1,0,0
769,366,32,1,0,0
770,327,160,1,1,0
771,323,522,1,0,0
772,874,727,1,1,0
773,871,600,0,1,0
774,873,563,0,1,0
775,629,751,0,1,0
776,875,382,1,0,0
777,174,95,0,1,0
778,958,634,1,0,0
779,118,6,1,0,0
780,210,796,1,0,0
781,654,522,0,1,0
782,347,54,1,0,0
783,210,294,1,0,0
784,298,933,1,0,0
785,752,98,1,0,0
786,879,56,1,0,0
787,588,827,1,1,0
788,10,911,1,0,0
789,47,945,1,0,0
790,524,72,0,1,0
791,234,569,0,1,0
792,8,983,1,0,0
793,44,685,1,1,0
794,243,565,1,1,0
795,963,702,1,1,0
796,480,635,1,0,0
797,940,277,1,0,0
798,896,595,0,1,0
799,855,451,1,0,0
800,475,483,1,0,0
801,277,247,1,0,0
802,390,242,1,0,0
803,327,159,1,1,0
804,501,3,0,1,0
805,744,237,1,0,0
806,954,373,0,1,0
807,430,94,1,1,0
808,796,574,1,0,0
809,925,253,1,0,0
810,842,625,0,1,0
811,709,412,1,0,0
812,852,589,0,1,0
813,204,631,1,0,0
814,823,10,1,0,0
815,519,414,1,0,0
816,537,208,1,0,0
817,392,825,1,0,0
818,705,514,1,1,0
819,819,864,0,1,0
820,128,703,1,0,0
821,537,46,0,1,0
822,377,662,1,1,0
823,937,865,1,0,0
824,104,681,1,0,0
825,591,756,1,0,0
826,415,35,1,0,0
827,598,907,0,1,0
828,571,949,0,1,0
829,731,520,0,1,0
830,539,649,1,0,0
831,578,609,1,0,0
832,199,382,0,1,0
833,192,32,1,0,0
834,10,194,1,0,0
835,746,455,1,0,0
836,432,304,1,1,0
837,948,784,1,0,0
838,120,428,1,1,0
839,913,938,1,0,0
840,248,549,0,1,0
841,346,686,1,0,0
842,263,961,1,0,0
843,475,613,1,0,0
844,197,368,1,1,0
845,640,147,1,1,0
846,431,291,0,1,0
847,248,739,1,0,0
848,822,798,0,1,0
849,904,871,1,0,0
850,625,25,1,0,0
851,361,608,1,0,0
852,228,827,1,1,0
853,125,657,1,0,0
854,473,203,0,1,0
855,262,428,1,0,0
856,368,917,0,1,0
857,295,804,1,0,0
858,394,434,1,0,0
859,944,123,1,1,0
860,394,914,1,1,0
861,775,919,1,0,0
862,2,280,1,0,0
863,794,102,1,0,0
864,230,306,1,0,0
865,245,560,1,1,0
866,98,225,1,0,0
867,38,226,0,1,0
868,707,652,1,0,0
869,624,396,1,0,0
870,671,834,1,0,0
871,330,753,0,1,0
872,150,248,1,0,0
873,889,415,1,0,0
874,692,378,1,1,0
875,966,941,1,0,0
876,862,717,1,1,0
877,192,334,1,0,0
878,923,574,1,0,0
879,591,735,1,0,0
880,323,919,0,1,0
881,473,474,1,0,0
882,4,31,1,1,0
883,834,351,1,1,0
884,8,672,0,1,0
885,555,824,0,1,0
886,543,197,1,0,0
887,358,726,1,1,0
888,568,230,1,0,0
889,148,40,1,0,0
890,633,702,0,1,0
891,448,285,1,1,0
892,898,718,1,0,0
893,28,811,1,0,0
894,491,966,1,0,0
895,103,986,1,0,0
896,863,231,1,0,0
897,743,194,1,0,0
898,316,264,1,0,0
899,115,912,1,0,0
900,467,379,1,0,0
901,587,0,0,1,0
902,344,684,1,0,0
903,670,663,1,0,0
904,908,722,1,1,0
905,676,543,1,1,0
906,7,112,1,0,0
907,254,748,1,0,0
908,98,595,1,0,0
909,97,974,1,0,0
910,990,389,1,1,0
911,198,175,1,0,0
912,621,726,1,0,0
913,633,716,1,1,0
914,516,187,0,1,0
915,607,397,1,0,0
916,865,963,1,0,0
917,341,912,1,0,0
918,1,403,1,0,0
919,513,411,1,0,0
920,601,605,1,0,0
921,367,951,1,1,0
922,573,858,0,1,0
923,679,449,1,1,0
924,650,122,1,0,0
925,436,862,0,1,0
926,900,616,0,1,0
927,217,10,1,0,0
928,672,504,0,1,0
929,889,486,1,0,0
930,425,37,1,0,0
931,956,605,1,0,0
932,184,94,1,1,0
933,589,578,1,0,0
934,969,882,1,0,0
935,143,104,1,1,0
936,768,53,1,0,0
937,716,298,1,0,0
938,488,466,1,0,0
939,434,502,1,0,0
940,425,841,0,1,0
941,107,349,1,1,0
942,685,184,1,1,0
943,628,157,1,1,0
944,843,61,1,0,0
945,198,421,1,0,0
946,536,842,0,1,0
947,611,852,1,0,0
948,0,908,1,0,0
949,923,545,1,0,0
950,349,631,1,0,0
951,211,607,1,0,0
952,447,966,1,0,0
953,515,646,1,0,0
954,599,494,1,1,0
955,198,31,1,0,0
956,302,235,1,0,0
957,404,210,1,0,0
958,475,339,1,0,0
959,759,651,1,0,0
960,649,947,1,1,0
961,238,725,1,0,0
962,731,990,1,1,0
963,306,407,1,1,0
964,61,8,1,0,0
965,377,129,1,0,0
966,536,233,1,0,0
967,15,792,1,0,0
968,188,301,1,0,0
969,142,65,1,0,0
970,7,673,0,1,0
971,440,585,1,0,0
972,483,224,0,1,0
973,756,814,0,1,0
974,2,719,1,0,0
975,401,404,1,0,0
976,792,646,1,1,0
977,347,661,1,0,0
978,518,163,0,1,0
979,226,805,0,1,0
980,813,361,1,1,0
981,620,878,1,0,0
982,470,225,0,1,0
983,441,427,1,0,0
984,233,417,1,0,0
985,419,264,0,1,0
986,636,942,1,1,0
987,716,28,1,0,0
988,504,315,0,1,0
989,129,658,1,0,0
990,61,564,1,1,0
991,657,191,0,1,0
992,217,68,0,1,0
993,0,24,0,1,0
994,210,212,1,0,0
995,764,899,1,1,0
996,616,643,1,0,0
997,140,111,1,1,0
998,741,606,1,0,0
999,719,549,0,1,0
