Index,x,y,alive,infected,immune
0,789,297,0,1,0
1,13,704,1,0,1
2,969,203,0,0,1
3,527,897,1,0,1
4,953,762,0,1,0
5,400,92,0,1,0
6,491,90,0,1,0
7,7,559,0,1,0
8,330,797,1,0,1
9,858,598,0,1,0
10,441,152,0,1,0
11,620,104,0,1,0
12,515,8,0,1,0
13,49,324,0,1,0
14,878,242,0,1,0
15,86,749,0,1,0
16,491,328,1,0,1
17,763,742,0,1,0
18,959,138,0,1,0
19,644,835,0,1,0
20,939,556,0,1,0
21,321,322,0,1,0
22,427,802,0,1,0
23,235,141,1,0,1
24,196,392,0,1,0
25,2,153,0,1,0
26,795,1,0,1,0
27,722,387,0,1,0
28,108,141,0,1,0
29,491,878,0,1,0
30,673,670,0,1,0
31,561,4,0,1,0
32,775,857,1,0,1
33,960,289,1,0,1
34,277,839,0,1,0
35,281,4,0,1,0
36,629,4,1,0,1
37,939,669,0,1,0
38,3,585,0,1,0
39,357,756,0,1,0
40,204,38,0,1,0
41,625,542,1,0,1
42,511,159,1,0,1
43,140,431,0,1,0
44,483,276,0,1,0
45,230,116,0,1,0
46,539,904,1,0,1
47,748,566,0,1,0
48,764,333,0,1,0
49,491,170,0,1,0
50,533,921,0,1,0
51,848,713,0,1,0
52,134,390,0,1,0
53,147,347,0,1,0
54,330,799,0,1,0
55,550,287,0,0,1
56,712,186,0,1,0
57,546,258,0,1,0
58,175,378,0,1,0
59,990,407,0,1,0
60,178,642,0,1,0
61,594,1,0,1,0
62,421,948,0,1,0
63,138,445,0,1,0
64,2,962,0,1,0
65,0,349,1,0,1
66,19,802,0,1,0
67,788,819,0,1,0
68,660,798,0,1,0
69,698,912,0,1,0
70,619,775,0,1,0
71,747,10,0,1,0
72,535,762,0,1,0
73,601,760,0,1,0
74,335,3,0,1,0
75,990,163,1,0,1
76,145,350,0,1,0
77,436,265,1,0,1
78,336,762,1,0,1
79,965,81,0,1,0
80,126,518,0,1,0
81,751,867,0,1,0
82,126,122,0,1,0
83,285,941,0,1,0
84,379,548,0,1,0
85,193,324,0,1,0
86,383,650,1,0,1
87,863,594,0,1,0
88,592,108,0,1,0
89,617,966,0,1,0
90,231,179,0,1,0
91,184,499,0,1,0
92,265,520,0,1,0
93,539,927,0,1,0
94,625,363,0,1,0
95,228,908,0,1,0
96,762,866,0,1,0
97,522,561,0,1,0
98,109,55,0,1,0
99,719,202,0,1,0
100,226,275,0,1,0
101,754,427,1,0,1
102,684,913,1,0,1
103,4,33,0,0,1
104,653,446,1,0,1
105,574,592,1,1,0
106,866,269,0,1,0
107,630,198,0,1,0
108,892,373,0,1,0
109,824,564,0,0,1
110,355,879,1,0,1
111,0,776,0,1,0
112,801,442,0,1,0
113,869,344,0,1,0
114,555,269,0,1,0
115,890,563,0,1,0
116,57,912,1,0,0
117,695,824,0,1,0
118,413,7,1,0,0
119,203,712,0,1,0
120,688,508,1,0,1
121,882,529,0,1,0
122,4,481,1,0,0
123,640,46,1,0,0
124,250,422,0,1,0
125,852,574,1,0,1
126,808,4,0,1,0
127,675,762,0,1,0
128,211,763,1,0,1
129,531,8,0,1,0
130,463,894,0,1,0
131,3,180,1,0,0
132,909,270,0,1,0
133,4,274,0,1,0
134,664,607,0,1,0
135,308,476,0,1,0
136,196,168,0,1,0
137,545,540,1,0,0
138,609,720,1,0,1
139,606,159,1,0,1
140,0,421,0,1,0
141,611,620,1,0,1
142,558,373,0,1,0
143,781,180,0,1,0
144,413,622,0,1,0
145,162,73,0,1,0
146,500,592,1,0,0
147,472,684,1,1,0
148,755,347,0,1,0
149,282,194,0,1,0
150,157,194,1,0,1
151,672,376,0,1,0
152,385,458,1,0,1
153,322,335,0,1,0
154,0,901,1,0,0
155,48,139,0,1,0
156,555,586,1,0,0
157,190,290,0,1,0
158,423,730,1,1,0
159,846,654,0,1,0
160,790,718,0,1,0
161,138,587,0,1,0
162,843,813,0,1,0
163,682,215,0,1,0
164,89,557,0,1,0
165,547,896,0,1,0
166,829,328,0,1,0
167,250,205,0,1,0
168,238,0,0,1,0
169,883,4,1,0,0
170,554,661,1,0,1
171,975,523,0,1,0
172,137,342,1,1,0
173,2,926,1,0,0
174,186,851,0,1,0
175,99,34,1,0,0
176,591,410,0,1,0
177,397,414,0,1,0
178,380,656,0,1,0
179,709,3,0,1,0
180,534,117,0,1,0
181,936,630,0,1,0
182,458,880,0,1,0
183,728,273,1,0,0
184,366,323,1,1,0
185,547,68,1,0,0
186,861,289,1,0,1
187,714,423,0,1,0
188,394,990,0,1,0
189,848,51,1,0,0
190,954,520,0,1,0
191,950,3,0,1,0
192,929,214,0,1,0
193,451,211,0,1,0
194,0,537,0,1,0
195,543,269,0,1,0
196,6,676,1,0,1
197,966,990,0,1,0
198,732,966,0,1,0
199,813,556,0,1,0
200,538,598,1,0,0
201,206,840,1,1,0
202,205,842,0,1,0
203,947,6,0,1,0
204,27,719,1,0,0
205,664,877,0,1,0
206,181,289,1,0,1
207,784,363,0,1,0
208,294,585,0,1,0
209,790,56,1,0,1
210,233,990,1,0,0
211,731,786,0,1,0
212,28,591,0,1,0
213,580,832,0,1,0
214,990,506,1,0,0
215,510,732,1,0,0
216,347,84,0,1,0
217,446,260,0,1,0
218,663,416,0,1,0
219,309,10,1,0,1
220,1,785,0,0,1
221,746,175,0,1,0
222,3,550,0,1,0
223,411,119,0,1,0
224,302,449,0,1,0
225,649,684,0,1,0
226,345,561,1,0,1
227,486,631,1,0,0
228,950,731,0,1,0
229,462,291,1,0,1
230,304,119,0,1,0
231,988,124,1,1,0
232,803,170,0,1,0
233,215,752,0,1,0
234,430,629,0,1,0
235,665,492,0,1,0
236,368,842,0,1,0
237,308,7,0,1,0
238,526,423,1,0,0
239,254,879,0,1,0
240,202,110,0,0,1
241,278,924,0,1,0
242,279,243,0,1,0
243,180,344,1,0,1
244,257,827,0,1,0
245,812,605,1,0,1
246,782,205,1,0,1
247,539,851,0,1,0
248,321,1,0,1,0
249,687,780,0,1,0
250,856,602,0,1,0
251,927,676,1,0,1
252,707,625,0,1,0
253,654,85,1,0,0
254,154,233,1,0,0
255,113,448,0,1,0
256,653,400,0,0,1
257,723,617,0,1,0
258,584,611,0,1,0
259,791,841,1,0,1
260,823,435,0,1,0
261,565,505,0,1,0
262,3,515,0,1,0
263,869,626,0,1,0
264,66,617,0,1,0
265,190,378,0,1,0
266,41,917,1,0,0
267,256,26,0,0,1
268,753,109,0,1,0
269,892,2,1,0,0
270,825,686,1,0,1
271,754,304,1,0,0
272,885,949,1,0,1
273,496,671,0,1,0
274,108,352,1,0,1
275,112,6,0,1,0
276,511,168,0,0,1
277,696,636,1,0,1
278,503,523,1,0,0
279,384,0,1,0,0
280,223,218,0,1,0
281,217,699,0,1,0
282,510,627,1,0,1
283,990,904,1,0,0
284,877,781,0,1,0
285,821,6,0,1,0
286,853,977,1,0,1
287,2,39,0,1,0
288,5,695,0,1,0
289,144,693,0,1,0
290,578,368,0,1,0
291,853,111,1,0,1
292,28,874,1,0,0
293,9,244,0,1,0
294,43,870,1,0,1
295,239,646,0,1,0
296,245,699,0,1,0
297,327,119,0,1,0
298,669,748,0,1,0
299,60,260,1,0,1
300,442,730,1,0,1
301,713,581,1,0,1
302,157,148,0,0,1
303,2,498,0,1,0
304,542,258,0,1,0
305,942,5,0,1,0
306,730,101,0,1,0
307,565,294,1,0,1
308,838,10,1,0,0
309,461,260,1,0,1
310,852,333,0,1,0
311,766,502,0,1,0
312,211,776,0,1,0
313,352,2,1,0,0
314,8,244,0,1,0
315,896,769,0,1,0
316,6,790,0,1,0
317,800,738,0,0,1
318,587,798,0,1,0
319,61,990,1,0,0
320,744,851,0,1,0
321,760,570,1,0,1
322,791,802,0,1,0
323,828,653,1,0,1
324,2,503,0,1,0
325,586,834,0,1,0
326,286,57,0,1,0
327,799,487,0,1,0
328,110,487,0,1,0
329,107,445,0,1,0
330,613,780,0,1,0
331,8,150,0,1,0
332,728,937,0,1,0
333,208,871,0,1,0
334,205,383,0,1,0
335,776,653,0,1,0
336,863,337,0,1,0
337,410,120,0,1,0
338,758,7,0,1,0
339,5,707,1,0,0
340,901,667,0,1,0
341,829,625,0,1,0
342,523,659,0,1,0
343,557,2,0,1,0
344,962,944,1,0,0
345,476,571,1,0,0
346,180,237,1,0,1
347,293,477,0,1,0
348,266,497,0,1,0
349,794,96,0,1,0
350,91,834,1,0,1
351,495,276,1,0,1
352,354,898,0,1,0
353,845,783,0,1,0
354,876,920,0,1,0
355,4,791,1,0,1
356,155,688,0,1,0
357,104,404,0,1,0
358,561,605,1,0,0
359,665,896,0,1,0
360,366,322,0,1,0
361,4,816,0,1,0
362,713,1,0,1,0
363,608,354,1,0,1
364,845,880,0,1,0
365,819,839,0,1,0
366,377,180,0,1,0
367,464,641,0,1,0
368,247,385,0,1,0
369,171,477,1,0,1
370,680,885,0,1,0
371,9,886,1,0,0
372,763,624,1,0,1
373,367,3,0,1,0
374,879,908,0,1,0
375,525,136,0,1,0
376,215,807,0,1,0
377,500,869,0,1,0
378,524,625,1,0,0
379,126,830,1,0,0
380,828,423,0,1,0
381,836,647,1,0,1
382,707,463,0,1,0
383,462,10,1,0,0
384,835,150,1,0,0
385,438,1,1,0,1
386,870,808,0,1,0
387,313,133,1,1,0
388,751,1,0,1,0
389,398,95,1,0,1
390,8,21,0,1,0
391,66,888,1,0,0
392,178,46,0,1,0
393,269,834,0,1,0
394,747,563,0,1,0
395,257,3,1,0,0
396,72,484,0,1,0
397,5,827,0,1,0
398,233,209,0,1,0
399,691,138,1,0,0
400,567,438,1,0,0
401,749,476,0,0,1
402,359,481,0,1,0
403,307,56,0,1,0
404,138,553,0,1,0
405,926,139,1,1,0
406,713,443,0,1,0
407,312,503,0,1,0
408,7,755,1,0,0
409,569,80,0,1,0
410,319,637,1,0,1
411,447,10,1,0,1
412,541,303,0,1,0
413,756,774,0,1,0
414,207,833,0,1,0
415,481,209,1,0,1
416,171,520,0,1,0
417,580,934,0,1,0
418,294,851,0,1,0
419,406,244,0,1,0
420,731,503,0,1,0
421,883,750,0,1,0
422,32,708,1,0,1
423,283,67,1,0,1
424,177,397,0,1,0
425,164,397,0,1,0
426,47,744,0,1,0
427,313,521,1,0,1
428,980,7,1,0,0
429,585,990,0,1,0
430,366,184,0,1,0
431,566,715,0,1,0
432,866,280,0,1,0
433,809,492,1,0,1
434,413,807,1,1,0
435,854,374,0,1,0
436,488,10,1,0,0
437,797,638,0,1,0
438,518,647,1,0,0
439,872,190,1,0,0
440,291,21,0,1,0
441,744,574,1,0,1
442,439,468,1,0,0
443,233,268,0,1,0
444,126,223,0,0,1
445,286,473,0,1,0
446,793,643,0,1,0
447,392,914,0,1,0
448,659,109,1,0,0
449,88,300,1,0,0
450,907,295,0,1,0
451,301,5,0,1,0
452,966,141,1,0,1
453,233,648,1,0,1
454,637,603,0,1,0
455,617,209,0,1,0
456,990,900,1,0,0
457,644,381,0,1,0
458,339,825,0,1,0
459,10,840,1,0,0
460,978,8,1,0,0
461,445,376,1,0,1
462,625,578,1,0,1
463,827,577,1,0,1
464,575,824,0,1,0
465,834,503,0,1,0
466,232,220,1,0,1
467,465,472,1,0,0
468,27,5,1,0,1
469,737,372,0,1,0
470,689,1,0,1,0
471,7,530,0,1,0
472,854,4,1,0,0
473,8,564,1,0,1
474,303,87,0,0,1
475,336,3,1,0,1
476,325,339,0,1,0
477,558,522,1,0,0
478,419,873,1,0,1
479,772,231,1,0,0
480,822,454,0,1,0
481,234,234,1,0,1
482,236,814,1,0,1
483,524,955,0,1,0
484,874,750,0,1,0
485,631,605,0,1,0
486,317,456,0,1,0
487,104,536,0,0,1
488,341,836,1,1,0
489,596,406,1,0,1
490,862,802,1,0,1
491,427,341,0,1,0
492,990,15,1,0,0
493,733,102,0,1,0
494,538,209,0,1,0
495,94,586,0,1,0
496,135,166,0,1,0
497,652,456,0,1,0
498,181,814,1,0,1
499,952,205,1,0,1
500,329,219,1,0,1
501,87,925,1,0,0
502,567,5,0,1,0
503,754,3,0,1,0
504,236,310,0,1,0
505,612,457,1,0,1
506,690,670,1,0,1
507,612,406,0,1,0
508,342,131,0,1,0
509,118,650,0,1,0
510,553,3,1,0,1
511,922,506,0,1,0
512,886,204,1,0,0
513,49,654,1,0,1
514,645,214,0,1,0
515,163,94,0,1,0
516,839,379,0,1,0
517,598,189,0,1,0
518,678,231,0,1,0
519,379,112,0,1,0
520,754,692,0,1,0
521,893,76,0,1,0
522,275,559,1,0,1
523,476,747,1,1,0
524,808,866,0,1,0
525,611,412,1,0,1
526,2,37,0,1,0
527,466,389,1,0,1
528,754,4,0,1,0
529,302,537,1,0,1
530,935,495,1,0,1
531,474,738,1,0,0
532,143,899,0,1,0
533,48,234,0,1,0
534,852,375,0,1,0
535,251,877,0,1,0
536,881,670,0,1,0
537,366,547,0,1,0
538,440,138,0,1,0
539,603,369,1,0,1
540,461,701,0,1,0
541,484,704,0,1,0
542,662,461,0,1,0
543,2,46,0,1,0
544,304,287,1,0,0
545,52,6,0,1,0
546,120,402,0,1,0
547,429,427,0,1,0
548,88,798,0,0,1
549,638,593,0,1,0
550,763,353,0,1,0
551,243,938,0,1,0
552,929,261,1,0,1
553,381,794,1,0,1
554,512,751,1,1,0
555,188,852,0,1,0
556,346,600,0,1,0
557,299,6,0,1,0
558,859,573,1,0,1
559,688,526,0,1,0
560,779,640,0,1,0
561,696,732,0,1,0
562,839,614,0,1,0
563,435,990,0,1,0
564,1,142,1,0,1
565,195,719,0,1,0
566,173,95,0,1,0
567,217,348,0,1,0
568,747,121,0,1,0
569,210,0,0,1,0
570,791,659,1,0,1
571,248,599,0,1,0
572,603,324,0,1,0
573,194,504,1,0,1
574,893,521,0,1,0
575,540,190,0,1,0
576,56,881,1,0,0
577,331,809,1,0,1
578,189,157,0,1,0
579,737,135,0,1,0
580,210,749,0,1,0
581,0,370,1,0,0
582,367,324,0,1,0
583,500,970,0,1,0
584,315,243,1,0,1
585,133,515,0,1,0
586,790,335,0,1,0
587,801,6,0,1,0
588,259,595,0,1,0
589,559,781,0,1,0
590,432,326,0,1,0
591,799,390,1,0,1
592,808,834,0,1,0
593,268,707,0,1,0
594,785,586,0,1,0
595,578,868,1,0,1
596,321,843,0,1,0
597,760,595,0,1,0
598,154,346,0,1,0
599,98,370,0,1,0
600,930,244,0,1,0
601,718,813,0,1,0
602,711,461,0,1,0
603,0,429,0,1,0
604,504,96,0,1,0
605,381,379,0,1,0
606,811,9,1,0,1
607,126,296,0,1,0
608,540,635,1,0,0
609,371,400,0,1,0
610,754,924,0,1,0
611,453,246,0,1,0
612,327,852,0,1,0
613,32,513,0,1,0
614,588,754,1,0,1
615,507,4,0,1,0
616,917,801,1,0,0
617,717,595,0,1,0
618,426,245,0,1,0
619,672,221,0,1,0
620,1,76,0,1,0
621,532,310,0,1,0
622,539,0,0,1,0
623,167,364,0,1,0
624,691,357,1,0,1
625,264,490,0,1,0
626,0,20,0,1,0
627,134,330,0,1,0
628,833,6,1,0,0
629,650,651,0,1,0
630,742,485,0,1,0
631,898,911,0,1,0
632,990,792,1,0,0
633,179,249,0,1,0
634,844,263,0,1,0
635,553,877,0,1,0
636,775,813,0,1,0
637,204,424,0,1,0
638,348,555,1,0,0
639,643,337,1,0,1
640,181,767,0,1,0
641,5,586,0,1,0
642,4,967,0,1,0
643,939,597,0,1,0
644,518,250,0,1,0
645,38,210,0,1,0
646,619,193,0,1,0
647,4,644,0,1,0
648,106,239,0,1,0
649,694,385,0,1,0
650,954,990,0,1,0
651,783,337,0,1,0
652,270,414,0,1,0
653,219,6,0,1,0
654,8,824,0,1,0
655,508,2,0,1,0
656,403,385,0,1,0
657,682,240,0,1,0
658,300,718,0,1,0
659,276,45,1,0,1
660,299,99,1,0,1
661,332,603,1,0,1
662,346,159,1,0,1
663,700,370,0,1,0
664,137,616,0,1,0
665,246,543,0,1,0
666,147,409,0,1,0
667,589,104,0,1,0
668,944,647,0,1,0
669,921,0,1,0,0
670,265,364,0,1,0
671,788,675,0,1,0
672,915,664,0,1,0
673,736,288,1,0,1
674,726,303,0,1,0
675,688,588,0,1,0
676,805,892,0,1,0
677,888,913,0,1,0
678,491,383,1,0,0
679,3,147,0,1,0
680,559,503,0,1,0
681,489,0,1,0,0
682,137,738,0,1,0
683,0,604,0,1,0
684,201,39,0,1,0
685,396,226,1,0,1
686,848,112,0,1,0
687,813,559,1,0,1
688,553,778,0,1,0
689,790,735,1,0,1
690,596,578,0,1,0
691,221,706,0,1,0
692,764,753,0,1,0
693,413,859,0,1,0
694,676,299,1,0,0
695,666,418,0,1,0
696,830,418,1,0,1
697,567,322,0,1,0
698,203,452,1,0,1
699,126,677,0,1,0
700,751,306,1,0,1
701,95,946,1,0,0
702,531,426,0,1,0
703,397,1,1,0,0
704,305,863,0,1,0
705,6,645,0,1,0
706,550,0,1,0,1
707,479,713,0,1,0
708,870,295,0,1,0
709,536,10,0,1,0
710,679,169,0,1,0
711,382,587,0,1,0
712,2,579,0,1,0
713,882,810,0,1,0
714,886,424,0,1,0
715,582,9,0,1,0
716,103,870,0,1,0
717,784,730,1,0,1
718,420,377,1,0,1
719,654,900,0,1,0
720,429,407,0,1,0
721,858,94,0,1,0
722,976,140,0,1,0
723,920,895,0,1,0
724,108,846,0,1,0
725,586,180,0,1,0
726,304,498,0,1,0
727,6,951,1,0,0
728,475,862,0,0,1
729,3,523,0,1,0
730,242,234,0,1,0
731,140,718,0,1,0
732,523,777,1,0,1
733,433,155,1,0,1
734,2,268,0,1,0
735,156,585,0,1,0
736,553,498,1,1,0
737,199,6,1,0,0
738,42,836,0,1,0
739,153,685,0,1,0
740,89,114,0,1,0
741,937,9,0,1,0
742,692,817,0,1,0
743,366,641,0,1,0
744,827,594,0,1,0
745,472,850,1,0,1
746,159,292,1,0,1
747,0,520,1,0,1
748,482,680,0,1,0
749,941,113,0,1,0
750,990,874,1,0,0
751,918,113,0,1,0
752,291,518,1,0,1
753,9,945,1,0,0
754,505,246,0,1,0
755,547,549,0,1,0
756,834,507,0,1,0
757,850,822,0,1,0
758,503,794,0,1,0
759,8,160,1,0,1
760,566,198,0,1,0
761,568,965,0,1,0
762,616,497,0,1,0
763,811,504,0,1,0
764,334,7,0,1,0
765,393,736,1,0,1
766,734,436,0,1,0
767,259,752,1,0,1
768,946,8,0,1,0
769,351,10,1,0,0
770,438,186,1,0,1
771,305,453,0,1,0
772,865,656,0,1,0
773,899,608,0,1,0
774,842,566,0,1,0
775,583,670,0,1,0
776,827,382,1,0,1
777,126,76,0,1,0
778,868,659,0,1,0
779,118,2,0,1,0
780,243,784,0,1,0
781,657,549,0,1,0
782,365,176,0,1,0
783,159,228,1,0,1
784,228,3,1,0,1
785,721,147,1,0,1
786,822,163,1,0,1
787,638,865,0,1,0
788,10,911,1,0,0
789,102,913,1,0,0
790,538,117,0,1,0
791,174,652,0,1,0
792,3,983,1,0,0
793,1,688,0,1,0
794,213,586,0,1,0
795,928,700,1,0,1
796,413,715,1,1,0
797,981,207,0,1,0
798,945,501,0,1,0
799,862,478,0,1,0
800,481,461,1,0,0
801,229,156,0,1,0
802,367,296,0,1,0
803,263,136,0,1,0
804,501,8,0,1,0
805,810,265,1,0,0
806,876,418,0,1,0
807,406,130,1,0,1
808,841,587,0,1,0
809,5,242,0,1,0
810,862,620,0,1,0
811,656,429,0,1,0
812,914,647,0,1,0
813,119,619,1,0,1
814,823,10,0,1,0
815,518,387,0,1,0
816,537,154,0,1,0
817,372,874,0,1,0
818,709,492,1,0,1
819,788,929,0,1,0
820,175,738,0,1,0
821,525,66,0,1,0
822,262,654,0,1,0
823,990,839,0,1,0
824,29,663,1,0,0
825,520,810,0,1,0
826,399,0,1,0,0
827,682,906,0,1,0
828,601,920,0,1,0
829,768,480,0,1,0
830,616,672,0,1,0
831,594,602,0,1,0
832,227,445,0,1,0
833,161,2,0,1,0
834,10,194,1,1,0
835,784,541,0,1,0
836,454,327,1,0,1
837,878,788,0,1,0
838,4,381,1,0,1
839,963,1,0,1,0
840,255,537,0,1,0
841,413,679,0,1,0
842,286,992,0,1,0
843,549,602,1,0,0
844,134,386,1,0,1
845,674,162,0,1,0
846,445,264,0,1,0
847,227,626,0,1,0
848,879,808,0,1,0
849,990,856,0,1,0
850,593,3,0,1,0
851,402,585,0,1,0
852,331,774,1,0,1
853,192,655,0,1,0
854,444,217,0,1,0
855,182,380,0,1,0
856,408,910,0,1,0
857,294,739,1,0,0
858,418,410,0,0,1
859,921,147,0,1,0
860,381,863,0,1,0
861,770,946,0,1,0
862,5,280,0,1,0
863,770,52,1,0,0
864,216,386,0,1,0
865,226,559,1,0,1
866,107,236,0,1,0
867,49,218,0,1,0
868,639,720,0,1,0
869,692,429,0,1,0
870,661,812,1,0,1
871,352,704,0,1,0
872,9,208,0,1,0
873,883,509,0,1,0
874,632,349,0,1,0
875,925,952,0,1,0
876,964,711,0,1,0
877,227,265,0,1,0
878,920,530,0,1,0
879,620,736,1,0,1
880,343,945,0,1,0
881,488,536,1,0,0
882,4,31,1,0,1
883,857,311,0,1,0
884,5,672,0,1,0
885,556,843,0,1,0
886,507,105,0,1,0
887,369,720,0,1,0
888,579,222,0,1,0
889,174,10,1,0,1
890,592,670,0,1,0
891,461,310,0,1,0
892,960,667,1,0,1
893,5,851,1,0,0
894,516,990,0,1,0
895,93,9,1,0,0
896,906,268,0,1,0
897,776,232,1,0,0
898,310,223,0,1,0
899,58,960,1,0,0
900,426,392,1,0,1
901,587,9,0,1,0
902,272,765,1,0,1
903,641,707,0,1,0
904,970,717,0,1,0
905,619,534,0,1,0
906,6,112,1,0,0
907,251,779,1,0,1
908,217,553,0,1,0
909,72,990,1,0,0
910,990,389,1,0,1
911,209,264,0,1,0
912,590,687,0,1,0
913,586,746,0,1,0
914,546,245,0,1,0
915,610,354,0,1,0
916,759,8,0,1,0
917,371,879,1,0,1
918,4,403,1,0,0
919,569,421,0,1,0
920,587,722,0,1,0
921,326,822,1,0,1
922,624,764,0,1,0
923,628,478,1,0,1
924,512,145,0,1,0
925,438,849,0,1,0
926,991,660,0,1,0
927,217,10,0,1,0
928,711,530,0,1,0
929,835,482,1,0,1
930,418,10,1,0,0
931,926,625,0,1,0
932,161,44,0,1,0
933,537,560,1,1,0
934,942,932,0,1,0
935,193,121,1,0,1
936,778,9,0,1,0
937,648,281,0,1,0
938,448,470,1,0,0
939,348,517,1,1,0
940,379,973,0,1,0
941,123,308,0,1,0
942,720,163,1,0,1
943,746,193,0,1,0
944,969,42,0,1,0
945,210,402,1,0,1
946,541,893,0,1,0
947,659,843,0,1,0
948,0,908,1,0,0
949,1,458,0,1,0
950,380,579,1,0,1
951,230,632,0,1,0
952,428,5,0,1,0
953,499,693,1,0,1
954,586,531,0,1,0
955,180,4,0,1,0
956,337,163,0,1,0
957,381,224,1,1,0
958,427,236,0,1,0
959,794,668,0,1,0
960,608,944,0,1,0
961,198,605,0,1,0
962,731,990,1,0,1
963,251,354,0,1,0
964,61,2,1,1,0
965,369,121,0,1,0
966,500,267,1,0,1
967,7,793,0,1,0
968,275,294,0,0,1
969,63,10,0,1,0
970,3,673,0,1,0
971,515,641,1,0,0
972,536,181,0,1,0
973,789,770,0,1,0
974,1,719,1,0,0
975,372,422,0,1,0
976,845,697,1,0,1
977,311,617,0,1,0
978,471,188,0,1,0
979,248,792,0,1,0
980,704,393,0,1,0
981,603,883,0,1,0
982,462,251,0,1,0
983,429,492,1,0,0
984,205,444,0,1,0
985,420,329,0,1,0
986,590,6,0,1,0
987,721,7,1,0,1
988,517,270,0,1,0
989,93,633,0,1,0
990,83,587,1,0,1
991,713,141,0,1,0
992,266,46,0,1,0
993,8,24,0,1,0
994,144,156,0,1,0
995,732,892,0,1,0
996,665,653,0,1,0
997,16,87,1,0,1
998,698,647,0,1,0
999,707,542,0,1,0
