Index,x,y,alive,infected,immune
0,775,318,0,1,0
1,5,697,1,0,1
2,956,162,0,0,1
3,559,915,1,0,1
4,985,806,0,1,0
5,385,122,0,1,0
6,496,94,0,1,0
7,2,559,0,1,0
8,345,790,1,0,1
9,847,592,0,1,0
10,423,131,0,1,0
11,600,119,0,1,0
12,515,1,0,1,0
13,44,350,0,1,0
14,841,234,0,1,0
15,83,781,0,1,0
16,480,369,1,0,1
17,800,685,0,1,0
18,965,153,0,1,0
19,671,791,0,1,0
20,948,557,0,1,0
21,311,321,0,1,0
22,401,808,0,1,0
23,256,163,1,0,1
24,210,430,0,1,0
25,7,153,0,1,0
26,795,5,0,1,0
27,685,389,0,1,0
28,105,107,0,1,0
29,503,904,0,1,0
30,715,650,0,1,0
31,561,2,0,1,0
32,730,863,1,0,1
33,9,275,1,0,1
34,242,851,0,1,0
35,281,6,0,1,0
36,629,9,1,0,1
37,950,676,0,1,0
38,2,585,0,1,0
39,378,764,0,1,0
40,217,7,0,1,0
41,609,542,1,0,1
42,523,203,1,0,1
43,142,436,0,1,0
44,495,260,0,1,0
45,210,122,0,1,0
46,531,935,1,0,1
47,777,523,0,1,0
48,715,324,0,1,0
49,495,147,0,1,0
50,527,916,0,1,0
51,852,682,0,1,0
52,135,378,0,1,0
53,190,331,0,1,0
54,275,757,0,1,0
55,560,275,0,0,1
56,691,181,0,1,0
57,535,298,0,1,0
58,176,342,0,1,0
59,990,407,0,1,0
60,174,665,0,1,0
61,594,3,0,1,0
62,451,931,0,1,0
63,148,427,0,1,0
64,3,962,0,1,0
65,1,349,1,0,1
66,11,840,0,1,0
67,792,811,0,1,0
68,634,789,0,1,0
69,688,907,0,1,0
70,589,830,0,1,0
71,747,10,0,1,0
72,521,778,0,1,0
73,561,776,0,1,0
74,335,5,0,1,0
75,990,163,1,0,1
76,94,317,0,1,0
77,411,240,1,0,1
78,316,764,1,0,1
79,964,56,0,1,0
80,117,537,0,1,0
81,739,825,0,1,0
82,106,106,0,1,0
83,270,921,0,1,0
84,344,556,0,1,0
85,200,281,0,1,0
86,369,648,1,0,1
87,887,562,0,1,0
88,622,94,0,1,0
89,613,1,0,1,0
90,233,144,0,1,0
91,192,490,0,1,0
92,268,551,0,1,0
93,495,941,0,1,0
94,624,338,0,1,0
95,215,891,0,1,0
96,779,868,0,1,0
97,511,551,0,1,0
98,116,72,0,1,0
99,711,192,0,1,0
100,261,267,0,1,0
101,765,450,1,0,1
102,654,938,1,0,1
103,4,33,0,0,1
104,641,437,1,0,1
105,593,566,1,0,1
106,871,249,0,1,0
107,617,216,0,1,0
108,871,335,0,1,0
109,820,579,0,0,1
110,375,869,1,0,1
111,7,776,0,1,0
112,808,408,0,1,0
113,845,295,0,1,0
114,566,250,0,1,0
115,884,549,0,1,0
116,47,901,1,0,0
117,707,830,0,1,0
118,413,8,1,0,0
119,212,722,0,1,0
120,706,469,1,0,1
121,878,531,0,1,0
122,0,481,1,0,0
123,612,23,1,0,0
124,278,437,0,1,0
125,853,551,1,0,1
126,808,6,0,1,0
127,673,744,0,1,0
128,243,771,1,0,1
129,531,8,0,1,0
130,462,886,0,1,0
131,7,180,1,0,0
132,894,266,0,1,0
133,5,274,0,1,0
134,646,581,0,1,0
135,329,445,0,1,0
136,197,157,0,1,0
137,555,564,0,1,0
138,624,740,1,0,1
139,630,159,1,0,1
140,9,421,0,1,0
141,620,638,1,0,1
142,514,378,0,1,0
143,824,187,0,1,0
144,406,612,0,1,0
145,167,90,0,1,0
146,476,584,1,0,0
147,477,679,0,1,0
148,741,355,0,1,0
149,270,210,0,1,0
150,161,215,1,0,1
151,709,343,0,1,0
152,426,467,1,0,1
153,342,357,0,1,0
154,2,901,1,0,0
155,68,143,0,1,0
156,598,606,1,1,0
157,208,285,0,1,0
158,446,732,0,1,0
159,875,611,0,1,0
160,782,722,0,1,0
161,126,570,0,1,0
162,802,780,0,1,0
163,661,183,0,1,0
164,84,561,0,1,0
165,536,910,0,1,0
166,845,278,0,1,0
167,260,164,0,1,0
168,238,3,0,1,0
169,883,4,1,0,0
170,568,678,1,0,1
171,985,509,0,1,0
172,142,381,0,1,0
173,7,926,1,0,0
174,184,858,0,1,0
175,75,69,1,0,0
176,575,432,0,1,0
177,392,393,0,1,0
178,398,641,0,1,0
179,709,9,0,1,0
180,495,135,0,1,0
181,985,648,0,1,0
182,490,863,0,1,0
183,707,278,1,0,0
184,340,332,1,0,1
185,519,71,1,1,0
186,846,260,1,0,1
187,769,467,0,1,0
188,394,990,0,1,0
189,856,57,1,0,0
190,907,522,0,1,0
191,950,9,0,1,0
192,889,242,0,1,0
193,479,241,0,1,0
194,5,537,0,1,0
195,559,265,0,1,0
196,2,676,1,0,1
197,966,990,0,1,0
198,711,927,0,1,0
199,778,558,0,1,0
200,507,643,1,0,0
201,160,890,0,1,0
202,201,817,0,1,0
203,947,0,0,1,0
204,6,719,1,1,0
205,735,881,0,1,0
206,200,269,1,0,1
207,731,386,0,1,0
208,265,615,0,1,0
209,786,42,1,0,1
210,233,990,1,0,0
211,713,782,0,1,0
212,30,595,0,1,0
213,611,880,0,1,0
214,990,506,1,1,0
215,516,653,1,1,0
216,360,87,0,1,0
217,479,299,0,1,0
218,664,384,0,1,0
219,309,10,1,0,1
220,7,785,0,0,1
221,738,198,0,1,0
222,1,550,0,1,0
223,439,94,0,1,0
224,274,478,0,1,0
225,657,699,0,1,0
226,294,525,1,0,1
227,510,676,1,1,0
228,945,713,0,1,0
229,467,307,1,0,1
230,318,147,0,1,0
231,4,120,1,0,1
232,800,123,0,1,0
233,215,744,0,1,0
234,438,650,0,1,0
235,676,481,0,1,0
236,398,837,0,1,0
237,308,5,0,1,0
238,504,354,1,1,0
239,249,920,0,1,0
240,174,150,0,0,1
241,266,926,0,1,0
242,258,240,0,1,0
243,175,318,1,0,1
244,238,818,0,1,0
245,845,610,1,0,1
246,755,200,1,0,1
247,567,832,0,1,0
248,321,9,0,1,0
249,671,788,0,1,0
250,896,603,0,1,0
251,894,692,1,0,1
252,674,613,0,1,0
253,657,126,1,0,0
254,113,224,1,0,0
255,102,429,0,1,0
256,623,415,0,0,1
257,773,593,0,1,0
258,593,576,0,1,0
259,797,821,1,0,1
260,788,435,0,1,0
261,597,515,0,1,0
262,8,515,0,1,0
263,888,679,0,1,0
264,49,636,0,1,0
265,194,378,0,1,0
266,41,897,1,0,0
267,269,37,0,0,1
268,759,114,0,1,0
269,892,7,1,0,0
270,787,731,1,0,1
271,729,328,1,1,0
272,824,960,1,0,1
273,455,684,0,1,0
274,97,359,1,0,1
275,112,3,0,1,0
276,507,149,0,0,1
277,711,685,1,0,1
278,541,531,1,1,0
279,384,8,1,0,0
280,243,194,0,1,0
281,202,728,0,1,0
282,488,663,1,0,1
283,990,904,1,0,0
284,864,784,0,1,0
285,821,3,0,1,0
286,838,942,1,0,1
287,9,39,0,1,0
288,0,695,0,1,0
289,146,698,0,1,0
290,561,391,0,1,0
291,850,127,1,0,1
292,42,857,1,0,0
293,5,244,0,1,0
294,17,897,1,0,1
295,219,639,0,1,0
296,243,690,0,1,0
297,338,101,0,1,0
298,649,770,0,1,0
299,60,298,1,0,1
300,493,719,1,0,1
301,677,577,1,0,1
302,211,149,0,0,1
303,2,498,0,1,0
304,573,208,0,1,0
305,942,8,0,1,0
306,775,86,0,1,0
307,573,249,1,0,1
308,838,10,1,0,0
309,426,223,1,0,1
310,850,327,0,1,0
311,795,543,0,1,0
312,222,802,0,1,0
313,352,9,1,1,0
314,2,244,0,1,0
315,896,751,0,1,0
316,1,790,0,1,0
317,787,756,0,0,1
318,531,777,0,1,0
319,61,990,1,0,0
320,736,868,0,1,0
321,746,598,1,0,1
322,784,816,0,1,0
323,844,635,1,0,1
324,4,503,0,1,0
325,585,844,0,1,0
326,265,61,0,1,0
327,808,480,0,1,0
328,144,452,0,1,0
329,98,394,0,1,0
330,619,783,0,1,0
331,2,150,0,1,0
332,698,964,0,1,0
333,239,854,0,1,0
334,180,405,0,1,0
335,762,709,0,1,0
336,873,326,0,1,0
337,428,120,0,1,0
338,758,5,0,1,0
339,4,707,1,1,0
340,866,697,0,1,0
341,869,614,0,1,0
342,570,672,0,1,0
343,557,8,0,1,0
344,983,935,1,0,0
345,504,591,1,0,0
346,170,213,1,0,1
347,273,504,0,1,0
348,248,463,0,1,0
349,746,105,0,1,0
350,122,837,1,0,1
351,487,248,1,0,1
352,355,960,0,1,0
353,857,768,0,1,0
354,819,915,0,1,0
355,0,791,1,0,1
356,136,670,0,1,0
357,89,425,0,1,0
358,575,580,0,1,0
359,636,903,0,1,0
360,393,316,0,1,0
361,8,816,0,1,0
362,713,7,0,1,0
363,599,371,1,0,1
364,879,851,0,1,0
365,833,850,0,1,0
366,315,182,0,1,0
367,429,589,0,1,0
368,254,394,0,1,0
369,167,475,1,0,1
370,621,852,0,1,0
371,2,886,1,0,0
372,765,634,1,0,1
373,367,6,0,1,0
374,877,922,0,1,0
375,510,150,0,1,0
376,178,845,0,1,0
377,501,896,0,1,0
378,504,654,1,1,0
379,104,878,0,1,0
380,812,439,0,1,0
381,855,657,1,0,1
382,706,482,0,1,0
383,462,10,1,0,0
384,849,173,1,0,0
385,438,0,1,0,1
386,892,769,0,1,0
387,287,158,0,1,0
388,751,9,0,1,0
389,396,131,1,0,1
390,5,21,0,1,0
391,12,900,1,0,0
392,175,55,0,1,0
393,228,812,0,1,0
394,764,565,0,1,0
395,257,4,1,0,0
396,41,489,0,1,0
397,4,827,0,1,0
398,244,230,0,1,0
399,713,100,1,1,0
400,546,434,1,0,0
401,736,466,0,0,1
402,345,532,0,1,0
403,349,78,0,1,0
404,108,585,0,1,0
405,909,92,0,0,1
406,713,435,0,1,0
407,287,470,0,1,0
408,7,755,1,0,0
409,594,81,0,1,0
410,311,669,1,0,1
411,447,10,1,0,1
412,529,280,0,1,0
413,794,785,0,1,0
414,234,857,0,1,0
415,476,190,1,0,1
416,173,477,0,1,0
417,599,897,0,1,0
418,287,897,0,1,0
419,413,271,0,1,0
420,739,487,0,1,0
421,886,756,0,1,0
422,18,680,1,0,1
423,273,35,1,0,1
424,201,390,0,1,0
425,129,370,0,1,0
426,81,781,0,1,0
427,300,555,1,0,1
428,980,5,1,0,0
429,585,990,0,1,0
430,362,161,0,1,0
431,609,669,0,1,0
432,875,263,0,1,0
433,800,445,1,0,1
434,429,838,0,1,0
435,839,407,0,1,0
436,488,10,1,0,0
437,778,630,0,1,0
438,528,676,0,1,0
439,854,142,0,1,0
440,281,9,0,1,0
441,694,586,1,0,1
442,424,435,1,0,0
443,283,286,0,1,0
444,143,213,0,0,1
445,296,463,0,1,0
446,783,629,0,1,0
447,409,920,0,1,0
448,658,84,1,0,0
449,65,279,1,0,0
450,897,284,0,1,0
451,301,1,0,1,0
452,943,147,1,0,1
453,273,686,1,0,1
454,630,628,0,1,0
455,597,183,0,1,0
456,990,900,1,0,0
457,660,355,0,1,0
458,311,793,0,1,0
459,10,840,1,1,0
460,978,5,1,0,0
461,483,378,1,0,1
462,645,593,1,0,1
463,851,575,1,0,1
464,579,855,0,1,0
465,870,505,0,1,0
466,209,241,1,0,1
467,471,430,1,0,0
468,27,8,1,0,1
469,732,372,0,1,0
470,689,1,0,1,0
471,7,530,0,1,0
472,854,7,1,0,0
473,3,564,1,0,1
474,327,90,0,0,1
475,336,9,1,0,1
476,334,363,0,1,0
477,553,530,0,1,0
478,452,826,1,0,1
479,711,247,1,0,0
480,852,438,0,1,0
481,237,241,1,0,1
482,243,840,1,0,1
483,515,8,0,1,0
484,889,728,0,1,0
485,608,580,0,1,0
486,333,511,0,1,0
487,116,528,0,0,1
488,360,819,0,1,0
489,614,395,1,0,1
490,863,776,1,0,1
491,407,335,0,1,0
492,990,15,1,0,0
493,751,98,0,1,0
494,587,188,0,1,0
495,85,582,0,1,0
496,144,169,0,1,0
497,627,514,0,1,0
498,196,802,1,0,1
499,930,189,1,0,1
500,316,246,1,0,1
501,108,945,1,0,0
502,567,1,0,1,0
503,754,0,0,1,0
504,227,294,0,1,0
505,609,458,1,0,1
506,691,681,1,0,1
507,619,389,0,1,0
508,330,130,0,1,0
509,155,650,0,1,0
510,553,3,1,0,1
511,990,529,0,1,0
512,881,181,1,0,0
513,9,676,1,0,1
514,681,175,0,1,0
515,142,138,0,1,0
516,881,397,0,1,0
517,603,175,0,1,0
518,700,244,0,1,0
519,374,120,0,1,0
520,720,679,0,1,0
521,942,110,0,1,0
522,270,523,1,0,1
523,451,733,0,1,0
524,809,841,0,1,0
525,589,415,1,0,1
526,8,37,0,1,0
527,466,406,1,0,1
528,754,9,0,1,0
529,288,553,1,0,1
530,944,491,1,0,1
531,442,722,0,1,0
532,146,925,0,1,0
533,56,208,0,1,0
534,840,353,0,1,0
535,288,832,0,1,0
536,837,699,0,1,0
537,392,586,0,1,0
538,437,128,0,1,0
539,606,422,1,0,1
540,474,649,0,1,0
541,446,687,0,1,0
542,672,503,0,1,0
543,7,46,0,1,0
544,307,283,1,0,0
545,52,2,0,1,0
546,117,396,0,1,0
547,446,388,0,1,0
548,60,829,0,0,1
549,631,580,0,1,0
550,787,364,0,1,0
551,224,932,0,1,0
552,964,287,1,0,1
553,371,795,1,0,1
554,479,773,0,1,0
555,215,865,0,1,0
556,319,614,0,1,0
557,299,2,0,1,0
558,846,544,1,0,1
559,725,511,0,1,0
560,796,653,0,1,0
561,679,763,0,1,0
562,818,604,0,1,0
563,435,990,0,1,0
564,9,142,1,0,1
565,190,705,0,1,0
566,173,101,0,1,0
567,274,347,0,1,0
568,755,154,0,1,0
569,210,8,0,1,0
570,740,671,1,0,1
571,269,630,0,1,0
572,646,340,0,1,0
573,178,527,1,0,1
574,886,536,0,1,0
575,524,188,0,1,0
576,30,859,1,0,0
577,347,825,1,0,1
578,176,160,0,1,0
579,732,130,0,1,0
580,186,757,0,1,0
581,4,370,1,0,0
582,340,324,0,1,0
583,487,979,0,1,0
584,295,209,1,0,1
585,172,516,0,1,0
586,814,309,0,1,0
587,801,6,0,1,0
588,281,580,0,1,0
589,554,779,0,1,0
590,400,369,0,1,0
591,801,399,1,0,1
592,789,843,0,1,0
593,256,683,0,1,0
594,800,581,0,1,0
595,603,896,1,0,1
596,328,813,0,1,0
597,797,611,0,1,0
598,167,327,0,1,0
599,87,330,0,1,0
600,908,259,0,1,0
601,734,797,0,1,0
602,712,446,0,1,0
603,2,429,0,1,0
604,521,73,0,1,0
605,383,371,0,1,0
606,811,2,1,0,1
607,169,269,0,1,0
608,505,635,1,0,0
609,381,433,0,1,0
610,755,933,0,1,0
611,409,265,0,1,0
612,336,835,0,1,0
613,35,526,0,1,0
614,600,764,1,0,1
615,507,4,0,1,0
616,921,820,1,0,0
617,720,597,0,1,0
618,442,281,0,1,0
619,690,220,0,1,0
620,5,76,0,1,0
621,506,289,0,1,0
622,539,9,0,1,0
623,139,377,0,1,0
624,668,372,1,0,1
625,236,475,0,1,0
626,1,20,0,1,0
627,107,329,0,1,0
628,833,2,1,0,0
629,641,651,0,1,0
630,751,469,0,1,0
631,900,872,0,1,0
632,990,792,1,0,0
633,159,229,0,1,0
634,863,267,0,1,0
635,548,863,0,1,0
636,761,779,0,1,0
637,181,483,0,1,0
638,372,538,1,1,0
639,689,341,1,0,1
640,169,739,0,1,0
641,1,586,0,1,0
642,6,967,0,1,0
643,926,623,0,1,0
644,525,263,0,1,0
645,91,195,0,1,0
646,622,195,0,1,0
647,1,644,0,1,0
648,104,247,0,1,0
649,755,398,0,1,0
650,954,990,0,1,0
651,750,335,0,1,0
652,270,453,0,1,0
653,219,1,0,1,0
654,0,824,0,1,0
655,508,7,0,1,0
656,374,406,0,1,0
657,676,210,0,1,0
658,316,741,0,1,0
659,250,44,1,0,1
660,279,115,1,0,1
661,334,630,1,0,1
662,360,166,1,0,1
663,691,406,0,1,0
664,126,589,0,1,0
665,243,563,0,1,0
666,142,426,0,1,0
667,574,109,0,1,0
668,939,622,0,1,0
669,921,7,1,0,0
670,208,337,0,1,0
671,799,695,0,1,0
672,921,683,0,1,0
673,744,268,1,0,1
674,730,338,0,1,0
675,655,562,0,1,0
676,817,885,0,1,0
677,910,884,0,1,0
678,517,376,1,1,0
679,2,147,0,1,0
680,557,460,0,1,0
681,489,7,1,0,0
682,135,734,0,1,0
683,2,604,0,1,0
684,213,60,0,1,0
685,382,266,1,0,1
686,827,124,0,1,0
687,793,520,1,0,1
688,576,795,0,1,0
689,805,752,1,0,1
690,613,580,0,1,0
691,215,742,0,1,0
692,788,744,0,1,0
693,416,825,0,1,0
694,660,310,1,0,0
695,702,423,0,1,0
696,840,478,1,0,1
697,570,354,0,1,0
698,173,463,1,0,1
699,109,720,0,1,0
700,756,259,1,0,1
701,87,957,1,0,0
702,551,412,0,1,0
703,397,6,1,0,0
704,281,884,0,1,0
705,0,645,0,1,0
706,550,7,1,0,1
707,474,700,0,1,0
708,873,315,0,1,0
709,536,10,0,1,0
710,663,160,0,1,0
711,356,594,0,1,0
712,0,579,0,1,0
713,880,794,0,1,0
714,869,428,0,1,0
715,582,0,0,1,0
716,93,861,0,1,0
717,782,743,1,0,1
718,426,379,1,0,1
719,652,892,0,1,0
720,443,391,0,1,0
721,875,75,0,1,0
722,961,141,0,1,0
723,931,869,0,1,0
724,115,877,0,1,0
725,595,185,0,1,0
726,287,519,0,1,0
727,9,951,1,0,0
728,512,896,0,0,1
729,6,523,0,1,0
730,187,254,0,1,0
731,122,712,0,1,0
732,495,761,1,0,1
733,417,131,1,0,1
734,8,268,0,1,0
735,162,544,0,1,0
736,584,474,0,1,0
737,199,7,1,0,0
738,78,855,0,1,0
739,165,720,0,1,0
740,99,98,0,1,0
741,937,6,0,1,0
742,692,799,0,1,0
743,312,630,0,1,0
744,820,630,0,1,0
745,447,869,1,0,1
746,138,258,1,0,1
747,9,520,1,0,1
748,513,678,0,1,0
749,943,100,0,1,0
750,990,874,1,0,0
751,912,84,0,1,0
752,306,521,1,0,1
753,2,945,1,0,0
754,487,216,0,1,0
755,545,582,0,1,0
756,824,518,0,1,0
757,822,839,0,1,0
758,528,788,0,1,0
759,7,160,1,0,1
760,535,193,0,1,0
761,579,5,0,1,0
762,601,539,0,1,0
763,799,481,0,1,0
764,334,2,0,1,0
765,380,711,1,0,1
766,730,462,0,1,0
767,221,776,1,0,1
768,946,3,0,1,0
769,351,10,1,1,0
770,429,184,1,0,1
771,279,433,0,1,0
772,826,672,0,1,0
773,899,635,0,1,0
774,857,589,0,1,0
775,574,681,0,1,0
776,775,402,1,0,1
777,103,106,0,1,0
778,889,639,0,1,0
779,118,5,0,1,0
780,261,814,0,1,0
781,674,565,0,1,0
782,343,149,0,1,0
783,157,269,1,0,1
784,228,5,1,0,1
785,702,155,1,0,1
786,816,155,1,0,1
787,686,859,0,1,0
788,10,911,1,0,0
789,93,900,1,0,0
790,516,95,0,1,0
791,199,651,0,1,0
792,9,983,1,0,0
793,4,688,0,1,0
794,225,584,0,1,0
795,910,739,1,0,1
796,386,735,0,1,0
797,973,191,0,1,0
798,937,482,0,1,0
799,909,444,0,1,0
800,492,475,1,0,0
801,237,176,0,1,0
802,369,248,0,1,0
803,249,129,0,1,0
804,501,5,0,1,0
805,792,257,1,0,0
806,891,376,0,1,0
807,421,108,1,0,1
808,842,576,0,1,0
809,9,242,0,1,0
810,879,608,0,1,0
811,677,461,0,1,0
812,885,647,0,1,0
813,137,611,1,0,1
814,823,10,0,1,0
815,542,335,0,1,0
816,568,125,0,1,0
817,366,893,0,1,0
818,793,469,1,0,1
819,810,902,0,1,0
820,190,724,0,1,0
821,514,56,0,1,0
822,281,661,0,1,0
823,990,839,0,1,0
824,8,640,0,1,0
825,538,774,0,1,0
826,399,9,1,0,0
827,667,890,0,1,0
828,601,909,0,1,0
829,745,468,0,1,0
830,641,646,0,1,0
831,590,579,0,1,0
832,192,435,0,1,0
833,161,2,0,1,0
834,10,194,0,1,0
835,795,585,0,1,0
836,418,302,1,0,1
837,897,779,0,1,0
838,6,381,1,0,1
839,963,6,0,1,0
840,229,531,0,1,0
841,400,674,0,1,0
842,286,0,0,1,0
843,585,564,1,1,0
844,133,373,1,0,1
845,680,146,0,1,0
846,408,272,0,1,0
847,224,631,0,1,0
848,846,853,0,1,0
849,990,856,0,1,0
850,593,3,0,1,0
851,392,564,0,1,0
852,334,784,1,0,1
853,192,642,0,1,0
854,407,202,0,1,0
855,234,409,0,1,0
856,452,873,0,1,0
857,272,751,0,1,0
858,420,441,0,0,1
859,870,153,0,1,0
860,378,846,0,1,0
861,741,958,0,1,0
862,7,280,0,1,0
863,793,8,0,1,0
864,244,406,0,1,0
865,192,549,1,0,1
866,87,256,0,1,0
867,13,193,0,1,0
868,692,713,0,1,0
869,655,439,0,1,0
870,696,812,1,0,1
871,331,710,0,1,0
872,5,208,0,1,0
873,864,528,0,1,0
874,623,429,0,1,0
875,912,991,0,1,0
876,936,667,0,1,0
877,243,294,0,1,0
878,912,494,0,1,0
879,641,715,1,0,1
880,363,975,0,1,0
881,469,542,1,0,0
882,9,31,1,0,1
883,854,271,0,1,0
884,9,672,0,1,0
885,523,820,0,1,0
886,500,114,0,1,0
887,315,712,0,1,0
888,643,233,0,1,0
889,174,10,1,0,1
890,592,682,0,1,0
891,465,301,0,1,0
892,981,662,1,0,1
893,6,851,1,0,0
894,516,990,0,1,0
895,93,7,1,0,0
896,906,255,0,1,0
897,794,125,0,1,0
898,318,209,0,1,0
899,93,6,1,0,0
900,449,427,1,0,1
901,587,1,0,1,0
902,280,771,1,0,1
903,647,696,0,1,0
904,8,710,0,1,0
905,651,532,0,1,0
906,6,112,1,0,0
907,268,788,1,0,1
908,253,586,0,1,0
909,72,990,1,0,0
910,990,389,1,0,1
911,247,277,0,1,0
912,574,690,0,1,0
913,610,721,0,1,0
914,582,227,0,1,0
915,606,341,0,1,0
916,759,5,0,1,0
917,399,863,1,0,1
918,9,403,1,0,0
919,596,446,0,1,0
920,620,699,0,1,0
921,317,844,1,0,1
922,633,739,0,1,0
923,685,500,1,0,1
924,534,161,0,1,0
925,399,873,0,1,0
926,1,660,0,1,0
927,217,10,0,1,0
928,724,563,0,1,0
929,832,508,1,0,1
930,418,10,1,0,0
931,935,613,0,1,0
932,218,40,0,1,0
933,559,522,1,0,1
934,9,890,0,1,0
935,198,153,1,0,1
936,778,0,0,1,0
937,642,264,0,1,0
938,398,493,1,0,0
939,364,559,0,1,0
940,352,6,0,1,0
941,149,325,0,1,0
942,745,167,1,0,1
943,734,200,0,1,0
944,938,49,0,1,0
945,228,417,1,0,1
946,528,882,0,1,0
947,670,840,0,1,0
948,7,908,1,0,0
949,2,458,0,1,0
950,409,586,1,0,1
951,208,647,0,1,0
952,428,6,0,1,0
953,489,710,1,0,1
954,594,528,0,1,0
955,180,5,0,1,0
956,344,184,0,1,0
957,354,225,1,0,1
958,422,215,0,1,0
959,804,677,0,1,0
960,624,913,0,1,0
961,171,611,0,1,0
962,731,990,1,0,1
963,279,340,0,1,0
964,61,0,1,0,1
965,351,113,0,1,0
966,550,297,1,0,1
967,2,793,0,1,0
968,275,305,0,0,1
969,63,10,0,1,0
970,5,673,0,1,0
971,485,602,1,0,0
972,568,148,0,1,0
973,806,756,0,1,0
974,9,719,1,1,0
975,361,404,0,1,0
976,859,717,1,0,1
977,307,617,0,1,0
978,413,166,0,1,0
979,255,818,0,1,0
980,694,395,0,1,0
981,623,887,0,1,0
982,439,280,0,1,0
983,425,495,1,0,0
984,187,450,0,1,0
985,424,339,0,1,0
986,590,1,0,1,0
987,721,7,1,0,1
988,506,263,0,1,0
989,87,654,0,1,0
990,112,574,1,0,1
991,722,119,0,1,0
992,284,49,0,1,0
993,0,24,0,1,0
994,139,153,0,1,0
995,704,895,0,1,0
996,715,636,0,1,0
997,8,81,1,0,1
998,701,626,0,1,0
999,665,555,0,1,0
