Index,x,y,alive,infected,immune
0,790,309,0,1,0
1,17,680,1,0,1
2,971,198,0,0,1
3,520,849,1,0,1
4,900,767,0,1,0
5,422,96,0,1,0
6,482,91,0,1,0
7,2,559,0,1,0
8,301,787,1,0,1
9,868,586,0,1,0
10,428,154,0,1,0
11,636,140,0,1,0
12,490,960,0,1,0
13,76,307,0,1,0
14,866,274,0,1,0
15,64,745,0,1,0
16,500,299,1,0,1
17,771,691,0,1,0
18,986,181,0,1,0
19,609,826,0,1,0
20,939,576,0,1,0
21,307,373,0,1,0
22,406,824,0,1,0
23,240,87,1,0,1
24,215,397,0,1,0
25,5,153,0,1,0
26,795,5,0,1,0
27,694,432,0,1,0
28,75,123,0,1,0
29,478,889,0,1,0
30,708,713,0,1,0
31,561,6,0,1,0
32,760,903,1,0,1
33,957,283,1,0,1
34,270,860,0,1,0
35,281,0,0,1,0
36,629,7,1,0,1
37,931,684,0,1,0
38,9,585,0,1,0
39,415,759,0,1,0
40,178,35,0,1,0
41,656,553,1,0,1
42,491,167,1,0,1
43,124,418,0,1,0
44,472,289,0,1,0
45,214,100,0,1,0
46,552,907,1,0,1
47,805,580,0,1,0
48,729,341,0,1,0
49,457,168,0,1,0
50,514,894,0,1,0
51,850,703,0,1,0
52,102,386,0,1,0
53,135,356,0,1,0
54,293,797,0,1,0
55,560,291,0,0,1
56,692,176,0,1,0
57,545,258,0,1,0
58,173,382,0,1,0
59,990,407,0,1,0
60,217,588,0,1,0
61,594,8,0,1,0
62,369,979,0,1,0
63,148,414,0,1,0
64,3,962,0,1,0
65,2,349,1,0,1
66,45,812,0,1,0
67,794,820,0,1,0
68,624,761,0,1,0
69,728,899,0,1,0
70,578,835,0,1,0
71,747,10,0,1,0
72,550,770,0,1,0
73,595,758,0,1,0
74,335,7,0,1,0
75,990,163,1,0,1
76,106,351,0,1,0
77,434,246,1,0,1
78,370,756,1,0,1
79,924,82,0,1,0
80,126,515,0,1,0
81,771,856,0,1,0
82,119,125,0,1,0
83,272,923,0,1,0
84,364,529,0,1,0
85,216,321,0,1,0
86,369,668,1,0,1
87,837,606,0,1,0
88,535,143,0,1,0
89,649,922,0,1,0
90,270,211,0,1,0
91,228,504,0,1,0
92,281,491,0,1,0
93,508,925,0,1,0
94,664,421,0,1,0
95,217,922,0,1,0
96,773,939,0,1,0
97,548,529,0,1,0
98,155,43,0,1,0
99,675,177,0,1,0
100,224,274,0,1,0
101,735,368,1,0,1
102,688,903,1,0,1
103,6,33,0,0,1
104,673,457,1,0,1
105,578,584,1,0,0
106,865,266,0,1,0
107,596,195,0,1,0
108,878,397,0,1,0
109,809,606,0,0,1
110,356,881,1,0,1
111,7,776,0,1,0
112,763,450,0,1,0
113,833,376,0,1,0
114,578,325,0,1,0
115,897,534,0,1,0
116,68,963,1,0,0
117,711,846,0,1,0
118,413,1,1,0,0
119,195,754,1,0,0
120,707,503,1,0,1
121,879,541,0,1,0
122,5,481,1,0,0
123,689,89,1,0,0
124,293,406,0,1,0
125,835,627,1,0,1
126,808,3,0,1,0
127,667,757,0,1,0
128,216,742,1,0,1
129,531,7,0,1,0
130,445,868,0,1,0
131,4,180,1,0,0
132,930,262,0,1,0
133,0,274,0,1,0
134,647,615,0,1,0
135,300,435,0,1,0
136,217,214,0,1,0
137,574,563,1,0,0
138,608,697,1,0,1
139,633,159,1,0,1
140,9,421,0,1,0
141,645,676,1,0,1
142,567,395,1,1,0
143,790,161,0,1,0
144,372,632,0,1,0
145,165,74,0,1,0
146,505,583,1,0,0
147,462,685,1,0,0
148,754,339,0,1,0
149,289,180,0,1,0
150,108,204,1,0,1
151,659,399,0,1,0
152,376,432,1,0,1
153,320,355,0,1,0
154,8,901,1,0,0
155,66,120,0,1,0
156,573,567,1,0,0
157,231,296,0,1,0
158,410,723,1,0,0
159,868,609,0,1,0
160,813,737,0,1,0
161,143,571,0,1,0
162,808,800,0,1,0
163,648,201,0,1,0
164,50,537,0,1,0
165,547,860,0,1,0
166,854,328,0,1,0
167,250,224,0,1,0
168,238,0,0,1,0
169,883,4,1,0,0
170,522,672,1,1,0
171,958,508,0,1,0
172,123,251,1,0,0
173,9,926,1,0,0
174,129,906,1,1,0
175,31,59,1,0,0
176,610,400,0,1,0
177,386,416,0,1,0
178,410,630,0,1,0
179,709,3,0,1,0
180,513,84,0,1,0
181,973,592,0,1,0
182,448,890,0,1,0
183,741,249,1,0,0
184,316,310,1,0,0
185,524,41,1,0,0
186,857,336,1,0,1
187,682,485,0,1,0
188,394,990,0,1,0
189,847,67,1,0,0
190,936,527,0,1,0
191,950,2,0,1,0
192,913,230,0,1,0
193,464,224,0,1,0
194,9,537,0,1,0
195,514,333,0,1,0
196,7,676,1,0,1
197,966,990,1,0,0
198,771,931,0,1,0
199,831,563,0,1,0
200,508,588,1,0,0
201,189,804,1,0,0
202,230,850,0,1,0
203,947,1,0,1,0
204,40,730,1,0,0
205,664,946,0,1,0
206,177,310,1,0,1
207,775,304,0,1,0
208,268,631,0,1,0
209,797,57,1,0,1
210,233,990,1,0,0
211,741,784,0,1,0
212,73,586,0,1,0
213,598,800,0,1,0
214,990,506,1,0,0
215,514,730,1,0,0
216,311,65,0,1,0
217,381,267,0,1,0
218,620,422,0,1,0
219,309,10,1,0,1
220,9,785,0,0,1
221,734,179,0,1,0
222,0,550,0,1,0
223,386,135,0,1,0
224,277,456,0,1,0
225,660,663,0,1,0
226,331,542,1,1,0
227,475,657,1,0,0
228,948,718,0,1,0
229,448,323,1,1,0
230,271,154,0,1,0
231,964,163,1,0,0
232,815,143,1,0,0
233,222,757,0,1,0
234,462,625,0,1,0
235,679,492,0,1,0
236,347,882,0,1,0
237,308,0,0,1,0
238,523,408,1,0,0
239,238,900,0,1,0
240,261,98,0,0,1
241,268,914,0,1,0
242,320,268,0,1,0
243,214,373,1,0,1
244,229,842,0,1,0
245,821,605,1,0,1
246,772,179,1,0,1
247,546,865,0,1,0
248,321,4,0,1,0
249,673,786,0,1,0
250,860,574,0,1,0
251,907,647,1,0,1
252,712,646,0,1,0
253,665,49,1,0,0
254,180,275,1,0,0
255,92,463,0,1,0
256,636,422,1,1,0
257,737,602,0,1,0
258,574,603,1,0,0
259,787,822,1,0,1
260,831,476,0,1,0
261,546,514,1,1,0
262,1,515,0,1,0
263,880,631,0,1,0
264,99,600,0,1,0
265,173,385,0,1,0
266,74,933,1,0,0
267,242,53,0,0,1
268,725,138,0,1,0
269,892,2,1,0,0
270,858,656,1,0,1
271,751,274,1,0,0
272,873,963,1,0,1
273,486,688,1,0,0
274,127,401,1,0,1
275,133,975,0,1,0
276,518,132,0,0,1
277,661,599,1,1,0
278,523,474,1,0,0
279,384,0,1,0,0
280,270,253,0,1,0
281,190,713,0,1,0
282,471,628,1,1,0
283,990,904,1,0,0
284,818,756,0,1,0
285,821,2,0,1,0
286,887,959,1,0,1
287,1,39,0,1,0
288,7,695,0,1,0
289,118,729,0,1,0
290,571,384,0,1,0
291,830,120,1,0,1
292,68,862,1,0,0
293,6,244,0,1,0
294,48,853,1,1,0
295,235,672,0,1,0
296,251,725,0,1,0
297,332,142,0,1,0
298,689,721,0,1,0
299,106,260,1,0,1
300,458,710,1,0,1
301,687,570,1,0,1
302,146,142,0,0,1
303,5,498,0,1,0
304,544,272,0,1,0
305,942,4,1,1,0
306,709,135,0,1,0
307,602,280,1,0,1
308,838,10,1,0,0
309,448,289,1,0,1
310,847,333,0,1,0
311,749,488,0,1,0
312,240,754,0,1,0
313,352,1,1,0,0
314,0,244,0,1,0
315,855,741,0,1,0
316,6,790,0,1,0
317,761,754,0,0,1
318,588,773,0,1,0
319,61,990,1,0,0
320,720,856,0,1,0
321,790,595,1,0,1
322,787,769,0,1,0
323,834,652,1,0,1
324,6,503,0,1,0
325,569,869,0,1,0
326,346,68,0,1,0
327,804,493,0,1,0
328,132,489,0,1,0
329,116,454,0,1,0
330,625,792,0,1,0
331,4,150,0,1,0
332,705,930,0,1,0
333,189,917,0,1,0
334,221,409,0,1,0
335,813,666,0,1,0
336,846,301,0,1,0
337,383,95,0,1,0
338,758,0,0,1,0
339,6,707,1,0,0
340,915,649,0,1,0
341,813,693,0,1,0
342,501,657,1,0,0
343,557,5,0,1,0
344,956,953,1,0,0
345,446,593,1,0,0
346,201,263,1,0,1
347,314,458,0,1,0
348,329,451,0,1,0
349,779,143,0,1,0
350,62,833,1,0,1
351,485,289,1,0,1
352,338,894,0,1,0
353,838,800,0,1,0
354,903,958,0,1,0
355,9,791,1,0,1
356,95,705,0,1,0
357,114,423,0,1,0
358,552,605,1,0,0
359,637,915,0,1,0
360,360,346,0,1,0
361,6,816,0,1,0
362,713,4,0,1,0
363,628,307,1,0,1
364,886,881,0,1,0
365,822,842,0,1,0
366,346,185,0,1,0
367,422,631,0,1,0
368,219,391,0,1,0
369,177,444,1,0,1
370,672,877,0,1,0
371,2,886,1,0,0
372,766,632,1,0,1
373,361,981,0,1,0
374,861,928,0,1,0
375,510,160,0,1,0
376,207,786,0,1,0
377,498,852,0,1,0
378,506,645,1,0,0
379,94,796,1,0,0
380,801,389,0,1,0
381,824,660,1,0,1
382,708,420,0,1,0
383,462,10,1,0,0
384,834,165,1,0,0
385,438,1,1,0,1
386,878,759,0,1,0
387,299,112,1,0,0
388,751,8,0,1,0
389,383,138,1,0,1
390,8,21,0,1,0
391,75,903,1,0,0
392,191,72,0,1,0
393,297,835,0,1,0
394,747,543,0,1,0
395,257,4,1,0,0
396,77,501,0,1,0
397,3,827,0,1,0
398,221,166,0,1,0
399,658,107,1,0,0
400,540,432,1,0,0
401,729,545,0,0,1
402,357,493,0,1,0
403,312,78,0,1,0
404,164,563,0,1,0
405,905,163,1,0,0
406,742,493,0,1,0
407,301,496,0,1,0
408,0,755,1,0,0
409,607,88,0,1,0
410,301,641,1,0,1
411,447,10,1,0,1
412,529,300,0,1,0
413,755,802,0,1,0
414,229,832,0,1,0
415,497,244,1,0,1
416,149,539,0,1,0
417,540,882,0,1,0
418,296,848,0,1,0
419,408,262,0,1,0
420,717,546,0,1,0
421,876,760,0,1,0
422,64,723,1,0,1
423,309,79,1,0,1
424,149,340,0,1,0
425,135,399,0,1,0
426,70,808,0,1,0
427,348,553,1,0,1
428,980,5,1,0,0
429,567,969,0,1,0
430,352,135,0,1,0
431,556,696,0,1,0
432,881,289,0,1,0
433,856,472,1,0,1
434,401,798,1,0,0
435,814,390,0,1,0
436,488,10,1,0,0
437,814,601,0,1,0
438,506,625,1,0,0
439,870,184,1,0,0
440,302,72,0,1,0
441,734,569,1,0,1
442,436,473,1,0,0
443,219,249,0,1,0
444,105,224,0,0,1
445,265,442,0,1,0
446,812,698,0,1,0
447,404,943,0,1,0
448,680,89,1,0,0
449,96,266,1,0,0
450,912,314,0,1,0
451,301,2,0,1,0
452,961,112,1,0,1
453,201,661,1,1,0
454,614,636,0,1,0
455,608,242,0,1,0
456,990,900,1,0,0
457,652,385,0,1,0
458,328,799,0,1,0
459,10,840,1,0,0
460,978,7,1,0,0
461,416,403,1,0,1
462,608,548,1,0,1
463,836,532,1,0,1
464,541,811,0,1,0
465,830,508,0,1,0
466,261,165,1,1,0
467,460,423,1,0,0
468,27,7,1,0,1
469,727,378,0,1,0
470,689,0,0,1,0
471,0,530,0,1,0
472,854,3,1,0,0
473,7,564,1,0,1
474,263,87,0,0,1
475,336,4,1,0,1
476,339,376,0,1,0
477,489,477,1,0,0
478,375,863,1,0,1
479,773,222,1,0,0
480,829,437,0,1,0
481,273,239,1,0,1
482,252,800,1,0,1
483,544,917,0,1,0
484,921,756,0,1,0
485,612,604,0,1,0
486,335,476,0,1,0
487,120,581,0,0,1
488,367,791,1,0,0
489,609,381,1,0,1
490,887,829,1,0,1
491,375,309,0,1,0
492,990,15,1,0,0
493,789,102,0,1,0
494,552,256,0,1,0
495,107,556,0,1,0
496,159,135,0,1,0
497,597,422,0,1,0
498,141,765,1,1,0
499,894,260,1,0,1
500,319,227,1,0,1
501,127,956,1,0,0
502,567,9,0,1,0
503,754,9,0,1,0
504,241,356,0,1,0
505,624,469,1,0,1
506,728,719,1,0,1
507,607,360,0,1,0
508,358,118,0,1,0
509,104,643,0,1,0
510,553,0,1,0,1
511,876,526,0,1,0
512,899,176,1,0,0
513,74,679,1,0,1
514,643,177,0,1,0
515,122,106,0,1,0
516,810,385,0,1,0
517,594,158,0,1,0
518,634,237,0,1,0
519,388,99,0,1,0
520,717,660,0,1,0
521,904,88,0,1,0
522,302,585,1,0,1
523,481,726,1,0,0
524,810,863,0,1,0
525,614,406,1,0,1
526,7,37,0,1,0
527,404,408,1,1,0
528,754,6,0,1,0
529,298,554,1,0,1
530,896,526,1,0,1
531,491,709,1,0,0
532,98,902,0,1,0
533,73,194,0,1,0
534,838,414,0,1,0
535,230,872,0,1,0
536,868,663,0,1,0
537,355,555,0,1,0
538,419,160,0,1,0
539,570,373,1,0,1
540,519,698,0,1,0
541,501,703,0,1,0
542,686,480,0,1,0
543,7,46,0,1,0
544,313,294,1,0,0
545,52,0,1,0,0
546,117,430,0,1,0
547,428,418,1,1,0
548,72,751,1,0,0
549,610,566,0,1,0
550,763,386,0,1,0
551,258,931,1,0,0
552,901,311,1,0,1
553,382,855,1,1,0
554,519,757,1,0,0
555,165,869,0,1,0
556,340,580,0,1,0
557,299,0,0,1,0
558,864,572,1,0,1
559,718,537,0,1,0
560,764,657,0,1,0
561,700,744,0,1,0
562,887,622,0,1,0
563,435,990,0,1,0
564,4,142,1,0,1
565,200,718,1,0,0
566,173,108,0,1,0
567,260,356,0,1,0
568,757,96,0,1,0
569,181,971,0,1,0
570,823,627,1,0,1
571,285,632,1,1,0
572,538,309,0,1,0
573,219,546,1,0,1
574,877,494,0,1,0
575,491,198,0,1,0
576,49,903,1,0,0
577,310,844,1,0,1
578,166,180,0,1,0
579,755,134,0,1,0
580,220,778,1,0,0
581,0,370,1,0,0
582,375,313,0,1,0
583,509,946,0,1,0
584,308,223,1,0,1
585,135,550,0,1,0
586,785,348,0,1,0
587,801,2,0,1,0
588,255,556,0,1,0
589,535,781,0,1,0
590,442,310,0,1,0
591,817,340,1,0,1
592,824,848,0,1,0
593,271,691,0,1,0
594,777,594,0,1,0
595,558,893,1,0,1
596,306,832,0,1,0
597,747,586,0,1,0
598,136,332,0,1,0
599,89,358,0,1,0
600,929,255,0,1,0
601,719,789,0,1,0
602,749,465,0,1,0
603,5,429,0,1,0
604,531,78,0,1,0
605,367,417,0,1,0
606,811,3,1,0,1
607,144,336,0,1,0
608,554,667,1,0,0
609,328,381,0,1,0
610,770,947,0,1,0
611,440,275,0,1,0
612,325,874,0,1,0
613,61,532,0,1,0
614,613,741,1,0,1
615,507,0,0,1,0
616,938,795,1,0,0
617,719,619,0,1,0
618,454,212,0,1,0
619,655,210,0,1,0
620,8,76,0,1,0
621,528,311,0,1,0
622,539,5,0,1,0
623,150,340,0,1,0
624,710,370,1,0,1
625,250,480,0,1,0
626,6,20,0,1,0
627,182,344,0,1,0
628,833,8,1,0,0
629,659,644,0,1,0
630,769,507,0,1,0
631,901,951,1,1,0
632,990,792,1,0,0
633,199,294,0,1,0
634,866,291,0,1,0
635,506,876,0,1,0
636,797,844,0,1,0
637,166,475,0,1,0
638,380,533,1,0,0
639,644,357,1,0,1
640,155,749,1,1,0
641,8,586,0,1,0
642,7,967,0,1,0
643,911,569,0,1,0
644,467,259,0,1,0
645,84,187,0,1,0
646,615,220,0,1,0
647,0,644,0,1,0
648,78,308,0,1,0
649,710,407,0,1,0
650,954,990,0,1,0
651,801,318,0,1,0
652,244,420,0,1,0
653,219,3,1,0,0
654,5,824,0,1,0
655,508,0,0,1,0
656,403,396,0,1,0
657,629,227,0,1,0
658,282,705,0,1,0
659,257,45,1,0,1
660,276,127,1,0,1
661,336,607,1,0,1
662,322,88,1,1,0
663,707,419,0,1,0
664,114,614,0,1,0
665,227,520,0,1,0
666,126,422,0,1,0
667,571,123,0,1,0
668,905,643,0,1,0
669,921,7,1,0,0
670,229,378,0,1,0
671,811,702,0,1,0
672,899,651,0,1,0
673,789,296,1,0,1
674,698,315,0,1,0
675,626,561,1,0,0
676,831,880,1,1,0
677,876,926,0,1,0
678,475,386,1,0,0
679,1,147,0,1,0
680,550,492,1,0,0
681,489,1,1,0,0
682,184,734,1,0,0
683,12,598,0,1,0
684,192,81,0,1,0
685,396,173,1,0,1
686,885,101,0,1,0
687,809,540,1,0,1
688,561,787,0,1,0
689,818,715,1,0,1
690,612,566,1,1,0
691,276,756,0,1,0
692,857,738,0,1,0
693,482,875,0,1,0
694,700,262,1,0,0
695,636,399,0,1,0
696,783,384,1,0,1
697,557,346,0,1,0
698,198,453,1,0,1
699,149,674,0,1,0
700,764,310,1,0,1
701,98,921,1,0,0
702,508,416,0,1,0
703,397,2,1,0,0
704,272,841,0,1,0
705,7,645,0,1,0
706,572,959,1,0,1
707,523,682,1,1,0
708,846,263,0,1,0
709,536,10,0,1,0
710,690,168,0,1,0
711,414,589,1,0,0
712,9,579,0,1,0
713,877,821,0,1,0
714,877,418,0,1,0
715,582,9,0,1,0
716,74,842,0,1,0
717,766,723,1,0,1
718,397,387,1,0,1
719,650,887,0,1,0
720,396,412,0,1,0
721,811,97,1,0,0
722,964,161,1,0,0
723,921,909,0,1,0
724,130,833,0,1,0
725,545,216,0,1,0
726,320,479,0,1,0
727,9,951,1,0,0
728,479,836,0,0,1
729,0,523,0,1,0
730,188,208,1,1,0
731,142,734,0,1,0
732,508,812,1,0,1
733,435,147,1,0,1
734,8,268,0,1,0
735,181,576,0,1,0
736,531,476,1,0,0
737,199,5,1,0,0
738,26,836,0,1,0
739,129,710,0,1,0
740,107,129,0,1,0
741,937,3,1,1,0
742,702,807,0,1,0
743,357,618,0,1,0
744,833,613,0,1,0
745,457,846,1,0,1
746,178,322,1,0,1
747,9,520,1,0,1
748,495,656,1,0,0
749,914,117,1,0,0
750,990,874,1,0,0
751,941,86,0,1,0
752,322,479,1,0,1
753,0,945,1,0,0
754,522,256,0,1,0
755,497,508,1,0,0
756,860,506,0,1,0
757,894,832,0,1,0
758,497,785,0,1,0
759,0,160,1,0,1
760,606,232,0,1,0
761,558,944,0,1,0
762,645,529,0,1,0
763,803,499,0,1,0
764,334,5,0,1,0
765,385,749,1,0,1
766,716,469,0,1,0
767,267,762,1,1,0
768,946,7,0,1,0
769,351,10,1,0,0
770,391,156,1,0,1
771,349,499,0,1,0
772,872,689,0,1,0
773,907,611,0,1,0
774,850,559,0,1,0
775,582,707,0,1,0
776,850,365,1,0,1
777,153,81,0,1,0
778,941,639,0,1,0
779,118,4,1,0,0
780,240,823,0,1,0
781,636,576,0,1,0
782,374,129,0,1,0
783,189,230,1,0,1
784,228,4,1,0,1
785,739,87,1,0,1
786,889,132,1,0,1
787,592,858,0,1,0
788,10,911,1,0,0
789,87,928,1,0,0
790,540,116,0,1,0
791,183,664,0,1,0
792,3,983,1,0,0
793,8,688,0,1,0
794,216,579,0,1,0
795,915,703,1,0,1
796,417,697,1,0,0
797,957,240,0,1,0
798,902,517,0,1,0
799,860,476,0,1,0
800,475,487,1,0,0
801,278,158,0,1,0
802,392,284,0,1,0
803,276,165,0,1,0
804,501,1,0,1,0
805,778,225,1,0,0
806,884,398,0,1,0
807,418,112,1,0,1
808,820,639,0,1,0
809,8,242,0,1,0
810,825,675,0,1,0
811,682,407,0,1,0
812,863,635,0,1,0
813,163,622,1,0,1
814,823,10,0,1,0
815,501,365,0,1,0
816,530,155,0,1,0
817,378,872,0,1,0
818,689,555,1,0,1
819,804,917,0,1,0
820,140,673,0,1,0
821,532,110,0,1,0
822,255,652,0,1,0
823,990,839,0,1,0
824,53,704,1,0,0
825,542,790,0,1,0
826,399,4,1,0,0
827,640,879,0,1,0
828,604,953,0,1,0
829,724,494,0,1,0
830,616,695,0,1,0
831,580,580,1,0,0
832,247,446,0,1,0
833,161,5,0,1,0
834,10,194,1,0,0
835,769,523,0,1,0
836,448,310,1,0,1
837,910,761,1,1,0
838,46,426,1,0,1
839,962,973,1,0,0
840,237,556,0,1,0
841,385,712,1,0,0
842,254,964,0,1,0
843,540,575,1,0,0
844,148,348,1,0,1
845,703,160,0,1,0
846,437,252,0,1,0
847,185,658,0,1,0
848,891,826,0,1,0
849,984,849,0,1,0
850,593,5,0,1,0
851,429,587,0,1,0
852,313,814,1,0,1
853,167,677,0,1,0
854,472,176,0,1,0
855,200,413,0,1,0
856,430,894,0,1,0
857,312,767,1,0,0
858,406,433,1,1,0
859,923,145,0,1,0
860,406,874,0,1,0
861,794,928,0,1,0
862,5,280,0,1,0
863,765,45,1,0,0
864,195,327,0,1,0
865,266,543,1,0,1
866,108,235,0,1,0
867,83,200,0,1,0
868,668,689,0,1,0
869,676,425,0,1,0
870,688,837,1,0,1
871,369,740,0,1,0
872,60,200,0,1,0
873,914,524,0,1,0
874,680,369,0,1,0
875,914,935,0,1,0
876,956,727,0,1,0
877,222,259,0,1,0
878,926,563,0,1,0
879,591,760,1,1,0
880,365,956,0,1,0
881,472,499,1,0,0
882,1,31,1,0,1
883,853,328,0,1,0
884,3,672,0,1,0
885,569,878,0,1,0
886,472,150,0,1,0
887,357,727,0,1,0
888,579,208,0,1,0
889,172,21,1,0,1
890,582,698,0,1,0
891,498,291,0,1,0
892,945,680,1,0,1
893,27,857,1,0,0
894,516,990,1,1,0
895,93,1,1,0,0
896,858,292,0,1,0
897,756,205,1,0,0
898,310,225,0,1,0
899,91,964,1,0,0
900,475,375,1,1,0
901,587,9,0,1,0
902,265,765,1,0,1
903,641,673,0,1,0
904,956,686,0,1,0
905,656,485,0,1,0
906,2,112,1,0,0
907,253,767,1,0,1
908,203,601,0,1,0
909,69,943,1,0,0
910,990,389,1,0,1
911,197,282,0,1,0
912,597,642,0,1,0
913,613,700,0,1,0
914,556,233,0,1,0
915,634,386,0,1,0
916,790,950,0,1,0
917,398,879,1,0,1
918,4,403,1,0,0
919,558,394,1,1,0
920,580,637,1,1,0
921,294,836,1,0,1
922,625,793,0,1,0
923,675,470,1,0,1
924,573,138,0,1,0
925,437,834,0,1,0
926,978,662,0,1,0
927,217,10,1,0,0
928,677,521,0,1,0
929,845,498,1,0,1
930,418,10,1,0,0
931,916,641,0,1,0
932,159,77,0,1,0
933,491,560,1,0,0
934,933,968,0,1,0
935,148,84,1,0,1
936,778,2,0,1,0
937,653,301,1,1,0
938,430,451,1,0,0
939,377,501,1,0,0
940,377,906,0,1,0
941,105,296,0,1,0
942,700,188,1,0,1
943,699,155,0,1,0
944,912,18,1,0,0
945,166,382,1,0,1
946,497,887,0,1,0
947,627,833,0,1,0
948,7,908,1,0,0
949,949,506,0,1,0
950,387,574,1,0,1
951,243,594,0,1,0
952,428,6,0,1,0
953,505,658,1,0,0
954,623,523,0,1,0
955,180,8,0,1,0
956,331,187,0,1,0
957,386,231,1,0,0
958,392,295,0,1,0
959,794,645,0,1,0
960,610,974,0,1,0
961,225,638,0,1,0
962,731,990,1,0,1
963,278,354,0,1,0
964,61,3,1,0,0
965,336,135,0,1,0
966,507,255,1,0,1
967,4,793,0,1,0
968,265,308,0,0,1
969,72,23,0,1,0
970,4,673,0,1,0
971,490,603,1,0,0
972,509,152,0,1,0
973,762,785,0,1,0
974,2,719,1,0,0
975,342,440,0,1,0
976,810,667,1,0,1
977,307,641,0,1,0
978,500,164,0,1,0
979,267,772,0,1,0
980,717,391,0,1,0
981,628,882,0,1,0
982,450,220,0,1,0
983,440,489,1,0,0
984,213,441,0,1,0
985,439,318,0,1,0
986,576,971,0,1,0
987,721,1,1,0,1
988,524,293,0,1,0
989,106,670,0,1,0
990,66,579,1,0,1
991,694,120,0,1,0
992,219,55,0,1,0
993,9,24,0,1,0
994,183,171,0,1,0
995,709,870,0,1,0
996,637,633,0,1,0
997,69,94,1,0,1
998,716,616,0,1,0
999,699,552,0,1,0
