Index,x,y,alive,infected,immune
0,795,282,0,1,0
1,17,651,1,0,1
2,964,220,0,0,1
3,520,841,1,0,1
4,889,757,0,1,0
5,435,123,0,1,0
6,441,59,0,1,0
7,9,559,0,1,0
8,290,803,1,0,1
9,866,576,0,1,0
10,429,128,0,1,0
11,636,161,0,1,0
12,531,968,0,1,0
13,89,307,0,1,0
14,851,284,0,1,0
15,93,777,0,1,0
16,497,306,1,0,1
17,777,646,0,1,0
18,974,207,0,1,0
19,602,840,0,1,0
20,953,611,0,1,0
21,330,369,0,1,0
22,440,828,0,1,0
23,252,81,1,0,1
24,233,419,0,1,0
25,5,153,0,1,0
26,795,0,0,1,0
27,690,449,0,1,0
28,97,119,0,1,0
29,497,870,0,1,0
30,707,730,0,1,0
31,561,9,0,1,0
32,791,880,1,0,1
33,955,317,1,0,1
34,249,852,0,1,0
35,281,6,0,1,0
36,629,4,1,0,1
37,919,671,0,1,0
38,1,585,0,1,0
39,428,742,0,1,0
40,189,38,0,1,0
41,663,510,1,0,1
42,482,167,1,0,1
43,120,404,0,1,0
44,468,261,0,1,0
45,222,128,0,1,0
46,527,889,1,0,1
47,765,621,0,1,0
48,728,330,0,1,0
49,433,129,0,1,0
50,505,904,0,1,0
51,881,679,0,1,0
52,91,396,0,1,0
53,138,367,0,1,0
54,282,824,0,1,0
55,576,317,0,0,1
56,683,163,0,1,0
57,534,255,0,1,0
58,175,371,0,1,0
59,990,407,0,1,0
60,223,601,0,1,0
61,594,9,0,1,0
62,369,956,0,1,0
63,181,438,0,1,0
64,8,962,0,1,0
65,7,349,1,0,1
66,51,809,0,1,0
67,800,819,0,1,0
68,616,739,0,1,0
69,719,930,0,1,0
70,570,820,0,1,0
71,747,10,0,1,0
72,567,785,0,1,0
73,614,743,0,1,0
74,335,6,0,1,0
75,990,163,1,0,1
76,144,362,0,1,0
77,407,238,1,0,1
78,365,761,1,0,1
79,922,96,0,1,0
80,106,506,0,1,0
81,789,820,0,1,0
82,158,149,0,1,0
83,262,925,0,1,0
84,384,556,0,1,0
85,215,334,0,1,0
86,367,670,1,0,1
87,843,621,0,1,0
88,586,160,0,1,0
89,644,942,0,1,0
90,277,220,0,1,0
91,209,508,0,1,0
92,282,489,0,1,0
93,521,913,0,1,0
94,681,432,0,1,0
95,227,937,0,1,0
96,778,935,0,1,0
97,568,531,0,1,0
98,137,71,0,1,0
99,655,157,0,1,0
100,217,271,0,1,0
101,771,418,1,1,0
102,686,867,1,0,1
103,3,33,0,0,1
104,679,470,1,0,1
105,569,600,1,0,0
106,862,263,1,0,0
107,594,209,0,1,0
108,883,409,0,1,0
109,816,590,0,0,1
110,338,837,1,1,0
111,8,776,0,1,0
112,762,453,0,1,0
113,863,355,0,1,0
114,567,343,0,1,0
115,926,526,0,1,0
116,117,974,1,0,0
117,720,837,0,1,0
118,413,9,1,0,0
119,179,761,1,0,0
120,686,505,1,0,1
121,862,503,0,1,0
122,5,481,1,0,0
123,672,99,1,0,0
124,296,369,0,1,0
125,822,636,1,0,1
126,808,0,0,1,0
127,678,768,1,1,0
128,205,767,1,1,0
129,531,8,0,1,0
130,443,831,0,1,0
131,4,180,1,0,0
132,932,249,0,1,0
133,7,274,0,1,0
134,657,586,0,1,0
135,339,434,0,1,0
136,207,237,0,1,0
137,585,590,1,0,0
138,610,706,1,0,1
139,590,158,1,0,1
140,3,421,0,1,0
141,600,641,1,1,0
142,508,436,1,0,0
143,799,122,0,1,0
144,406,635,0,1,0
145,187,69,0,1,0
146,527,556,1,0,0
147,426,652,1,0,0
148,725,320,0,1,0
149,293,183,0,1,0
150,95,192,1,0,1
151,669,413,0,1,0
152,377,451,1,0,1
153,321,332,0,1,0
154,2,901,1,0,0
155,62,151,0,1,0
156,596,583,1,0,0
157,182,268,0,1,0
158,406,709,1,0,0
159,850,609,0,1,0
160,793,734,0,1,0
161,140,575,0,1,0
162,766,819,0,1,0
163,623,178,0,1,0
164,44,543,0,1,0
165,519,851,0,1,0
166,863,305,0,1,0
167,235,219,0,1,0
168,238,4,0,1,0
169,854,969,1,0,0
170,537,701,1,0,0
171,923,528,0,1,0
172,118,231,1,0,0
173,8,926,1,0,0
174,87,903,1,0,0
175,33,70,1,0,0
176,587,383,0,1,0
177,405,425,0,1,0
178,411,654,0,1,0
179,709,5,0,1,0
180,511,80,0,1,0
181,977,586,0,1,0
182,418,916,0,1,0
183,740,259,1,0,0
184,291,339,1,0,0
185,554,45,1,0,0
186,849,350,1,0,1
187,694,473,0,1,0
188,420,977,1,1,0
189,839,67,1,0,0
190,948,544,0,1,0
191,956,967,0,1,0
192,949,251,0,1,0
193,458,230,0,1,0
194,7,537,0,1,0
195,532,314,0,1,0
196,2,676,1,0,1
197,978,957,1,0,0
198,780,935,0,1,0
199,826,568,0,1,0
200,524,600,1,0,0
201,188,805,1,0,0
202,255,851,0,1,0
203,947,9,1,0,0
204,38,752,1,0,0
205,682,943,0,1,0
206,207,325,1,1,0
207,788,313,0,1,0
208,268,593,0,1,0
209,796,70,1,0,1
210,233,990,1,0,0
211,754,768,1,1,0
212,92,615,0,1,0
213,580,805,0,1,0
214,990,506,1,0,0
215,535,735,1,0,0
216,312,82,0,1,0
217,382,254,0,1,0
218,607,437,0,1,0
219,309,10,1,1,0
220,5,785,0,0,1
221,754,173,0,1,0
222,6,550,0,1,0
223,388,147,0,1,0
224,273,451,0,1,0
225,627,668,0,1,0
226,381,559,1,1,0
227,522,683,1,0,0
228,967,721,0,1,0
229,444,340,1,0,0
230,251,153,0,1,0
231,958,168,1,0,0
232,833,132,1,0,0
233,216,774,0,1,0
234,414,645,0,1,0
235,625,496,0,1,0
236,341,868,0,1,0
237,308,3,0,1,0
238,506,397,1,0,0
239,245,892,0,1,0
240,263,78,0,0,1
241,275,877,0,1,0
242,295,265,0,1,0
243,198,340,1,0,1
244,277,893,0,1,0
245,829,620,1,0,1
246,718,152,1,0,1
247,573,884,0,1,0
248,321,3,0,1,0
249,675,817,0,1,0
250,878,569,0,1,0
251,867,659,1,0,1
252,722,659,0,1,0
253,647,50,1,0,0
254,153,258,1,0,0
255,88,464,0,1,0
256,650,376,1,0,0
257,721,614,0,1,0
258,544,616,1,0,0
259,803,818,1,0,1
260,861,484,0,1,0
261,525,560,1,0,0
262,3,515,0,1,0
263,876,612,0,1,0
264,125,600,0,1,0
265,159,377,0,1,0
266,82,895,1,0,0
267,262,75,0,0,1
268,725,141,0,1,0
269,892,8,1,0,0
270,839,665,1,0,1
271,747,246,1,0,0
272,869,970,1,0,1
273,499,701,1,0,0
274,115,425,1,0,1
275,137,964,0,1,0
276,501,83,0,0,1
277,618,634,1,1,0
278,559,471,1,0,0
279,384,0,1,0,0
280,272,272,0,1,0
281,165,699,1,1,0
282,475,654,1,0,0
283,990,904,1,0,0
284,795,735,0,1,0
285,821,5,1,1,0
286,894,955,1,0,1
287,2,39,0,1,0
288,7,695,0,1,0
289,183,772,1,1,0
290,542,382,0,1,0
291,853,119,1,0,1
292,75,863,1,0,0
293,4,244,1,1,0
294,24,859,1,0,0
295,233,672,0,1,0
296,240,729,1,0,0
297,334,166,0,1,0
298,717,726,0,1,0
299,100,288,1,0,1
300,469,715,1,0,1
301,682,567,1,0,1
302,97,155,0,0,1
303,0,498,0,1,0
304,543,285,0,1,0
305,942,4,1,0,0
306,734,130,0,1,0
307,610,278,1,0,1
308,838,10,1,0,0
309,469,275,1,0,1
310,872,331,0,1,0
311,741,509,0,1,0
312,227,777,0,1,0
313,352,3,1,0,0
314,2,244,1,1,0
315,862,701,0,1,0
316,0,790,0,1,0
317,771,759,0,0,1
318,569,729,1,0,0
319,61,990,1,0,0
320,703,832,1,1,0
321,820,614,1,0,1
322,799,756,0,1,0
323,794,633,1,0,1
324,4,503,0,1,0
325,585,854,0,1,0
326,358,54,0,1,0
327,840,495,0,1,0
328,138,481,0,1,0
329,115,465,0,1,0
330,622,771,1,1,0
331,1,150,0,1,0
332,702,938,0,1,0
333,206,902,0,1,0
334,260,438,0,1,0
335,825,679,0,1,0
336,822,311,0,1,0
337,414,100,0,1,0
338,758,8,0,1,0
339,1,707,1,0,0
340,899,650,0,1,0
341,806,676,0,1,0
342,490,651,1,0,0
343,557,5,0,1,0
344,961,939,1,0,0
345,465,565,1,0,0
346,203,241,1,0,1
347,339,448,0,1,0
348,317,451,0,1,0
349,769,146,1,0,0
350,99,847,1,0,1
351,519,273,1,0,1
352,381,872,0,1,0
353,813,795,0,1,0
354,921,912,0,1,0
355,11,784,1,0,1
356,93,675,0,1,0
357,108,417,0,1,0
358,541,603,1,0,0
359,613,944,0,1,0
360,354,385,0,1,0
361,7,816,1,1,0
362,713,3,0,1,0
363,620,336,1,0,1
364,879,881,0,1,0
365,852,855,0,1,0
366,343,157,0,1,0
367,402,631,0,1,0
368,210,407,0,1,0
369,153,474,1,0,1
370,631,858,0,1,0
371,8,886,1,0,0
372,724,603,1,0,1
373,372,934,0,1,0
374,844,882,0,1,0
375,513,156,0,1,0
376,229,812,1,1,0
377,476,838,0,1,0
378,497,673,1,0,0
379,132,783,1,0,0
380,804,384,0,1,0
381,866,678,1,0,1
382,722,404,0,1,0
383,462,10,1,0,0
384,835,149,1,0,0
385,438,3,1,0,1
386,887,759,0,1,0
387,304,119,1,0,0
388,751,9,0,1,0
389,359,143,1,0,1
390,5,21,0,1,0
391,81,904,1,0,0
392,203,99,0,1,0
393,256,848,0,1,0
394,753,552,0,1,0
395,257,3,1,0,0
396,91,502,0,1,0
397,2,827,1,1,0
398,238,136,0,1,0
399,669,70,1,0,0
400,509,431,1,0,0
401,738,545,0,0,1
402,332,493,0,1,0
403,318,76,0,1,0
404,208,594,0,1,0
405,901,177,1,0,0
406,764,472,0,1,0
407,309,505,0,1,0
408,4,755,1,0,0
409,609,99,0,1,0
410,306,666,1,0,1
411,447,10,1,0,1
412,514,320,1,1,0
413,749,797,0,1,0
414,250,820,0,1,0
415,493,216,1,0,1
416,150,549,0,1,0
417,526,877,0,1,0
418,294,825,0,1,0
419,399,274,0,1,0
420,709,515,0,1,0
421,884,749,0,1,0
422,59,729,1,0,1
423,335,104,1,0,1
424,170,331,0,1,0
425,149,405,0,1,0
426,51,819,0,1,0
427,348,570,1,1,0
428,980,2,1,0,0
429,587,954,0,1,0
430,339,150,0,1,0
431,570,686,0,1,0
432,874,285,1,1,0
433,835,483,1,1,0
434,389,801,1,0,0
435,825,409,0,1,0
436,488,10,1,0,0
437,814,626,0,1,0
438,525,604,1,0,0
439,875,202,1,0,0
440,279,79,0,1,0
441,737,570,1,0,1
442,428,484,1,0,0
443,248,277,0,1,0
444,125,207,1,1,0
445,252,437,0,1,0
446,812,680,0,1,0
447,425,922,0,1,0
448,696,109,1,0,0
449,112,262,1,0,0
450,904,287,0,1,0
451,301,1,0,1,0
452,959,136,1,0,1
453,201,689,1,0,0
454,569,696,1,0,0
455,600,265,0,1,0
456,990,900,1,0,0
457,626,372,0,1,0
458,339,764,0,1,0
459,10,840,1,0,0
460,978,4,1,0,0
461,411,463,1,1,0
462,597,554,1,0,1
463,809,481,1,1,0
464,573,829,0,1,0
465,817,503,0,1,0
466,298,185,1,0,0
467,450,417,1,0,0
468,27,3,1,0,1
469,714,406,0,1,0
470,689,9,0,1,0
471,5,530,0,1,0
472,854,8,1,0,0
473,1,564,1,1,0
474,255,100,0,0,1
475,336,5,1,0,1
476,376,371,0,1,0
477,478,497,1,0,0
478,398,894,1,0,1
479,793,237,1,0,0
480,831,448,0,1,0
481,272,259,1,0,1
482,241,819,1,0,1
483,535,910,0,1,0
484,934,751,0,1,0
485,631,614,0,1,0
486,337,450,0,1,0
487,153,614,0,0,1
488,366,813,1,0,0
489,592,360,1,0,1
490,899,832,1,0,1
491,380,325,0,1,0
492,990,15,1,0,0
493,773,116,0,1,0
494,558,254,0,1,0
495,119,574,0,1,0
496,136,130,1,1,0
497,618,464,0,1,0
498,114,744,1,0,0
499,928,246,1,0,1
500,292,225,1,0,1
501,125,952,1,0,0
502,567,3,0,1,0
503,754,2,0,1,0
504,241,340,1,1,0
505,650,460,1,0,1
506,723,713,1,0,1
507,609,363,0,1,0
508,382,102,0,1,0
509,96,622,0,1,0
510,553,9,1,0,1
511,882,567,0,1,0
512,889,208,1,0,0
513,93,665,1,1,0
514,670,187,0,1,0
515,102,94,0,1,0
516,825,393,1,1,0
517,611,137,0,1,0
518,647,257,0,1,0
519,404,91,0,1,0
520,747,656,0,1,0
521,899,100,0,1,0
522,307,582,1,0,1
523,474,704,1,0,0
524,844,873,0,1,0
525,602,428,1,1,0
526,2,37,0,1,0
527,436,396,1,0,0
528,754,2,0,1,0
529,329,551,1,0,1
530,922,588,1,0,1
531,476,714,1,0,0
532,138,905,0,1,0
533,73,190,0,1,0
534,847,442,0,1,0
535,219,890,0,1,0
536,892,651,0,1,0
537,370,569,1,0,0
538,422,142,0,1,0
539,590,344,1,0,1
540,538,679,1,0,0
541,524,674,1,0,0
542,648,499,0,1,0
543,3,46,1,1,0
544,343,278,1,0,0
545,52,3,1,0,0
546,135,409,0,1,0
547,443,426,1,0,0
548,76,743,1,0,0
549,603,554,0,1,0
550,781,375,0,1,0
551,246,960,1,0,0
552,915,306,1,0,1
553,409,843,1,0,0
554,493,729,1,0,0
555,149,866,0,1,0
556,332,626,0,1,0
557,299,9,0,1,0
558,848,587,1,0,1
559,738,525,0,1,0
560,744,669,1,1,0
561,725,742,0,1,0
562,870,633,0,1,0
563,440,976,0,1,0
564,7,142,1,0,1
565,212,702,1,0,0
566,206,100,0,1,0
567,260,347,1,1,0
568,751,102,0,1,0
569,152,950,0,1,0
570,807,634,1,0,1
571,293,630,1,0,0
572,535,253,0,1,0
573,229,533,1,1,0
574,894,503,0,1,0
575,496,178,0,1,0
576,61,899,1,0,0
577,331,844,1,1,0
578,142,201,0,1,0
579,750,145,0,1,0
580,201,820,1,0,0
581,8,370,1,0,0
582,377,310,1,1,0
583,521,912,0,1,0
584,284,215,1,0,1
585,145,555,0,1,0
586,798,351,0,1,0
587,801,4,0,1,0
588,230,541,0,1,0
589,535,762,0,1,0
590,512,330,0,1,0
591,821,379,1,1,0
592,850,862,0,1,0
593,267,676,0,1,0
594,738,586,0,1,0
595,531,931,1,0,1
596,318,856,0,1,0
597,764,578,0,1,0
598,141,306,0,1,0
599,125,402,0,1,0
600,916,267,0,1,0
601,738,784,0,1,0
602,759,487,0,1,0
603,4,429,0,1,0
604,547,77,0,1,0
605,391,415,0,1,0
606,811,7,1,0,1
607,137,309,0,1,0
608,561,654,1,0,0
609,322,352,1,1,0
610,796,906,0,1,0
611,408,237,1,0,0
612,292,849,0,1,0
613,103,531,0,1,0
614,639,746,1,0,1
615,507,9,0,1,0
616,941,767,1,0,0
617,734,584,0,1,0
618,477,217,0,1,0
619,676,219,0,1,0
620,987,72,0,1,0
621,523,323,0,1,0
622,539,1,0,1,0
623,155,321,0,1,0
624,693,388,1,0,1
625,272,511,1,0,0
626,1,20,0,1,0
627,169,326,0,1,0
628,833,2,1,0,0
629,662,703,0,1,0
630,749,500,0,1,0
631,891,952,1,0,0
632,990,792,1,0,0
633,208,294,0,1,0
634,898,279,0,1,0
635,489,885,0,1,0
636,797,878,0,1,0
637,140,476,0,1,0
638,356,517,1,0,0
639,642,376,1,0,1
640,141,730,1,0,0
641,0,586,0,1,0
642,5,967,0,1,0
643,918,549,0,1,0
644,449,268,0,1,0
645,93,185,0,1,0
646,593,225,0,1,0
647,5,644,0,1,0
648,79,317,0,1,0
649,705,424,0,1,0
650,954,990,1,0,0
651,805,335,0,1,0
652,256,411,0,1,0
653,219,5,1,0,0
654,6,824,1,1,0
655,508,7,0,1,0
656,430,389,1,1,0
657,599,210,0,1,0
658,266,700,0,1,0
659,254,48,1,1,0
660,294,117,1,0,1
661,337,614,1,0,1
662,321,41,1,0,0
663,729,432,0,1,0
664,101,660,1,1,0
665,220,540,0,1,0
666,78,405,0,1,0
667,589,147,0,1,0
668,942,629,0,1,0
669,921,6,1,0,0
670,220,322,0,1,0
671,806,712,0,1,0
672,886,663,0,1,0
673,828,299,1,0,1
674,689,266,0,1,0
675,613,563,1,0,0
676,857,839,1,0,0
677,858,912,0,1,0
678,468,399,1,0,0
679,6,147,0,1,0
680,547,481,1,0,0
681,489,4,1,0,0
682,197,710,1,0,0
683,44,588,0,1,0
684,182,67,0,1,0
685,371,147,1,0,1
686,896,118,0,1,0
687,806,538,1,0,1
688,550,771,0,1,0
689,795,730,1,0,1
690,604,600,1,0,0
691,275,752,0,1,0
692,828,748,0,1,0
693,526,887,0,1,0
694,742,266,1,0,0
695,645,414,0,1,0
696,770,384,1,0,1
697,580,332,0,1,0
698,209,439,1,0,1
699,148,730,1,1,0
700,767,288,1,1,0
701,92,918,1,0,0
702,539,418,0,1,0
703,397,2,1,0,0
704,295,864,0,1,0
705,0,645,0,1,0
706,564,950,1,0,1
707,500,662,1,0,0
708,862,274,0,1,0
709,536,10,0,1,0
710,684,180,0,1,0
711,446,603,1,0,0
712,5,579,1,1,0
713,895,853,0,1,0
714,865,419,1,1,0
715,582,3,0,1,0
716,65,811,1,1,0
717,750,712,1,1,0
718,380,376,1,0,1
719,618,890,0,1,0
720,392,413,0,1,0
721,818,98,1,0,0
722,973,141,1,0,0
723,914,930,0,1,0
724,95,820,0,1,0
725,536,183,0,1,0
726,367,475,0,1,0
727,6,951,1,0,0
728,470,801,0,0,1
729,6,523,0,1,0
730,178,226,1,0,0
731,139,714,1,0,0
732,508,851,1,0,1
733,426,135,1,0,1
734,4,268,0,1,0
735,233,563,0,1,0
736,523,499,1,0,0
737,199,2,1,0,0
738,75,819,1,0,0
739,120,709,0,1,0
740,73,145,0,1,0
741,937,2,1,0,0
742,707,840,0,1,0
743,335,626,0,1,0
744,869,598,0,1,0
745,462,835,1,0,1
746,192,317,1,0,1
747,0,520,1,0,1
748,474,639,1,0,0
749,919,156,1,0,0
750,990,874,1,0,0
751,898,96,1,0,0
752,320,438,1,0,1
753,4,945,1,0,0
754,505,260,0,1,0
755,497,513,1,0,0
756,874,537,0,1,0
757,884,806,0,1,0
758,471,798,0,1,0
759,1,160,1,0,1
760,632,206,0,1,0
761,528,961,0,1,0
762,639,540,0,1,0
763,835,521,1,1,0
764,334,4,0,1,0
765,363,748,1,1,0
766,725,446,0,1,0
767,229,697,1,0,0
768,946,0,1,0,0
769,351,10,1,0,0
770,351,131,1,0,1
771,328,512,0,1,0
772,847,691,0,1,0
773,866,620,0,1,0
774,864,503,0,1,0
775,578,728,0,1,0
776,843,316,1,0,1
777,187,86,0,1,0
778,938,654,0,1,0
779,118,4,1,0,0
780,231,826,0,1,0
781,655,533,0,1,0
782,389,111,0,1,0
783,216,245,1,1,0
784,256,969,1,0,1
785,762,88,1,0,1
786,926,111,1,1,0
787,613,843,0,1,0
788,10,911,1,0,0
789,76,920,1,0,0
790,538,110,0,1,0
791,201,641,0,1,0
792,7,983,1,0,0
793,8,688,0,1,0
794,235,585,0,1,0
795,934,695,1,0,1
796,418,712,1,0,0
797,929,297,0,1,0
798,905,529,0,1,0
799,849,466,1,1,0
800,494,506,1,0,0
801,245,192,1,0,0
802,398,321,0,1,0
803,266,171,0,1,0
804,501,5,0,1,0
805,758,221,1,0,0
806,910,393,0,1,0
807,415,140,1,0,1
808,824,594,0,1,0
809,1,242,0,1,0
810,839,691,0,1,0
811,685,415,0,1,0
812,879,640,0,1,0
813,184,611,1,1,0
814,823,10,0,1,0
815,515,366,0,1,0
816,541,171,0,1,0
817,382,828,1,0,0
818,691,547,1,0,1
819,819,922,0,1,0
820,152,712,0,1,0
821,536,105,0,1,0
822,276,662,0,1,0
823,990,839,0,1,0
824,70,698,1,0,0
825,547,775,0,1,0
826,399,8,1,0,0
827,610,885,0,1,0
828,608,957,0,1,0
829,725,471,0,1,0
830,565,676,1,0,0
831,583,596,1,0,0
832,224,444,0,1,0
833,161,1,0,1,0
834,10,194,1,0,0
835,774,495,0,1,0
836,455,278,1,0,1
837,910,780,1,0,0
838,43,391,1,0,1
839,951,959,1,0,0
840,218,543,0,1,0
841,397,715,1,0,0
842,275,968,0,1,0
843,554,576,1,0,0
844,148,361,1,0,1
845,705,176,0,1,0
846,435,253,0,1,0
847,200,668,1,0,0
848,861,830,0,1,0
849,970,812,0,1,0
850,593,9,0,1,0
851,402,610,1,1,0
852,270,838,1,0,1
853,160,716,0,1,0
854,469,175,0,1,0
855,230,429,0,1,0
856,426,893,0,1,0
857,328,773,1,0,0
858,415,401,1,1,0
859,960,117,0,1,0
860,414,892,0,1,0
861,810,911,0,1,0
862,1,280,1,1,0
863,775,51,1,0,0
864,168,330,0,1,0
865,270,528,1,0,1
866,64,210,1,0,0
867,87,205,0,1,0
868,704,695,0,1,0
869,638,427,0,1,0
870,689,862,1,0,1
871,328,727,0,1,0
872,93,227,1,0,0
873,917,483,0,1,0
874,706,387,0,1,0
875,910,921,0,1,0
876,930,715,0,1,0
877,206,283,0,1,0
878,956,547,0,1,0
879,603,760,1,1,0
880,363,934,0,1,0
881,477,491,1,0,0
882,2,31,1,0,1
883,856,317,0,1,0
884,8,672,0,1,0
885,545,873,0,1,0
886,495,166,0,1,0
887,361,736,0,1,0
888,556,203,0,1,0
889,165,52,1,0,1
890,574,697,0,1,0
891,463,315,0,1,0
892,944,690,1,0,1
893,19,842,1,0,0
894,508,968,1,1,0
895,93,6,1,0,0
896,851,298,1,1,0
897,770,232,1,0,0
898,314,245,0,1,0
899,116,950,1,0,0
900,526,371,1,1,0
901,587,9,0,1,0
902,260,735,1,0,1
903,632,679,0,1,0
904,947,687,0,1,0
905,656,507,0,1,0
906,1,112,1,0,0
907,239,761,1,0,1
908,185,615,0,1,0
909,81,930,1,0,0
910,990,389,1,0,1
911,211,257,0,1,0
912,577,688,0,1,0
913,600,705,0,1,0
914,563,201,0,1,0
915,590,391,0,1,0
916,802,968,0,1,0
917,377,889,1,0,1
918,4,403,1,0,0
919,529,373,1,1,0
920,585,620,1,0,0
921,321,841,1,0,1
922,602,817,0,1,0
923,665,441,1,0,1
924,610,183,1,0,0
925,415,864,0,1,0
926,974,651,0,1,0
927,217,10,1,0,0
928,686,528,0,1,0
929,860,483,1,0,1
930,418,10,1,0,0
931,925,652,0,1,0
932,173,95,0,1,0
933,517,559,1,0,0
934,934,962,0,1,0
935,171,98,1,0,1
936,778,2,0,1,0
937,670,324,1,0,0
938,464,468,1,0,0
939,397,514,1,0,0
940,396,889,0,1,0
941,85,322,0,1,0
942,719,212,1,0,1
943,712,179,0,1,0
944,903,16,1,0,0
945,195,402,1,0,1
946,511,875,0,1,0
947,633,849,0,1,0
948,7,908,1,0,0
949,950,487,0,1,0
950,406,616,1,0,1
951,237,573,0,1,0
952,428,9,0,1,0
953,489,663,1,0,0
954,613,533,0,1,0
955,180,4,0,1,0
956,324,192,0,1,0
957,411,228,1,0,0
958,420,250,0,1,0
959,775,646,0,1,0
960,620,936,0,1,0
961,225,646,0,1,0
962,731,990,1,0,1
963,264,354,0,1,0
964,61,1,1,0,0
965,345,140,0,1,0
966,519,228,1,0,1
967,9,793,0,1,0
968,257,274,0,0,1
969,102,24,0,1,0
970,2,673,0,1,0
971,471,578,1,0,0
972,494,171,0,1,0
973,738,795,0,1,0
974,0,719,1,0,0
975,360,426,0,1,0
976,822,676,1,0,1
977,288,644,0,1,0
978,537,154,0,1,0
979,258,813,0,1,0
980,721,378,0,1,0
981,614,883,0,1,0
982,447,234,0,1,0
983,449,488,1,0,0
984,241,433,0,1,0
985,445,303,0,1,0
986,582,978,0,1,0
987,721,4,1,0,1
988,509,300,0,1,0
989,123,691,0,1,0
990,47,565,1,0,1
991,671,148,0,1,0
992,216,79,0,1,0
993,9,24,0,1,0
994,168,192,0,1,0
995,696,892,0,1,0
996,597,649,1,1,0
997,104,123,1,0,1
998,716,614,0,1,0
999,706,556,0,1,0
