Index,x,y,alive,infected,immune
0,798,295,0,1,0
1,23,633,1,0,1
2,958,226,0,0,1
3,553,837,1,0,1
4,860,748,0,1,0
5,453,120,0,1,0
6,461,34,0,1,0
7,8,559,0,1,0
8,312,802,1,0,1
9,871,587,0,1,0
10,424,126,0,1,0
11,655,159,0,1,0
12,552,979,0,1,0
13,91,312,0,1,0
14,831,303,0,1,0
15,73,807,0,1,0
16,514,291,1,0,1
17,771,635,0,1,0
18,974,189,0,1,0
19,602,854,0,1,0
20,945,595,0,1,0
21,318,376,0,1,0
22,427,805,0,1,0
23,256,60,1,0,1
24,230,402,0,1,0
25,7,153,0,1,0
26,795,9,0,1,0
27,681,476,0,1,0
28,113,135,0,1,0
29,503,885,0,1,0
30,699,712,0,1,0
31,561,4,0,1,0
32,761,889,1,0,1
33,980,366,1,0,1
34,244,873,0,1,0
35,281,1,0,1,0
36,629,0,1,0,1
37,891,703,0,1,0
38,26,595,0,1,0
39,434,728,0,1,0
40,167,31,0,1,0
41,664,499,1,0,1
42,498,171,1,0,1
43,113,423,0,1,0
44,434,263,0,1,0
45,201,145,0,1,0
46,551,879,1,0,1
47,757,607,0,1,0
48,721,335,0,1,0
49,425,123,0,1,0
50,508,902,0,1,0
51,898,684,0,1,0
52,106,395,0,1,0
53,125,386,0,1,0
54,290,859,0,1,0
55,568,315,0,0,1
56,717,166,0,1,0
57,517,265,0,1,0
58,167,389,0,1,0
59,990,407,0,1,0
60,229,570,0,1,0
61,594,7,0,1,0
62,351,946,0,1,0
63,189,431,0,1,0
64,6,962,0,1,0
65,6,349,1,0,1
66,41,806,0,1,0
67,816,801,0,1,0
68,610,716,0,1,0
69,697,935,0,1,0
70,581,796,0,1,0
71,734,42,0,1,0
72,560,814,0,1,0
73,616,736,0,1,0
74,335,9,0,1,0
75,990,163,1,0,1
76,145,352,0,1,0
77,430,229,1,0,1
78,368,733,1,0,1
79,909,85,0,1,0
80,110,505,0,1,0
81,809,842,0,1,0
82,162,155,0,1,0
83,242,910,0,1,0
84,371,555,0,1,0
85,214,359,0,1,0
86,368,694,1,0,1
87,852,606,0,1,0
88,569,166,0,1,0
89,629,923,0,1,0
90,288,207,0,1,0
91,228,514,0,1,0
92,273,474,0,1,0
93,503,887,0,1,0
94,679,447,0,1,0
95,225,941,0,1,0
96,737,944,0,1,0
97,585,498,0,1,0
98,113,71,0,1,0
99,649,161,0,1,0
100,213,289,0,1,0
101,816,411,1,0,0
102,704,866,1,0,1
103,5,33,0,0,1
104,673,487,1,0,1
105,579,605,1,0,0
106,861,246,1,0,0
107,609,222,0,1,0
108,888,412,0,1,0
109,825,618,0,0,1
110,339,841,1,0,0
111,9,776,0,1,0
112,783,465,0,1,0
113,855,365,0,1,0
114,575,364,0,1,0
115,909,548,0,1,0
116,116,970,1,0,0
117,701,831,0,1,0
118,413,0,1,0,0
119,167,747,1,0,0
120,670,529,1,0,1
121,864,509,0,1,0
122,1,481,1,0,0
123,669,116,1,0,0
124,312,347,1,0,0
125,813,626,1,0,1
126,808,5,0,1,0
127,646,791,1,1,0
128,209,763,1,1,0
129,531,4,0,1,0
130,420,797,1,1,0
131,1,180,1,0,0
132,927,244,0,1,0
133,19,263,0,1,0
134,656,591,0,1,0
135,334,403,0,1,0
136,216,257,0,1,0
137,585,609,1,0,0
138,643,723,1,0,1
139,625,167,1,0,1
140,2,421,0,1,0
141,603,667,1,1,0
142,502,382,1,0,0
143,789,109,0,1,0
144,408,671,1,0,0
145,181,53,0,1,0
146,533,533,1,0,0
147,441,678,1,0,0
148,724,328,0,1,0
149,288,169,0,1,0
150,98,204,1,0,1
151,669,413,0,1,0
152,394,437,1,1,0
153,326,356,0,1,0
154,7,901,1,0,0
155,93,147,0,1,0
156,596,568,1,0,0
157,178,281,0,1,0
158,380,720,1,0,0
159,850,598,0,1,0
160,811,721,0,1,0
161,149,562,0,1,0
162,752,782,1,0,0
163,632,180,0,1,0
164,51,544,0,1,0
165,531,838,0,1,0
166,905,279,1,1,0
167,252,234,0,1,0
168,238,2,1,0,0
169,861,941,1,0,0
170,522,696,1,0,0
171,927,517,0,1,0
172,117,236,1,0,0
173,0,926,1,0,0
174,83,908,1,0,0
175,48,72,1,0,0
176,593,396,0,1,0
177,389,436,0,1,0
178,399,646,0,1,0
179,709,9,0,1,0
180,515,87,0,1,0
181,973,594,0,1,0
182,441,923,0,1,0
183,787,240,1,0,0
184,271,313,1,0,0
185,532,23,1,0,0
186,819,344,1,0,1
187,695,461,0,1,0
188,416,973,1,0,0
189,855,77,1,0,0
190,942,540,0,1,0
191,942,967,1,0,0
192,942,223,0,1,0
193,472,269,0,1,0
194,2,537,0,1,0
195,526,306,0,1,0
196,5,676,1,0,1
197,967,943,1,0,0
198,801,930,0,1,0
199,837,580,0,1,0
200,530,579,1,0,0
201,180,798,1,0,0
202,264,860,0,1,0
203,947,8,1,0,0
204,50,766,1,0,0
205,663,932,0,1,0
206,217,314,1,0,0
207,772,318,0,1,0
208,255,580,1,1,0
209,769,75,1,0,1
210,233,990,1,0,0
211,735,785,1,0,0
212,89,608,0,1,0
213,599,813,0,1,0
214,990,506,1,0,0
215,543,768,1,0,0
216,310,51,0,1,0
217,391,260,0,1,0
218,601,430,0,1,0
219,309,10,1,1,0
220,7,785,0,0,1
221,770,167,0,1,0
222,2,550,0,1,0
223,374,144,0,1,0
224,284,422,0,1,0
225,652,660,0,1,0
226,392,555,1,0,0
227,540,686,1,0,0
228,943,711,0,1,0
229,437,347,1,0,0
230,259,163,0,1,0
231,960,156,1,0,0
232,816,158,1,0,0
233,263,754,1,0,0
234,396,621,0,1,0
235,639,496,0,1,0
236,349,845,0,1,0
237,308,2,1,1,0
238,517,397,1,0,0
239,245,895,0,1,0
240,262,77,0,0,1
241,292,858,0,1,0
242,313,252,0,1,0
243,195,324,1,0,1
244,266,903,0,1,0
245,832,630,1,0,1
246,726,154,1,0,1
247,554,880,0,1,0
248,321,4,0,1,0
249,666,804,0,1,0
250,841,576,0,1,0
251,875,685,1,0,1
252,718,669,0,1,0
253,611,50,1,0,0
254,131,244,1,0,0
255,95,481,0,1,0
256,657,380,1,0,0
257,719,586,0,1,0
258,551,590,1,0,0
259,779,809,1,0,1
260,853,497,0,1,0
261,515,567,1,0,0
262,3,515,0,1,0
263,914,625,0,1,0
264,123,620,0,1,0
265,156,362,0,1,0
266,92,885,1,0,0
267,275,60,0,0,1
268,752,135,0,1,0
269,892,2,1,0,0
270,825,677,1,1,0
271,735,240,1,0,0
272,851,948,1,0,1
273,505,717,1,0,0
274,142,437,1,0,1
275,164,951,0,1,0
276,488,51,0,0,1
277,631,674,1,0,0
278,526,508,1,0,0
279,384,9,1,0,0
280,264,246,0,1,0
281,158,727,1,0,0
282,498,668,1,0,0
283,979,895,1,0,0
284,808,703,0,1,0
285,821,8,1,0,0
286,873,964,1,0,1
287,3,39,0,1,0
288,9,695,1,1,0
289,208,753,1,0,0
290,547,369,0,1,0
291,850,118,1,0,1
292,61,870,1,0,0
293,5,244,1,0,0
294,36,870,1,0,0
295,257,682,1,1,0
296,208,719,1,0,0
297,364,146,0,1,0
298,721,743,0,1,0
299,79,292,1,1,0
300,460,737,1,0,1
301,680,571,1,0,1
302,123,176,0,0,1
303,4,498,0,1,0
304,555,263,0,1,0
305,942,9,1,0,0
306,726,128,0,1,0
307,610,242,1,0,1
308,838,10,1,0,0
309,489,294,1,0,1
310,898,324,0,1,0
311,731,474,0,1,0
312,219,770,0,1,0
313,352,7,1,0,0
314,0,244,1,0,0
315,856,705,0,1,0
316,0,790,0,1,0
317,775,753,0,0,1
318,560,714,1,0,0
319,61,990,1,0,0
320,665,865,1,1,0
321,827,622,1,0,1
322,803,730,0,1,0
323,776,610,1,0,1
324,9,503,0,1,0
325,594,839,0,1,0
326,387,70,1,1,0
327,858,472,1,1,0
328,121,460,0,1,0
329,133,456,0,1,0
330,654,794,1,1,0
331,6,150,0,1,0
332,710,935,0,1,0
333,210,894,0,1,0
334,265,444,0,1,0
335,833,686,0,1,0
336,828,296,0,1,0
337,436,106,0,1,0
338,758,4,0,1,0
339,3,707,1,0,0
340,898,647,0,1,0
341,789,692,0,1,0
342,474,656,1,0,0
343,557,2,0,1,0
344,965,928,1,0,0
345,475,573,1,0,0
346,228,257,1,0,1
347,315,472,0,1,0
348,300,445,0,1,0
349,798,153,1,0,0
350,116,826,1,1,0
351,511,275,1,0,1
352,384,875,1,1,0
353,833,761,1,1,0
354,933,893,0,1,0
355,57,756,1,1,0
356,110,666,0,1,0
357,96,433,0,1,0
358,527,620,1,0,0
359,616,947,0,1,0
360,338,385,0,1,0
361,4,816,1,0,0
362,713,3,0,1,0
363,652,361,1,0,1
364,844,902,0,1,0
365,858,872,0,1,0
366,327,155,0,1,0
367,423,648,1,0,0
368,206,409,0,1,0
369,140,479,1,0,1
370,652,870,0,1,0
371,1,886,1,0,0
372,726,587,1,0,1
373,368,939,0,1,0
374,864,863,0,1,0
375,479,160,0,1,0
376,212,801,1,0,0
377,472,831,0,1,0
378,490,656,1,0,0
379,122,782,1,0,0
380,793,369,0,1,0
381,832,675,1,0,1
382,736,388,0,1,0
383,462,10,1,0,0
384,829,174,1,0,0
385,438,9,1,0,1
386,889,754,0,1,0
387,283,135,1,0,0
388,751,1,0,1,0
389,359,127,1,0,1
390,5,21,0,1,0
391,61,898,1,0,0
392,199,97,0,1,0
393,261,845,0,1,0
394,768,551,0,1,0
395,257,2,1,0,0
396,96,511,1,1,0
397,952,824,1,1,0
398,206,153,0,1,0
399,662,68,1,0,0
400,502,406,1,0,0
401,738,564,0,0,1
402,315,463,0,1,0
403,305,56,0,1,0
404,237,569,1,1,0
405,878,165,1,0,0
406,755,462,0,1,0
407,313,502,0,1,0
408,3,755,1,0,0
409,603,110,1,0,0
410,282,681,1,0,1
411,447,10,1,0,1
412,522,325,1,0,0
413,742,825,0,1,0
414,254,812,0,1,0
415,482,189,1,1,0
416,155,556,0,1,0
417,500,883,0,1,0
418,304,836,0,1,0
419,382,318,0,1,0
420,699,509,1,1,0
421,875,774,0,1,0
422,52,718,1,0,1
423,347,112,1,0,1
424,152,330,0,1,0
425,154,377,0,1,0
426,26,808,0,1,0
427,338,589,1,1,0
428,980,8,1,0,0
429,567,968,0,1,0
430,352,136,1,1,0
431,598,703,0,1,0
432,888,291,1,0,0
433,847,485,1,1,0
434,392,783,1,0,0
435,819,396,1,0,0
436,488,10,1,0,0
437,826,630,0,1,0
438,515,599,1,0,0
439,881,192,1,0,0
440,299,75,0,1,0
441,760,541,1,0,1
442,413,490,1,0,0
443,229,318,1,0,0
444,182,203,1,1,0
445,255,455,0,1,0
446,806,670,0,1,0
447,399,931,0,1,0
448,710,124,1,0,0
449,100,258,1,0,0
450,909,303,0,1,0
451,301,5,0,1,0
452,976,141,1,1,0
453,207,710,1,0,0
454,545,682,1,0,0
455,592,288,0,1,0
456,990,900,1,0,0
457,620,378,0,1,0
458,344,767,0,1,0
459,10,840,1,0,0
460,978,0,1,0,0
461,389,450,1,1,0
462,602,557,1,0,1
463,826,454,1,0,0
464,583,837,0,1,0
465,820,535,0,1,0
466,316,188,1,0,0
467,470,404,1,0,0
468,27,7,1,0,1
469,693,391,0,1,0
470,689,2,0,1,0
471,13,533,0,1,0
472,854,5,1,0,0
473,6,564,1,1,0
474,258,90,0,0,1
475,336,0,1,0,1
476,386,346,0,1,0
477,496,497,1,0,0
478,388,890,1,0,1
479,792,234,1,0,0
480,850,429,1,0,0
481,274,276,1,0,1
482,242,833,1,0,1
483,518,901,0,1,0
484,919,739,0,1,0
485,633,628,0,1,0
486,328,458,0,1,0
487,121,625,0,0,1
488,361,803,1,0,0
489,597,343,1,0,1
490,907,837,1,0,1
491,392,315,0,1,0
492,990,15,1,0,0
493,744,111,1,1,0
494,552,238,0,1,0
495,125,603,0,1,0
496,102,98,1,0,0
497,609,466,0,1,0
498,157,757,1,0,0
499,924,243,1,0,1
500,306,229,1,0,1
501,107,945,1,0,0
502,567,9,0,1,0
503,754,7,0,1,0
504,260,349,1,0,0
505,657,487,1,0,1
506,736,711,1,0,1
507,617,338,0,1,0
508,405,80,0,1,0
509,83,612,0,1,0
510,553,1,1,0,1
511,869,562,0,1,0
512,914,207,1,0,0
513,116,666,1,1,0
514,645,189,0,1,0
515,112,105,0,1,0
516,813,423,1,0,0
517,603,125,0,1,0
518,621,272,0,1,0
519,407,101,0,1,0
520,749,648,0,1,0
521,902,105,1,1,0
522,284,590,1,1,0
523,476,708,1,0,0
524,858,846,0,1,0
525,580,381,1,0,0
526,8,37,0,1,0
527,411,393,1,0,0
528,754,6,0,1,0
529,339,536,1,0,1
530,929,596,1,0,1
531,474,722,1,0,0
532,104,903,0,1,0
533,97,185,0,1,0
534,846,460,0,1,0
535,218,902,0,1,0
536,859,664,0,1,0
537,384,591,1,0,0
538,406,118,0,1,0
539,566,324,1,1,0
540,506,660,1,0,0
541,538,673,1,0,0
542,660,464,1,1,0
543,4,46,1,1,0
544,335,279,1,0,0
545,52,2,1,0,0
546,127,393,0,1,0
547,457,449,1,0,0
548,76,728,1,0,0
549,602,533,0,1,0
550,819,390,0,1,0
551,249,957,1,0,0
552,892,301,1,0,1
553,387,838,1,0,0
554,474,705,1,0,0
555,182,860,0,1,0
556,359,643,0,1,0
557,299,3,0,1,0
558,834,575,1,0,1
559,717,497,0,1,0
560,723,643,1,0,0
561,696,720,0,1,0
562,898,626,0,1,0
563,415,938,0,1,0
564,4,142,1,0,1
565,227,691,1,0,0
566,227,94,0,1,0
567,256,347,1,0,0
568,764,123,0,1,0
569,145,939,1,0,0
570,800,641,1,0,1
571,286,611,1,0,0
572,531,270,0,1,0
573,229,587,1,1,0
574,878,475,1,0,0
575,506,177,0,1,0
576,87,885,1,0,0
577,324,857,1,1,0
578,170,198,0,1,0
579,744,136,0,1,0
580,190,797,1,0,0
581,9,370,1,0,0
582,365,313,1,1,0
583,538,919,0,1,0
584,260,196,1,0,1
585,158,559,1,0,0
586,801,313,1,1,0
587,801,2,0,1,0
588,220,501,1,0,0
589,560,753,1,0,0
590,526,340,0,1,0
591,810,413,1,1,0
592,849,877,0,1,0
593,268,671,0,1,0
594,738,585,0,1,0
595,543,913,1,0,1
596,313,836,0,1,0
597,770,540,0,1,0
598,132,281,1,0,0
599,107,419,0,1,0
600,901,271,0,1,0
601,749,771,0,1,0
602,762,500,0,1,0
603,6,429,0,1,0
604,565,66,0,1,0
605,395,411,0,1,0
606,811,8,1,1,0
607,141,304,0,1,0
608,553,664,1,0,0
609,313,333,1,0,0
610,787,912,1,1,0
611,412,226,1,0,0
612,254,865,0,1,0
613,72,531,0,1,0
614,624,768,1,1,0
615,507,9,0,1,0
616,957,787,1,0,0
617,722,581,0,1,0
618,469,219,0,1,0
619,691,214,0,1,0
620,958,90,0,1,0
621,507,345,1,0,0
622,539,3,0,1,0
623,169,327,1,1,0
624,711,350,1,0,1
625,284,505,1,0,0
626,4,20,0,1,0
627,147,346,0,1,0
628,833,0,1,0,0
629,674,710,0,1,0
630,745,499,0,1,0
631,911,969,1,0,0
632,990,792,1,0,0
633,220,300,0,1,0
634,898,263,0,1,0
635,489,899,0,1,0
636,802,879,0,1,0
637,129,450,0,1,0
638,360,511,1,0,0
639,634,352,1,0,1
640,119,752,1,0,0
641,1,586,0,1,0
642,5,967,0,1,0
643,884,579,0,1,0
644,442,275,0,1,0
645,82,198,0,1,0
646,590,262,0,1,0
647,9,644,0,1,0
648,69,322,0,1,0
649,703,445,0,1,0
650,954,990,1,0,0
651,810,327,0,1,0
652,242,418,1,1,0
653,219,6,1,0,0
654,8,824,1,0,0
655,508,3,0,1,0
656,455,415,1,0,0
657,600,212,0,1,0
658,298,733,0,1,0
659,229,47,1,1,0
660,306,115,1,0,1
661,340,620,1,1,0
662,343,32,1,0,0
663,733,420,0,1,0
664,93,684,1,0,0
665,237,535,0,1,0
666,115,392,0,1,0
667,617,134,0,1,0
668,906,621,0,1,0
669,921,8,1,0,0
670,205,312,0,1,0
671,782,687,1,1,0
672,903,677,0,1,0
673,816,303,1,0,1
674,691,271,0,1,0
675,604,565,1,0,0
676,856,820,1,0,0
677,878,898,1,1,0
678,466,401,1,0,0
679,9,147,0,1,0
680,540,490,1,0,0
681,489,7,1,0,0
682,216,695,1,0,0
683,53,610,0,1,0
684,196,90,0,1,0
685,369,132,1,0,1
686,895,114,0,1,0
687,824,524,1,0,1
688,567,771,0,1,0
689,788,703,1,1,0
690,607,595,1,0,0
691,264,756,0,1,0
692,818,769,0,1,0
693,522,870,0,1,0
694,737,276,1,0,0
695,633,427,0,1,0
696,779,378,1,0,1
697,594,368,0,1,0
698,202,448,1,0,1
699,162,728,1,0,0
700,734,327,1,1,0
701,78,950,1,0,0
702,564,382,1,0,0
703,397,7,1,0,0
704,310,881,0,1,0
705,9,645,0,1,0
706,561,909,1,0,1
707,493,696,1,0,0
708,868,278,0,1,0
709,536,10,0,1,0
710,671,180,0,1,0
711,431,588,1,0,0
712,7,579,1,1,0
713,869,868,0,1,0
714,839,424,1,0,0
715,582,8,0,1,0
716,69,799,1,0,0
717,788,700,1,1,0
718,400,425,1,1,0
719,615,892,0,1,0
720,373,415,0,1,0
721,818,131,1,0,0
722,944,162,1,0,0
723,900,888,0,1,0
724,97,824,0,1,0
725,559,190,0,1,0
726,365,454,0,1,0
727,7,951,1,0,0
728,456,781,1,1,0
729,6,523,0,1,0
730,136,237,1,0,0
731,128,729,1,0,0
732,539,858,1,0,1
733,401,143,1,0,1
734,4,268,1,0,0
735,248,558,0,1,0
736,492,506,1,0,0
737,199,5,1,0,0
738,59,853,1,0,0
739,139,687,1,1,0
740,65,154,0,1,0
741,937,1,1,0,0
742,709,831,0,1,0
743,331,655,0,1,0
744,870,609,0,1,0
745,448,816,1,0,1
746,159,299,1,1,0
747,7,520,1,0,1
748,480,625,1,0,0
749,919,160,1,0,0
750,990,874,1,0,0
751,895,62,1,0,0
752,327,455,1,0,1
753,6,945,1,0,0
754,530,252,0,1,0
755,493,499,1,0,0
756,872,507,0,1,0
757,880,804,0,1,0
758,490,804,0,1,0
759,4,160,1,0,1
760,624,212,0,1,0
761,533,960,0,1,0
762,657,569,0,1,0
763,868,490,1,0,0
764,334,9,0,1,0
765,416,735,1,1,0
766,743,440,0,1,0
767,217,676,1,0,0
768,946,9,1,0,0
769,351,10,1,0,0
770,362,147,1,0,1
771,330,523,0,1,0
772,854,718,0,1,0
773,881,603,0,1,0
774,859,520,0,1,0
775,589,715,0,1,0
776,855,321,1,1,0
777,184,72,0,1,0
778,928,656,1,0,0
779,118,1,1,0,0
780,242,819,0,1,0
781,662,517,0,1,0
782,369,120,0,1,0
783,207,286,1,1,0
784,293,977,1,0,1
785,773,73,1,0,1
786,889,91,1,0,0
787,634,850,0,1,0
788,10,911,1,0,0
789,80,930,1,0,0
790,554,117,0,1,0
791,204,631,0,1,0
792,4,983,1,0,0
793,22,683,0,1,0
794,242,611,0,1,0
795,924,698,1,0,1
796,443,670,1,0,0
797,913,309,0,1,0
798,876,527,0,1,0
799,854,433,1,0,0
800,483,508,1,0,0
801,236,190,1,0,0
802,380,306,0,1,0
803,258,170,0,1,0
804,501,4,0,1,0
805,752,261,1,0,0
806,917,400,0,1,0
807,417,126,1,0,1
808,808,580,0,1,0
809,983,236,0,1,0
810,846,658,0,1,0
811,677,439,0,1,0
812,873,621,0,1,0
813,230,617,1,1,0
814,823,10,1,0,0
815,537,385,1,0,0
816,526,164,0,1,0
817,376,820,1,0,0
818,692,552,1,0,1
819,859,903,0,1,0
820,144,706,0,1,0
821,528,102,0,1,0
822,298,650,0,1,0
823,963,842,0,1,0
824,59,704,1,0,0
825,560,787,1,1,0
826,399,7,1,0,0
827,622,899,0,1,0
828,589,956,0,1,0
829,745,501,0,1,0
830,559,677,1,0,0
831,563,585,1,0,0
832,217,433,0,1,0
833,161,7,0,1,0
834,10,194,1,0,0
835,777,480,0,1,0
836,463,287,1,0,1
837,913,759,1,0,0
838,59,384,1,0,1
839,940,965,1,0,0
840,226,544,0,1,0
841,391,704,1,0,0
842,276,969,0,1,0
843,524,581,1,0,0
844,141,363,1,0,1
845,690,186,0,1,0
846,431,260,0,1,0
847,220,694,1,0,0
848,874,807,0,1,0
849,959,828,0,1,0
850,593,0,0,1,0
851,387,598,1,0,0
852,271,848,1,0,1
853,146,693,0,1,0
854,486,195,0,1,0
855,249,426,0,1,0
856,415,874,0,1,0
857,306,760,1,0,0
858,406,428,1,0,0
859,958,103,0,1,0
860,420,921,0,1,0
861,800,902,0,1,0
862,9,280,1,0,0
863,769,50,1,0,0
864,172,337,0,1,0
865,251,534,1,0,1
866,63,232,1,0,0
867,56,191,0,1,0
868,719,690,0,1,0
869,609,412,0,1,0
870,657,866,1,1,0
871,312,723,0,1,0
872,118,262,1,0,0
873,920,466,0,1,0
874,697,349,0,1,0
875,910,928,1,1,0
876,923,729,0,1,0
877,236,306,1,0,0
878,956,525,0,1,0
879,601,751,1,0,0
880,338,927,0,1,0
881,491,494,1,0,0
882,7,31,1,0,1
883,853,312,0,1,0
884,4,672,0,1,0
885,548,849,0,1,0
886,487,184,0,1,0
887,354,718,0,1,0
888,568,213,0,1,0
889,156,53,1,0,1
890,592,698,0,1,0
891,475,325,0,1,0
892,939,683,1,0,1
893,34,856,1,0,0
894,501,965,1,0,0
895,93,3,1,0,0
896,867,293,1,0,0
897,755,230,1,0,0
898,337,225,0,1,0
899,113,941,1,0,0
900,501,361,1,0,0
901,587,5,0,1,0
902,283,725,1,0,1
903,668,668,1,0,0
904,930,691,0,1,0
905,666,516,0,1,0
906,5,112,1,0,0
907,241,772,1,1,0
908,173,617,0,1,0
909,85,931,1,0,0
910,990,389,1,0,1
911,210,236,0,1,0
912,596,694,0,1,0
913,618,701,0,1,0
914,559,189,0,1,0
915,590,403,0,1,0
916,788,953,0,1,0
917,385,879,1,0,1
918,9,403,1,0,0
919,520,362,1,0,0
920,575,646,1,0,0
921,355,841,1,0,1
922,585,802,0,1,0
923,672,422,1,0,1
924,602,166,1,0,0
925,423,842,0,1,0
926,973,619,0,1,0
927,217,10,1,0,0
928,657,517,0,1,0
929,866,488,1,1,0
930,418,10,1,0,0
931,926,645,0,1,0
932,176,79,0,1,0
933,515,573,1,0,0
934,903,928,1,1,0
935,161,76,1,0,1
936,778,1,0,1,0
937,668,321,1,0,0
938,476,486,1,0,0
939,416,506,1,0,0
940,404,880,0,1,0
941,90,330,0,1,0
942,706,194,1,0,1
943,695,190,0,1,0
944,886,18,1,0,0
945,205,392,1,1,0
946,528,874,0,1,0
947,634,856,0,1,0
948,1,908,1,0,0
949,923,494,0,1,0
950,394,632,1,1,0
951,243,553,0,1,0
952,428,4,0,1,0
953,509,663,1,0,0
954,587,530,0,1,0
955,180,9,1,1,0
956,326,205,0,1,0
957,402,234,1,0,0
958,436,239,0,1,0
959,785,675,0,1,0
960,613,925,0,1,0
961,233,639,0,1,0
962,731,990,1,0,1
963,245,374,0,1,0
964,61,5,1,0,0
965,356,151,0,1,0
966,539,203,1,0,1
967,0,793,0,1,0
968,244,276,0,0,1
969,132,32,0,1,0
970,4,673,0,1,0
971,446,572,1,0,0
972,503,196,0,1,0
973,748,809,0,1,0
974,8,719,1,0,0
975,400,445,1,0,0
976,827,709,1,0,1
977,315,647,0,1,0
978,546,177,0,1,0
979,273,798,0,1,0
980,739,383,0,1,0
981,616,909,0,1,0
982,476,257,0,1,0
983,412,481,1,0,0
984,242,421,0,1,0
985,404,283,0,1,0
986,603,941,0,1,0
987,721,1,1,1,0
988,496,297,0,1,0
989,121,665,0,1,0
990,42,566,1,0,1
991,618,152,0,1,0
992,245,82,0,1,0
993,0,24,0,1,0
994,187,168,0,1,0
995,691,896,0,1,0
996,597,629,1,0,0
997,98,142,1,0,1
998,702,597,0,1,0
999,718,555,0,1,0
