Index,x,y,alive,infected,immune
0,786,286,0,1,0
1,25,658,1,0,1
2,949,219,0,0,1
3,505,846,1,0,1
4,882,757,0,1,0
5,436,124,0,1,0
6,446,67,0,1,0
7,6,559,0,1,0
8,281,781,1,0,1
9,874,592,0,1,0
10,427,141,0,1,0
11,643,143,0,1,0
12,523,957,0,1,0
13,78,313,0,1,0
14,839,270,0,1,0
15,72,763,0,1,0
16,502,302,1,0,1
17,772,654,0,1,0
18,962,207,0,1,0
19,590,844,0,1,0
20,955,611,0,1,0
21,328,365,0,1,0
22,438,819,0,1,0
23,231,86,1,0,1
24,227,422,0,1,0
25,2,153,0,1,0
26,795,1,0,1,0
27,696,447,0,1,0
28,85,114,0,1,0
29,471,877,0,1,0
30,715,724,0,1,0
31,561,6,0,1,0
32,774,885,1,0,1
33,947,318,1,0,1
34,247,855,0,1,0
35,281,8,0,1,0
36,629,0,1,0,1
37,917,685,0,1,0
38,0,585,0,1,0
39,423,764,0,1,0
40,179,29,0,1,0
41,661,533,1,0,1
42,482,174,1,0,1
43,120,413,0,1,0
44,466,269,0,1,0
45,221,125,0,1,0
46,533,906,1,0,1
47,774,611,0,1,0
48,741,350,0,1,0
49,425,128,0,1,0
50,490,910,0,1,0
51,853,686,0,1,0
52,72,398,0,1,0
53,142,360,0,1,0
54,301,818,0,1,0
55,562,305,0,0,1
56,687,157,0,1,0
57,523,250,0,1,0
58,167,367,0,1,0
59,990,407,0,1,0
60,220,600,0,1,0
61,594,2,0,1,0
62,362,952,0,1,0
63,163,454,0,1,0
64,2,962,0,1,0
65,6,349,1,0,1
66,39,801,0,1,0
67,798,823,0,1,0
68,618,740,0,1,0
69,717,925,0,1,0
70,579,834,0,1,0
71,747,10,0,1,0
72,575,768,0,1,0
73,615,744,0,1,0
74,335,5,0,1,0
75,990,163,1,0,1
76,130,358,0,1,0
77,404,237,1,0,1
78,375,772,1,0,1
79,920,85,0,1,0
80,111,505,0,1,0
81,776,844,0,1,0
82,124,143,0,1,0
83,274,918,0,1,0
84,370,573,0,1,0
85,223,324,0,1,0
86,375,670,1,0,1
87,849,617,0,1,0
88,567,160,0,1,0
89,651,920,0,1,0
90,277,232,0,1,0
91,212,511,0,1,0
92,284,498,0,1,0
93,516,922,0,1,0
94,683,419,0,1,0
95,224,913,0,1,0
96,789,942,0,1,0
97,557,527,0,1,0
98,124,54,0,1,0
99,651,175,0,1,0
100,211,270,0,1,0
101,760,379,1,1,0
102,674,878,1,0,1
103,4,33,0,0,1
104,675,463,1,0,1
105,586,601,1,0,0
106,852,268,1,1,0
107,601,202,0,1,0
108,879,421,0,1,0
109,805,596,0,0,1
110,332,832,1,1,0
111,1,776,0,1,0
112,769,466,0,1,0
113,844,353,0,1,0
114,575,341,0,1,0
115,901,528,0,1,0
116,99,976,1,0,0
117,729,849,0,1,0
118,413,3,1,0,0
119,201,748,1,0,0
120,683,513,1,0,1
121,871,524,0,1,0
122,5,481,1,0,0
123,668,99,1,0,0
124,300,391,0,1,0
125,819,635,1,0,1
126,808,1,0,1,0
127,672,765,0,1,0
128,215,769,1,1,0
129,531,7,0,1,0
130,429,844,0,1,0
131,7,180,1,0,0
132,926,261,0,1,0
133,7,274,0,1,0
134,656,593,0,1,0
135,317,423,0,1,0
136,203,231,0,1,0
137,590,572,1,0,0
138,605,711,1,0,1
139,602,146,1,0,1
140,2,421,0,1,0
141,627,656,1,1,0
142,521,429,1,1,0
143,776,146,0,1,0
144,391,627,0,1,0
145,190,69,0,1,0
146,534,553,1,0,0
147,440,669,1,0,0
148,743,314,0,1,0
149,293,195,0,1,0
150,97,188,1,0,1
151,674,421,0,1,0
152,357,447,1,0,1
153,321,345,0,1,0
154,5,901,1,0,0
155,67,143,0,1,0
156,607,572,1,0,0
157,204,273,0,1,0
158,414,719,1,0,0
159,859,599,0,1,0
160,798,732,0,1,0
161,140,567,0,1,0
162,790,805,0,1,0
163,622,191,0,1,0
164,44,568,0,1,0
165,531,864,0,1,0
166,865,306,0,1,0
167,240,225,0,1,0
168,238,6,0,1,0
169,872,982,1,0,0
170,546,694,1,0,0
171,932,520,0,1,0
172,128,249,1,0,0
173,9,926,1,0,0
174,91,913,1,0,0
175,59,73,1,0,0
176,589,388,0,1,0
177,389,421,0,1,0
178,410,652,0,1,0
179,709,5,0,1,0
180,513,94,0,1,0
181,985,572,0,1,0
182,441,906,0,1,0
183,730,271,1,0,0
184,296,317,1,0,0
185,551,37,1,0,0
186,868,338,1,0,1
187,692,464,0,1,0
188,394,990,1,1,0
189,837,82,1,0,0
190,966,543,0,1,0
191,950,993,0,1,0
192,933,240,0,1,0
193,465,220,0,1,0
194,7,537,0,1,0
195,533,314,0,1,0
196,0,676,1,0,1
197,957,966,1,0,0
198,768,947,0,1,0
199,826,583,0,1,0
200,521,604,1,0,0
201,182,798,1,0,0
202,237,854,0,1,0
203,947,4,1,0,0
204,28,739,1,0,0
205,668,931,0,1,0
206,193,346,1,1,0
207,785,320,0,1,0
208,279,622,0,1,0
209,787,57,1,0,1
210,233,990,1,0,0
211,736,769,0,1,0
212,86,612,0,1,0
213,591,791,0,1,0
214,990,506,1,0,0
215,547,731,1,0,0
216,328,94,0,1,0
217,373,250,0,1,0
218,606,431,0,1,0
219,309,10,1,1,0
220,1,785,0,0,1
221,743,156,0,1,0
222,9,550,0,1,0
223,392,141,0,1,0
224,257,456,0,1,0
225,657,657,0,1,0
226,357,550,1,1,0
227,523,668,1,0,0
228,962,717,0,1,0
229,450,333,1,0,0
230,256,128,0,1,0
231,954,169,1,0,0
232,824,123,1,0,0
233,221,756,0,1,0
234,435,656,0,1,0
235,654,483,0,1,0
236,332,883,0,1,0
237,308,1,0,1,0
238,534,412,1,0,0
239,244,885,0,1,0
240,270,95,0,0,1
241,273,886,0,1,0
242,304,246,0,1,0
243,205,348,1,0,1
244,255,872,0,1,0
245,826,620,1,0,1
246,727,172,1,0,1
247,577,874,0,1,0
248,321,6,0,1,0
249,675,806,0,1,0
250,882,574,0,1,0
251,885,650,1,0,1
252,723,661,0,1,0
253,637,35,1,0,0
254,163,250,1,0,0
255,98,469,0,1,0
256,651,387,1,0,0
257,725,603,0,1,0
258,555,605,1,0,0
259,804,807,1,0,1
260,842,461,0,1,0
261,509,549,1,0,0
262,9,515,0,1,0
263,903,631,0,1,0
264,112,597,0,1,0
265,169,374,0,1,0
266,89,921,1,0,0
267,270,49,0,0,1
268,749,142,0,1,0
269,892,5,1,0,0
270,859,682,1,0,1
271,764,267,1,0,0
272,875,982,1,0,1
273,507,691,1,0,0
274,117,423,1,0,1
275,135,975,0,1,0
276,502,107,0,0,1
277,640,613,1,1,0
278,538,491,1,0,0
279,384,4,1,0,0
280,285,275,0,1,0
281,171,692,0,1,0
282,468,643,1,0,0
283,990,904,1,0,0
284,806,741,0,1,0
285,821,8,1,1,0
286,894,957,1,0,1
287,7,39,0,1,0
288,9,695,0,1,0
289,142,777,1,1,0
290,549,388,0,1,0
291,854,124,1,0,1
292,82,866,1,0,0
293,2,244,0,1,0
294,32,859,1,0,0
295,223,681,0,1,0
296,256,734,1,0,0
297,338,165,0,1,0
298,719,711,0,1,0
299,88,277,1,0,1
300,458,723,1,0,1
301,702,559,1,0,1
302,107,155,0,0,1
303,4,498,0,1,0
304,542,277,0,1,0
305,942,9,1,0,0
306,720,130,0,1,0
307,631,285,1,0,1
308,838,10,1,0,0
309,464,296,1,0,1
310,869,343,0,1,0
311,749,493,0,1,0
312,215,778,0,1,0
313,352,4,1,0,0
314,5,244,1,1,0
315,847,718,0,1,0
316,9,790,0,1,0
317,754,743,0,0,1
318,596,742,0,1,0
319,61,990,1,0,0
320,698,860,0,1,0
321,813,599,1,0,1
322,791,753,0,1,0
323,808,642,1,0,1
324,8,503,0,1,0
325,584,867,0,1,0
326,352,63,0,1,0
327,828,504,0,1,0
328,137,490,0,1,0
329,118,461,0,1,0
330,602,773,0,1,0
331,3,150,0,1,0
332,702,935,0,1,0
333,185,899,0,1,0
334,247,441,0,1,0
335,808,682,0,1,0
336,841,312,0,1,0
337,399,103,0,1,0
338,758,8,0,1,0
339,8,707,1,0,0
340,909,662,0,1,0
341,814,678,0,1,0
342,499,668,1,0,0
343,557,8,0,1,0
344,958,955,1,0,0
345,462,559,1,0,0
346,191,246,1,0,1
347,341,439,0,1,0
348,306,449,0,1,0
349,770,136,1,1,0
350,98,844,1,0,1
351,520,278,1,0,1
352,374,877,0,1,0
353,793,791,0,1,0
354,917,911,0,1,0
355,7,791,1,0,1
356,89,689,0,1,0
357,115,415,0,1,0
358,539,600,1,0,0
359,613,945,0,1,0
360,362,363,0,1,0
361,4,816,0,1,0
362,713,2,0,1,0
363,621,322,1,0,1
364,886,872,0,1,0
365,829,840,0,1,0
366,347,167,0,1,0
367,406,605,0,1,0
368,212,395,0,1,0
369,174,449,1,0,1
370,646,873,0,1,0
371,4,886,1,0,0
372,731,600,1,0,1
373,374,944,0,1,0
374,858,905,0,1,0
375,499,172,0,1,0
376,222,806,0,1,0
377,486,855,0,1,0
378,498,676,1,0,0
379,120,784,1,0,0
380,814,390,0,1,0
381,855,688,1,0,1
382,727,415,0,1,0
383,462,10,1,0,0
384,820,141,1,0,0
385,438,0,1,0,1
386,896,749,0,1,0
387,301,111,1,0,0
388,751,5,0,1,0
389,373,148,1,0,1
390,3,21,0,1,0
391,90,901,1,0,0
392,211,73,0,1,0
393,266,849,0,1,0
394,758,544,0,1,0
395,257,6,1,0,0
396,79,519,0,1,0
397,2,827,1,1,0
398,225,146,0,1,0
399,674,83,1,0,0
400,532,442,1,0,0
401,728,545,0,0,1
402,346,486,0,1,0
403,322,92,0,1,0
404,181,578,0,1,0
405,895,159,1,0,0
406,765,452,0,1,0
407,308,496,0,1,0
408,0,755,1,0,0
409,589,84,0,1,0
410,301,663,1,0,1
411,447,10,1,0,1
412,536,321,1,1,0
413,738,788,0,1,0
414,240,817,0,1,0
415,502,229,1,0,1
416,139,534,0,1,0
417,534,886,0,1,0
418,298,836,0,1,0
419,416,260,0,1,0
420,711,521,0,1,0
421,898,748,0,1,0
422,68,722,1,0,1
423,303,85,1,0,1
424,174,339,0,1,0
425,154,379,0,1,0
426,62,807,0,1,0
427,349,564,1,0,1
428,980,6,1,0,0
429,561,973,0,1,0
430,343,145,0,1,0
431,560,689,0,1,0
432,896,267,0,1,0
433,818,468,1,1,0
434,383,804,1,0,0
435,823,397,0,1,0
436,488,10,1,0,0
437,808,616,0,1,0
438,515,601,1,0,0
439,874,194,1,0,0
440,288,78,0,1,0
441,754,554,1,0,1
442,430,471,1,0,0
443,239,265,0,1,0
444,135,212,1,1,0
445,257,460,0,1,0
446,829,697,0,1,0
447,426,914,0,1,0
448,679,93,1,0,0
449,102,252,1,0,0
450,890,310,0,1,0
451,301,4,0,1,0
452,963,128,1,0,1
453,204,689,1,0,0
454,588,675,1,1,0
455,610,255,0,1,0
456,990,900,1,0,0
457,641,388,0,1,0
458,348,781,0,1,0
459,10,840,1,0,0
460,978,1,1,0,0
461,413,439,1,1,0
462,585,562,1,0,1
463,804,504,1,1,0
464,559,820,0,1,0
465,837,521,0,1,0
466,282,174,1,1,0
467,447,399,1,0,0
468,27,6,1,0,1
469,712,395,0,1,0
470,689,1,0,1,0
471,6,530,0,1,0
472,854,2,1,0,0
473,3,564,1,0,1
474,254,90,0,0,1
475,336,2,1,0,1
476,355,364,0,1,0
477,492,490,1,0,0
478,382,877,1,0,1
479,783,231,1,0,0
480,847,457,0,1,0
481,271,256,1,0,1
482,238,811,1,0,1
483,532,924,0,1,0
484,924,744,0,1,0
485,624,619,0,1,0
486,330,472,0,1,0
487,141,615,0,0,1
488,357,815,1,0,0
489,597,360,1,0,1
490,905,822,1,0,1
491,366,327,0,1,0
492,990,15,1,0,0
493,778,106,0,1,0
494,551,259,0,1,0
495,114,582,0,1,0
496,131,121,1,1,0
497,605,454,0,1,0
498,116,742,1,0,0
499,920,263,1,0,1
500,324,219,1,0,1
501,126,943,1,0,0
502,567,5,0,1,0
503,754,3,0,1,0
504,254,349,1,1,0
505,656,446,1,0,1
506,713,704,1,0,1
507,606,364,0,1,0
508,369,92,0,1,0
509,106,625,0,1,0
510,553,8,1,0,1
511,866,557,0,1,0
512,894,209,1,0,0
513,112,670,1,1,0
514,671,175,0,1,0
515,100,90,0,1,0
516,816,380,1,1,0
517,607,147,0,1,0
518,654,248,0,1,0
519,408,92,0,1,0
520,731,667,0,1,0
521,907,101,0,1,0
522,303,590,1,0,1
523,487,707,1,0,0
524,831,859,0,1,0
525,587,425,1,1,0
526,3,37,0,1,0
527,427,401,1,1,0
528,754,9,0,1,0
529,322,562,1,0,1
530,908,582,1,0,1
531,476,703,1,0,0
532,124,901,0,1,0
533,82,199,0,1,0
534,850,435,0,1,0
535,206,887,0,1,0
536,882,658,0,1,0
537,374,554,0,1,0
538,416,159,0,1,0
539,574,348,1,0,1
540,545,697,0,1,0
541,526,697,1,0,0
542,666,493,0,1,0
543,2,46,0,1,0
544,333,300,1,0,0
545,52,2,1,0,0
546,120,422,0,1,0
547,436,411,1,0,0
548,59,731,1,0,0
549,601,560,0,1,0
550,777,385,0,1,0
551,260,955,1,0,0
552,893,309,1,0,1
553,408,865,1,0,0
554,505,748,1,0,0
555,149,881,0,1,0
556,347,591,0,1,0
557,299,3,0,1,0
558,847,588,1,0,1
559,747,540,0,1,0
560,765,638,0,1,0
561,718,746,0,1,0
562,865,617,0,1,0
563,435,990,0,1,0
564,2,142,1,0,1
565,211,710,1,0,0
566,190,83,0,1,0
567,251,346,1,1,0
568,751,98,0,1,0
569,164,950,0,1,0
570,805,622,1,0,1
571,281,627,1,0,0
572,541,279,0,1,0
573,238,532,1,0,1
574,898,486,0,1,0
575,487,172,0,1,0
576,52,905,1,0,0
577,346,849,1,1,0
578,146,181,0,1,0
579,756,159,0,1,0
580,207,821,1,0,0
581,5,370,1,0,0
582,356,317,0,1,0
583,503,921,0,1,0
584,282,222,1,0,1
585,137,563,0,1,0
586,787,358,0,1,0
587,801,6,0,1,0
588,245,542,0,1,0
589,545,775,0,1,0
590,480,313,0,1,0
591,808,350,1,1,0
592,844,868,0,1,0
593,265,688,0,1,0
594,746,584,0,1,0
595,529,911,1,0,1
596,323,843,0,1,0
597,752,572,0,1,0
598,138,307,0,1,0
599,109,389,0,1,0
600,926,267,0,1,0
601,730,765,0,1,0
602,772,489,0,1,0
603,9,429,0,1,0
604,535,72,0,1,0
605,381,405,0,1,0
606,811,9,1,0,1
607,134,312,0,1,0
608,568,664,1,0,0
609,321,377,0,1,0
610,775,921,0,1,0
611,409,261,0,1,0
612,298,853,0,1,0
613,87,527,0,1,0
614,621,737,1,0,1
615,507,7,0,1,0
616,918,786,1,0,0
617,726,604,0,1,0
618,467,215,0,1,0
619,673,214,0,1,0
620,6,76,0,1,0
621,532,318,0,1,0
622,539,9,0,1,0
623,143,329,0,1,0
624,718,377,1,0,1
625,291,504,1,1,0
626,4,20,0,1,0
627,177,333,0,1,0
628,833,8,1,0,0
629,655,678,0,1,0
630,755,487,0,1,0
631,896,940,1,0,0
632,990,792,1,0,0
633,211,292,0,1,0
634,882,289,0,1,0
635,490,879,0,1,0
636,792,871,0,1,0
637,145,470,0,1,0
638,361,542,1,0,0
639,638,373,1,0,1
640,133,713,1,1,0
641,0,586,0,1,0
642,8,967,0,1,0
643,930,568,0,1,0
644,454,261,0,1,0
645,98,193,0,1,0
646,595,226,0,1,0
647,7,644,0,1,0
648,62,296,0,1,0
649,727,409,0,1,0
650,954,990,1,1,0
651,805,340,0,1,0
652,256,426,0,1,0
653,219,2,1,0,0
654,7,824,0,1,0
655,508,9,0,1,0
656,415,408,0,1,0
657,617,202,0,1,0
658,292,694,0,1,0
659,256,57,1,0,1
660,290,132,1,0,1
661,332,591,1,0,1
662,323,63,1,0,0
663,734,412,0,1,0
664,93,643,0,1,0
665,227,540,0,1,0
666,89,406,0,1,0
667,578,143,0,1,0
668,946,646,0,1,0
669,921,9,1,0,0
670,207,346,0,1,0
671,808,697,0,1,0
672,865,676,0,1,0
673,822,310,1,0,1
674,667,286,0,1,0
675,618,575,1,0,0
676,836,862,1,1,0
677,849,921,0,1,0
678,461,399,1,0,0
679,1,147,0,1,0
680,553,480,1,0,0
681,489,7,1,0,0
682,199,734,1,0,0
683,37,586,0,1,0
684,182,55,0,1,0
685,369,164,1,0,1
686,896,112,0,1,0
687,802,524,1,0,1
688,555,783,0,1,0
689,804,714,1,0,1
690,628,587,1,0,0
691,279,743,0,1,0
692,833,752,0,1,0
693,509,892,0,1,0
694,734,257,1,0,0
695,645,409,0,1,0
696,766,378,1,0,1
697,558,342,0,1,0
698,196,441,1,0,1
699,137,707,1,1,0
700,762,306,1,1,0
701,94,920,1,0,0
702,528,424,0,1,0
703,397,1,1,0,0
704,293,835,0,1,0
705,3,645,0,1,0
706,578,954,1,0,1
707,499,669,1,0,0
708,853,275,0,1,0
709,536,10,0,1,0
710,696,175,0,1,0
711,441,598,1,0,0
712,6,579,0,1,0
713,892,831,0,1,0
714,878,407,0,1,0
715,582,1,0,1,0
716,61,815,1,1,0
717,770,703,1,0,1
718,399,389,1,0,1
719,639,889,0,1,0
720,403,423,0,1,0
721,821,109,1,0,0
722,983,143,1,0,0
723,896,917,0,1,0
724,102,838,0,1,0
725,549,198,0,1,0
726,345,492,0,1,0
727,8,951,1,0,0
728,488,788,0,0,1
729,3,523,0,1,0
730,190,218,1,1,0
731,145,715,0,1,0
732,516,836,1,0,1
733,432,133,1,0,1
734,8,268,0,1,0
735,215,579,0,1,0
736,523,483,1,0,0
737,199,8,1,0,0
738,76,814,1,0,0
739,141,725,0,1,0
740,72,134,0,1,0
741,937,4,1,0,0
742,731,830,0,1,0
743,339,617,0,1,0
744,850,603,0,1,0
745,482,854,1,0,1
746,177,323,1,0,1
747,7,520,1,0,1
748,483,664,1,0,0
749,928,141,1,0,0
750,990,874,1,0,0
751,911,99,1,1,0
752,310,454,1,0,1
753,5,945,1,0,0
754,513,254,0,1,0
755,485,524,1,0,0
756,875,513,0,1,0
757,890,816,0,1,0
758,476,802,0,1,0
759,3,160,1,0,1
760,610,212,0,1,0
761,556,967,0,1,0
762,651,523,0,1,0
763,805,523,0,1,0
764,334,5,0,1,0
765,393,738,1,0,1
766,712,454,0,1,0
767,248,712,1,1,0
768,946,0,1,0,0
769,351,10,1,0,0
770,361,165,1,0,1
771,320,500,0,1,0
772,832,691,0,1,0
773,859,608,0,1,0
774,873,506,0,1,0
775,585,702,0,1,0
776,849,340,1,0,1
777,169,97,0,1,0
778,930,650,0,1,0
779,118,3,1,0,0
780,218,819,0,1,0
781,652,549,0,1,0
782,391,117,0,1,0
783,197,256,1,1,0
784,237,977,1,0,1
785,746,72,1,0,1
786,895,116,1,1,0
787,600,861,0,1,0
788,10,911,1,0,0
789,72,918,1,0,0
790,547,96,0,1,0
791,189,649,0,1,0
792,4,983,1,0,0
793,0,688,0,1,0
794,230,570,0,1,0
795,928,704,1,0,1
796,423,709,1,0,0
797,932,271,0,1,0
798,893,532,0,1,0
799,866,483,0,1,0
800,478,508,1,0,0
801,264,181,1,0,0
802,394,308,0,1,0
803,265,179,0,1,0
804,501,1,0,1,0
805,768,225,1,0,0
806,905,400,0,1,0
807,400,121,1,0,1
808,804,626,0,1,0
809,1,242,0,1,0
810,839,683,0,1,0
811,673,416,0,1,0
812,869,626,0,1,0
813,190,618,1,1,0
814,823,10,0,1,0
815,519,370,0,1,0
816,529,162,0,1,0
817,382,831,1,0,0
818,699,561,1,0,1
819,803,918,0,1,0
820,138,703,0,1,0
821,534,111,0,1,0
822,282,668,0,1,0
823,990,839,0,1,0
824,44,715,1,0,0
825,543,791,0,1,0
826,399,9,1,0,0
827,621,898,0,1,0
828,618,969,0,1,0
829,726,478,0,1,0
830,581,674,1,1,0
831,582,615,1,0,0
832,228,436,0,1,0
833,161,2,0,1,0
834,10,194,1,0,0
835,767,513,0,1,0
836,434,292,1,0,1
837,910,769,1,0,0
838,50,401,1,0,1
839,958,972,1,0,0
840,221,548,0,1,0
841,399,705,1,0,0
842,281,977,0,1,0
843,578,591,1,0,0
844,140,359,1,0,1
845,696,175,0,1,0
846,442,256,0,1,0
847,188,653,1,1,0
848,871,836,0,1,0
849,969,830,0,1,0
850,593,8,0,1,0
851,400,605,1,1,0
852,288,834,1,0,1
853,166,714,0,1,0
854,474,180,0,1,0
855,224,417,0,1,0
856,409,880,0,1,0
857,317,773,1,0,0
858,387,441,1,1,0
859,943,129,0,1,0
860,402,879,0,1,0
861,796,927,0,1,0
862,7,280,0,1,0
863,779,52,1,0,0
864,183,329,0,1,0
865,288,536,1,0,1
866,84,213,1,0,0
867,84,224,0,1,0
868,703,697,0,1,0
869,653,411,0,1,0
870,678,833,1,0,1
871,340,722,0,1,0
872,68,236,1,0,0
873,911,505,0,1,0
874,686,386,0,1,0
875,905,933,0,1,0
876,931,725,0,1,0
877,217,286,0,1,0
878,952,551,0,1,0
879,575,741,1,1,0
880,382,933,0,1,0
881,487,511,1,0,0
882,9,31,1,0,1
883,844,318,0,1,0
884,8,672,0,1,0
885,556,886,0,1,0
886,494,157,0,1,0
887,361,731,0,1,0
888,558,217,0,1,0
889,164,57,1,0,1
890,593,685,0,1,0
891,483,297,0,1,0
892,952,687,1,0,1
893,26,842,1,0,0
894,523,977,1,1,0
895,93,5,1,0,0
896,839,298,0,1,0
897,772,220,1,0,0
898,311,226,0,1,0
899,107,958,1,0,0
900,501,344,1,1,0
901,587,3,0,1,0
902,273,737,1,0,1
903,631,674,0,1,0
904,946,699,0,1,0
905,638,493,0,1,0
906,5,112,1,0,0
907,249,766,1,0,1
908,185,602,0,1,0
909,81,937,1,0,0
910,990,389,1,0,1
911,215,269,0,1,0
912,570,687,0,1,0
913,608,717,0,1,0
914,554,217,0,1,0
915,606,369,0,1,0
916,817,988,0,1,0
917,382,877,1,0,1
918,3,403,1,0,0
919,509,362,1,1,0
920,585,617,1,0,0
921,325,820,1,0,1
922,618,806,0,1,0
923,664,443,1,0,1
924,582,154,1,0,0
925,420,851,0,1,0
926,971,662,0,1,0
927,217,10,1,0,0
928,689,532,0,1,0
929,865,483,1,0,1
930,418,10,1,0,0
931,928,659,0,1,0
932,174,82,0,1,0
933,501,550,1,0,0
934,934,967,0,1,0
935,152,68,1,0,1
936,778,1,0,1,0
937,670,319,1,0,0
938,448,457,1,0,0
939,405,530,1,0,0
940,384,893,0,1,0
941,91,305,0,1,0
942,729,226,1,0,1
943,700,170,0,1,0
944,904,24,1,0,0
945,181,397,1,0,1
946,502,870,0,1,0
947,645,836,0,1,0
948,8,908,1,0,0
949,938,484,0,1,0
950,376,595,1,0,1
951,230,585,0,1,0
952,428,6,0,1,0
953,485,665,1,0,0
954,613,531,0,1,0
955,180,9,0,1,0
956,340,207,0,1,0
957,414,219,1,0,0
958,419,258,0,1,0
959,764,655,0,1,0
960,620,955,0,1,0
961,230,663,0,1,0
962,731,990,1,0,1
963,280,356,0,1,0
964,61,2,1,0,0
965,328,141,0,1,0
966,513,252,1,0,1
967,7,793,0,1,0
968,263,287,0,0,1
969,80,31,0,1,0
970,9,673,0,1,0
971,475,595,1,0,0
972,502,170,0,1,0
973,748,792,0,1,0
974,6,719,1,0,0
975,367,431,0,1,0
976,812,682,1,0,1
977,297,654,0,1,0
978,527,158,0,1,0
979,271,796,0,1,0
980,727,380,0,1,0
981,623,891,0,1,0
982,465,221,0,1,0
983,463,492,1,0,0
984,230,446,0,1,0
985,436,305,0,1,0
986,577,981,0,1,0
987,721,5,1,0,1
988,508,295,0,1,0
989,112,684,0,1,0
990,57,581,1,0,1
991,672,130,0,1,0
992,223,66,0,1,0
993,1,24,0,1,0
994,190,179,0,1,0
995,713,879,0,1,0
996,626,628,1,1,0
997,110,108,1,0,1
998,733,617,0,1,0
999,712,546,0,1,0
