Index,x,y,alive,infected,immune
0,781,322,0,1,0
1,7,697,1,0,1
2,958,160,0,0,1
3,557,906,1,0,1
4,990,815,0,1,0
5,371,145,0,1,0
6,502,86,0,1,0
7,3,559,0,1,0
8,354,790,1,0,1
9,847,609,0,1,0
10,429,124,0,1,0
11,603,114,0,1,0
12,515,2,0,1,0
13,40,357,0,1,0
14,848,243,0,1,0
15,81,807,0,1,0
16,480,360,1,0,1
17,786,694,0,1,0
18,959,131,0,1,0
19,675,803,0,1,0
20,954,554,0,1,0
21,308,295,0,1,0
22,390,813,0,1,0
23,249,151,1,0,1
24,186,428,0,1,0
25,8,153,0,1,0
26,795,8,0,1,0
27,651,383,0,1,0
28,83,115,0,1,0
29,509,902,0,1,0
30,706,633,0,1,0
31,561,5,0,1,0
32,728,858,1,0,1
33,8,275,1,0,1
34,247,856,0,1,0
35,281,8,0,1,0
36,629,1,1,0,1
37,928,665,0,1,0
38,1,585,0,1,0
39,351,776,0,1,0
40,217,2,0,1,0
41,614,553,1,0,1
42,538,207,1,0,1
43,130,416,0,1,0
44,488,268,0,1,0
45,206,117,0,1,0
46,536,945,1,0,1
47,788,521,0,1,0
48,717,300,0,1,0
49,501,163,0,1,0
50,512,924,0,1,0
51,853,690,0,1,0
52,124,372,0,1,0
53,198,348,0,1,0
54,246,748,0,1,0
55,560,278,0,0,1
56,679,161,0,1,0
57,511,322,0,1,0
58,184,327,0,1,0
59,990,407,0,1,0
60,169,662,0,1,0
61,594,9,0,1,0
62,448,918,0,1,0
63,154,414,0,1,0
64,2,962,0,1,0
65,5,349,1,0,1
66,26,832,0,1,0
67,795,806,0,1,0
68,619,803,0,1,0
69,688,912,0,1,0
70,599,850,0,1,0
71,747,10,0,1,0
72,524,758,0,1,0
73,558,769,0,1,0
74,335,8,0,1,0
75,990,163,1,0,1
76,79,316,0,1,0
77,421,274,1,0,1
78,331,745,1,0,1
79,948,42,0,1,0
80,117,544,0,1,0
81,736,832,0,1,0
82,119,106,0,1,0
83,259,927,0,1,0
84,341,553,0,1,0
85,206,283,0,1,0
86,366,647,1,0,1
87,892,563,0,1,0
88,632,87,0,1,0
89,613,9,0,1,0
90,267,142,0,1,0
91,170,497,0,1,0
92,279,541,0,1,0
93,485,939,0,1,0
94,608,344,0,1,0
95,243,883,0,1,0
96,745,864,0,1,0
97,511,542,0,1,0
98,139,68,0,1,0
99,722,184,0,1,0
100,256,246,0,1,0
101,774,452,1,0,1
102,657,933,1,0,1
103,7,33,0,0,1
104,632,437,1,0,1
105,576,578,1,0,1
106,883,249,0,1,0
107,631,229,0,1,0
108,864,332,0,1,0
109,812,563,0,0,1
110,371,853,1,0,1
111,2,776,0,1,0
112,797,397,0,1,0
113,861,285,0,1,0
114,586,248,0,1,0
115,889,547,0,1,0
116,46,901,1,0,0
117,715,833,0,1,0
118,413,9,1,0,0
119,207,712,0,1,0
120,736,484,1,0,1
121,870,523,0,1,0
122,0,481,1,0,0
123,625,37,1,0,0
124,263,431,0,1,0
125,853,575,1,0,1
126,808,5,0,1,0
127,685,759,0,1,0
128,240,755,1,0,1
129,531,2,0,1,0
130,469,895,0,1,0
131,0,180,1,1,0
132,893,263,0,1,0
133,9,274,0,1,0
134,629,576,0,1,0
135,338,437,0,1,0
136,199,164,0,1,0
137,554,564,0,1,0
138,641,733,1,0,1
139,655,162,1,0,1
140,7,421,0,1,0
141,620,643,1,0,1
142,504,378,0,1,0
143,818,196,0,1,0
144,394,624,0,1,0
145,156,98,0,1,0
146,473,588,1,0,0
147,487,690,0,1,0
148,734,365,0,1,0
149,270,195,0,1,0
150,136,226,1,0,1
151,698,331,0,1,0
152,421,455,1,0,1
153,344,376,0,1,0
154,1,901,1,0,0
155,60,143,0,1,0
156,574,594,0,1,0
157,210,272,0,1,0
158,445,739,0,1,0
159,878,616,0,1,0
160,779,734,0,1,0
161,127,575,0,1,0
162,790,779,0,1,0
163,685,194,0,1,0
164,61,557,0,1,0
165,536,905,0,1,0
166,834,263,0,1,0
167,277,167,0,1,0
168,238,1,0,1,0
169,883,0,1,0,0
170,579,664,1,0,1
171,974,505,0,1,0
172,151,394,0,1,0
173,5,926,1,0,0
174,192,873,0,1,0
175,63,70,1,0,0
176,578,426,0,1,0
177,384,394,0,1,0
178,406,637,0,1,0
179,709,9,0,1,0
180,483,155,0,1,0
181,990,639,0,1,0
182,487,881,0,1,0
183,701,278,1,0,0
184,332,341,1,0,1
185,525,61,1,1,0
186,854,260,1,0,1
187,778,480,0,1,0
188,394,990,0,1,0
189,855,69,1,0,0
190,888,523,0,1,0
191,950,8,0,1,0
192,910,250,0,1,0
193,491,250,0,1,0
194,3,537,0,1,0
195,564,263,0,1,0
196,8,676,1,0,1
197,966,990,0,1,0
198,713,933,0,1,0
199,797,572,0,1,0
200,527,635,1,1,0
201,187,883,0,1,0
202,226,813,0,1,0
203,947,1,0,1,0
204,1,719,0,1,0
205,752,863,0,1,0
206,202,273,1,0,1
207,749,396,0,1,0
208,264,616,0,1,0
209,770,50,1,0,1
210,233,990,1,0,0
211,727,782,0,1,0
212,13,610,0,1,0
213,615,871,0,1,0
214,990,506,0,1,0
215,513,650,0,1,0
216,371,86,0,1,0
217,508,296,0,1,0
218,679,377,0,1,0
219,309,10,1,0,1
220,9,785,0,0,1
221,748,188,0,1,0
222,8,550,0,1,0
223,453,73,0,1,0
224,273,473,0,1,0
225,654,698,0,1,0
226,303,549,1,0,1
227,513,669,1,1,0
228,941,732,0,1,0
229,468,311,1,0,1
230,319,164,0,1,0
231,4,120,1,0,1
232,801,124,0,1,0
233,224,732,0,1,0
234,460,642,0,1,0
235,690,499,0,1,0
236,425,832,0,1,0
237,308,6,0,1,0
238,492,361,1,0,1
239,261,942,0,1,0
240,168,139,0,0,1
241,255,933,0,1,0
242,277,234,0,1,0
243,195,309,1,0,1
244,219,802,0,1,0
245,838,617,1,0,1
246,761,193,1,0,1
247,574,813,0,1,0
248,321,3,0,1,0
249,658,817,0,1,0
250,885,621,0,1,0
251,912,705,1,0,1
252,680,592,0,1,0
253,658,102,1,0,0
254,111,233,1,0,0
255,101,438,0,1,0
256,623,421,0,0,1
257,776,607,0,1,0
258,607,569,0,1,0
259,815,821,1,0,1
260,774,419,0,1,0
261,571,494,0,1,0
262,7,515,0,1,0
263,879,676,0,1,0
264,49,625,0,1,0
265,217,371,0,1,0
266,37,885,1,0,0
267,287,51,0,0,1
268,758,95,0,1,0
269,892,1,1,0,0
270,765,730,1,0,1
271,750,331,1,1,0
272,816,974,1,0,1
273,465,680,0,1,0
274,100,344,1,0,1
275,112,4,0,1,0
276,506,168,0,0,1
277,701,691,1,0,1
278,504,548,0,1,0
279,384,6,1,0,0
280,238,204,0,1,0
281,201,722,0,1,0
282,478,673,1,0,1
283,990,904,1,0,0
284,843,784,0,1,0
285,821,3,0,1,0
286,828,926,1,0,1
287,0,39,0,1,0
288,6,695,0,1,0
289,155,671,0,1,0
290,545,415,0,1,0
291,853,114,1,0,1
292,42,858,1,0,0
293,3,244,0,1,0
294,0,907,1,0,1
295,211,621,0,1,0
296,257,690,0,1,0
297,344,88,0,1,0
298,666,773,0,1,0
299,53,279,1,0,1
300,484,712,1,0,1
301,688,568,1,0,1
302,196,140,0,0,1
303,4,498,0,1,0
304,551,225,0,1,0
305,942,5,0,1,0
306,769,68,0,1,0
307,567,239,1,0,1
308,838,10,1,0,0
309,434,215,1,0,1
310,872,311,0,1,0
311,790,555,0,1,0
312,217,803,0,1,0
313,352,5,0,1,0
314,2,244,0,1,0
315,881,748,0,1,0
316,1,790,0,1,0
317,818,760,0,0,1
318,523,769,0,1,0
319,61,990,1,0,0
320,741,862,0,1,0
321,751,584,1,0,1
322,776,822,0,1,0
323,848,635,1,0,1
324,1,503,0,1,0
325,584,856,0,1,0
326,273,54,0,1,0
327,812,478,0,1,0
328,148,460,0,1,0
329,80,384,0,1,0
330,613,785,0,1,0
331,8,150,0,1,0
332,688,979,0,1,0
333,215,862,0,1,0
334,180,386,0,1,0
335,733,729,0,1,0
336,883,315,0,1,0
337,453,129,0,1,0
338,758,4,0,1,0
339,8,707,1,1,0
340,869,705,0,1,0
341,860,613,0,1,0
342,561,678,0,1,0
343,557,7,0,1,0
344,968,935,1,0,0
345,511,561,1,0,0
346,177,213,1,0,1
347,284,495,0,1,0
348,271,473,0,1,0
349,738,100,0,1,0
350,127,833,1,0,1
351,510,248,1,0,1
352,359,977,0,1,0
353,853,770,0,1,0
354,830,904,0,1,0
355,5,791,1,0,1
356,115,657,0,1,0
357,96,416,0,1,0
358,574,568,0,1,0
359,643,928,0,1,0
360,407,320,0,1,0
361,8,816,0,1,0
362,713,4,0,1,0
363,612,371,1,0,1
364,886,836,0,1,0
365,826,854,0,1,0
366,315,174,0,1,0
367,434,580,0,1,0
368,264,400,0,1,0
369,157,477,1,0,1
370,639,863,0,1,0
371,9,886,1,1,0
372,766,629,1,0,1
373,367,9,0,1,0
374,885,937,0,1,0
375,497,168,0,1,0
376,182,836,0,1,0
377,504,912,0,1,0
378,517,634,1,1,0
379,115,890,0,1,0
380,816,452,0,1,0
381,850,644,1,0,1
382,692,476,0,1,0
383,462,10,1,0,0
384,860,182,1,0,0
385,438,5,1,0,1
386,911,766,0,1,0
387,273,145,0,1,0
388,751,6,0,1,0
389,400,125,1,0,1
390,8,21,0,1,0
391,17,894,1,1,0
392,176,58,0,1,0
393,225,818,0,1,0
394,753,545,0,1,0
395,257,1,1,0,0
396,65,504,0,1,0
397,9,827,0,1,0
398,248,236,0,1,0
399,739,97,1,1,0
400,551,428,1,0,0
401,729,467,0,0,1
402,357,546,0,1,0
403,362,76,0,1,0
404,127,579,0,1,0
405,907,112,0,0,1
406,695,449,0,1,0
407,289,474,0,1,0
408,0,755,1,0,0
409,602,79,0,1,0
410,293,647,1,0,1
411,447,10,1,0,1
412,536,273,0,1,0
413,796,777,0,1,0
414,217,872,0,1,0
415,482,179,1,0,1
416,186,486,0,1,0
417,605,912,0,1,0
418,287,897,0,1,0
419,413,291,0,1,0
420,741,497,0,1,0
421,871,765,0,1,0
422,8,686,1,0,1
423,282,50,1,0,1
424,187,370,0,1,0
425,130,378,0,1,0
426,78,794,0,1,0
427,283,563,1,0,1
428,980,9,1,0,0
429,585,990,0,1,0
430,376,170,0,1,0
431,618,663,0,1,0
432,881,259,0,1,0
433,788,446,1,0,1
434,435,830,0,1,0
435,844,420,0,1,0
436,488,10,1,0,0
437,780,637,0,1,0
438,540,666,0,1,0
439,867,150,0,1,0
440,281,4,0,1,0
441,715,576,1,0,1
442,438,426,1,0,0
443,270,288,0,1,0
444,158,201,0,0,1
445,287,477,0,1,0
446,769,610,0,1,0
447,393,925,0,1,0
448,658,84,1,0,0
449,66,293,1,0,0
450,887,290,0,1,0
451,301,8,0,1,0
452,952,159,1,0,1
453,269,696,1,0,1
454,629,639,0,1,0
455,595,172,0,1,0
456,990,900,1,0,0
457,648,356,0,1,0
458,324,779,0,1,0
459,10,840,1,1,0
460,978,4,1,0,0
461,472,392,1,0,1
462,646,592,1,0,1
463,842,589,1,0,1
464,597,865,0,1,0
465,868,513,0,1,0
466,209,224,1,0,1
467,479,419,1,0,0
468,27,7,1,0,1
469,724,383,0,1,0
470,689,3,0,1,0
471,2,530,0,1,0
472,854,3,1,0,0
473,3,564,1,0,1
474,295,88,0,0,1
475,336,7,1,0,1
476,327,394,0,1,0
477,531,539,0,1,0
478,423,832,1,0,1
479,732,257,1,0,0
480,861,438,0,1,0
481,232,235,1,0,1
482,236,834,1,0,1
483,515,9,0,1,0
484,881,724,0,1,0
485,595,584,0,1,0
486,336,509,0,1,0
487,111,529,0,0,1
488,373,812,0,1,0
489,620,417,1,0,1
490,870,788,1,0,1
491,425,308,0,1,0
492,990,15,1,0,0
493,746,107,0,1,0
494,599,171,0,1,0
495,62,571,0,1,0
496,142,164,0,1,0
497,650,515,0,1,0
498,183,818,1,0,1
499,937,206,1,0,1
500,333,243,1,0,1
501,124,972,1,0,0
502,567,6,0,1,0
503,754,7,0,1,0
504,225,308,0,1,0
505,617,465,1,0,1
506,695,669,1,0,1
507,607,403,0,1,0
508,323,139,0,1,0
509,163,644,0,1,0
510,553,2,1,0,1
511,990,529,0,1,0
512,895,173,1,1,0
513,0,676,1,0,1
514,691,182,0,1,0
515,134,122,0,1,0
516,881,401,0,1,0
517,604,194,0,1,0
518,696,228,0,1,0
519,364,96,0,1,0
520,718,673,0,1,0
521,950,96,0,1,0
522,249,516,1,0,1
523,426,726,0,1,0
524,802,846,0,1,0
525,589,407,1,0,1
526,4,37,0,1,0
527,473,413,1,0,1
528,754,1,0,1,0
529,305,551,1,0,1
530,923,491,1,0,1
531,443,726,0,1,0
532,139,923,0,1,0
533,43,217,0,1,0
534,854,378,0,1,0
535,292,827,0,1,0
536,824,685,0,1,0
537,399,592,0,1,0
538,428,118,0,1,0
539,611,419,1,0,1
540,468,639,0,1,0
541,457,686,0,1,0
542,686,507,0,1,0
543,6,46,0,1,0
544,311,288,1,0,0
545,52,5,0,1,0
546,116,378,0,1,0
547,444,392,0,1,0
548,44,821,0,0,1
549,606,592,0,1,0
550,797,368,0,1,0
551,226,906,0,1,0
552,971,280,1,0,1
553,377,812,1,0,1
554,493,769,0,1,0
555,206,875,0,1,0
556,326,608,0,1,0
557,299,2,0,1,0
558,831,542,1,0,1
559,727,527,0,1,0
560,785,667,0,1,0
561,683,757,0,1,0
562,834,614,0,1,0
563,435,990,0,1,0
564,3,142,1,0,1
565,180,704,0,1,0
566,173,102,0,1,0
567,286,335,0,1,0
568,749,163,0,1,0
569,210,0,0,1,0
570,732,664,1,0,1
571,251,640,0,1,0
572,641,363,0,1,0
573,172,514,1,0,1
574,868,545,0,1,0
575,535,193,0,1,0
576,16,854,1,0,0
577,357,834,1,0,1
578,165,175,0,1,0
579,755,120,0,1,0
580,208,762,0,1,0
581,1,370,1,0,0
582,330,328,0,1,0
583,485,985,0,1,0
584,302,206,1,0,1
585,177,507,0,1,0
586,812,289,0,1,0
587,801,4,0,1,0
588,261,560,0,1,0
589,553,768,0,1,0
590,397,375,0,1,0
591,796,394,1,0,1
592,785,838,0,1,0
593,236,684,0,1,0
594,805,581,0,1,0
595,597,901,1,0,1
596,324,817,0,1,0
597,787,611,0,1,0
598,170,303,0,1,0
599,93,328,0,1,0
600,931,273,0,1,0
601,755,777,0,1,0
602,690,443,0,1,0
603,1,429,0,1,0
604,529,64,0,1,0
605,395,396,0,1,0
606,811,1,1,0,1
607,171,267,0,1,0
608,485,627,1,1,0
609,378,458,0,1,0
610,752,929,0,1,0
611,404,238,0,1,0
612,332,844,0,1,0
613,22,528,0,1,0
614,609,779,1,0,1
615,507,8,0,1,0
616,921,822,1,0,0
617,704,613,0,1,0
618,431,290,0,1,0
619,714,221,0,1,0
620,2,76,0,1,0
621,515,301,0,1,0
622,539,6,0,1,0
623,130,383,0,1,0
624,652,386,1,0,1
625,237,471,0,1,0
626,5,20,0,1,0
627,99,325,0,1,0
628,833,0,1,0,0
629,632,634,0,1,0
630,745,485,0,1,0
631,908,858,0,1,0
632,990,792,1,0,0
633,142,227,0,1,0
634,873,270,0,1,0
635,560,861,0,1,0
636,745,784,0,1,0
637,192,489,0,1,0
638,367,531,1,1,0
639,677,335,1,0,1
640,157,739,0,1,0
641,4,586,0,1,0
642,2,967,0,1,0
643,913,619,0,1,0
644,510,278,0,1,0
645,89,190,0,1,0
646,638,187,0,1,0
647,6,644,0,1,0
648,85,259,0,1,0
649,760,373,0,1,0
650,954,990,0,1,0
651,774,318,0,1,0
652,280,464,0,1,0
653,219,3,0,1,0
654,3,824,0,1,0
655,508,4,0,1,0
656,379,421,0,1,0
657,690,220,0,1,0
658,333,738,0,1,0
659,258,56,1,0,1
660,271,94,1,0,1
661,334,626,1,0,1
662,340,167,1,0,1
663,695,406,0,1,0
664,129,580,0,1,0
665,244,567,0,1,0
666,166,443,0,1,0
667,572,103,0,1,0
668,946,610,0,1,0
669,921,9,1,1,0
670,202,335,0,1,0
671,771,684,0,1,0
672,919,688,0,1,0
673,754,260,1,0,1
674,727,321,0,1,0
675,665,548,0,1,0
676,838,892,0,1,0
677,885,881,0,1,0
678,544,359,1,1,0
679,8,147,0,1,0
680,559,446,0,1,0
681,489,6,1,0,0
682,153,736,0,1,0
683,0,604,0,1,0
684,205,62,0,1,0
685,364,253,1,0,1
686,835,127,0,1,0
687,803,510,1,0,1
688,575,795,0,1,0
689,806,745,1,0,1
690,620,579,0,1,0
691,236,729,0,1,0
692,801,761,0,1,0
693,398,849,0,1,0
694,651,316,1,0,0
695,724,430,0,1,0
696,826,454,1,0,1
697,559,353,0,1,0
698,174,463,1,0,1
699,113,706,0,1,0
700,744,246,1,0,1
701,115,938,1,0,0
702,547,410,0,1,0
703,397,9,1,0,0
704,276,893,0,1,0
705,8,645,0,1,0
706,550,6,1,0,1
707,495,713,0,1,0
708,863,319,0,1,0
709,536,10,0,1,0
710,658,153,0,1,0
711,358,570,0,1,0
712,7,579,0,1,0
713,880,796,0,1,0
714,883,428,0,1,0
715,582,9,0,1,0
716,107,873,0,1,0
717,801,743,1,0,1
718,429,392,1,0,1
719,646,897,0,1,0
720,436,390,0,1,0
721,885,74,0,1,0
722,975,135,0,1,0
723,917,869,0,1,0
724,102,862,0,1,0
725,600,191,0,1,0
726,287,505,0,1,0
727,8,951,1,0,0
728,513,900,0,0,1
729,7,523,0,1,0
730,191,253,0,1,0
731,98,725,0,1,0
732,505,760,1,0,1
733,426,108,1,0,1
734,5,268,0,1,0
735,167,542,0,1,0
736,606,466,0,1,0
737,199,8,1,0,0
738,85,872,0,1,0
739,135,706,0,1,0
740,98,104,0,1,0
741,937,1,0,1,0
742,690,778,0,1,0
743,316,610,0,1,0
744,823,635,0,1,0
745,415,856,1,0,1
746,141,259,1,0,1
747,8,520,1,0,1
748,524,664,0,1,0
749,951,98,0,1,0
750,990,874,1,0,0
751,912,81,0,1,0
752,314,508,1,0,1
753,1,945,1,0,0
754,498,212,0,1,0
755,538,603,0,1,0
756,833,515,0,1,0
757,821,830,0,1,0
758,544,764,0,1,0
759,3,160,1,0,1
760,541,194,0,1,0
761,579,3,0,1,0
762,585,548,0,1,0
763,792,462,0,1,0
764,334,9,0,1,0
765,365,712,1,0,1
766,748,470,0,1,0
767,202,744,1,0,1
768,946,5,0,1,0
769,351,10,1,1,0
770,419,189,1,0,1
771,281,439,0,1,0
772,845,665,0,1,0
773,890,659,0,1,0
774,864,560,0,1,0
775,577,671,0,1,0
776,783,385,1,0,1
777,90,101,0,1,0
778,888,651,0,1,0
779,118,0,0,1,0
780,273,831,0,1,0
781,685,583,0,1,0
782,354,154,0,1,0
783,143,280,1,0,1
784,228,9,1,0,1
785,737,164,1,0,1
786,823,162,1,0,1
787,672,843,0,1,0
788,10,911,1,0,0
789,79,887,1,0,0
790,509,86,0,1,0
791,187,658,0,1,0
792,1,983,1,0,0
793,6,688,0,1,0
794,235,578,0,1,0
795,913,748,1,0,1
796,399,733,0,1,0
797,983,180,0,1,0
798,952,499,0,1,0
799,909,435,0,1,0
800,467,490,1,0,0
801,243,149,0,1,0
802,365,255,0,1,0
803,264,100,0,1,0
804,501,2,0,1,0
805,799,266,1,0,0
806,879,371,0,1,0
807,439,113,1,0,1
808,826,560,0,1,0
809,9,242,0,1,0
810,852,591,0,1,0
811,683,459,0,1,0
812,884,652,0,1,0
813,117,601,1,0,1
814,823,10,0,1,0
815,551,343,0,1,0
816,559,118,0,1,0
817,371,892,0,1,0
818,769,484,1,0,1
819,810,902,0,1,0
820,185,709,0,1,0
821,510,55,0,1,0
822,286,673,0,1,0
823,990,839,0,1,0
824,3,640,0,1,0
825,536,763,0,1,0
826,399,6,1,0,0
827,651,891,0,1,0
828,595,900,0,1,0
829,750,470,0,1,0
830,618,642,0,1,0
831,592,578,0,1,0
832,181,441,0,1,0
833,161,2,0,1,0
834,10,194,0,1,0
835,810,593,0,1,0
836,402,286,1,0,1
837,898,782,0,1,0
838,8,381,1,0,1
839,963,3,0,1,0
840,222,529,0,1,0
841,402,676,0,1,0
842,286,2,0,1,0
843,619,584,1,1,0
844,138,374,1,0,1
845,661,156,0,1,0
846,409,261,0,1,0
847,234,620,0,1,0
848,841,859,0,1,0
849,990,856,0,1,0
850,593,3,0,1,0
851,407,574,0,1,0
852,321,793,1,0,1
853,165,647,0,1,0
854,412,204,0,1,0
855,244,397,0,1,0
856,443,876,0,1,0
857,263,752,0,1,0
858,413,420,0,0,1
859,880,160,0,1,0
860,391,831,0,1,0
861,757,970,0,1,0
862,8,280,0,1,0
863,793,4,0,1,0
864,243,428,0,1,0
865,199,556,1,0,1
866,74,252,0,1,0
867,2,186,0,1,0
868,685,719,0,1,0
869,669,443,0,1,0
870,719,807,1,0,1
871,337,689,0,1,0
872,8,208,0,1,0
873,849,535,0,1,0
874,629,422,0,1,0
875,912,1,0,1,0
876,933,655,0,1,0
877,248,296,0,1,0
878,900,502,0,1,0
879,646,729,1,0,1
880,351,968,0,1,0
881,464,527,1,0,0
882,0,31,1,0,1
883,855,271,0,1,0
884,6,672,0,1,0
885,513,809,0,1,0
886,505,125,0,1,0
887,333,689,0,1,0
888,648,233,0,1,0
889,174,10,1,0,1
890,603,686,0,1,0
891,469,296,0,1,0
892,0,666,1,0,1
893,3,851,1,0,0
894,516,990,0,1,0
895,93,5,1,0,0
896,900,258,0,1,0
897,781,108,0,1,0
898,310,204,0,1,0
899,93,0,1,0,0
900,458,423,1,0,1
901,587,5,0,1,0
902,268,775,1,0,1
903,619,694,0,1,0
904,0,710,0,1,0
905,644,519,0,1,0
906,8,112,1,0,0
907,264,793,1,0,1
908,247,583,0,1,0
909,72,990,1,0,0
910,990,389,1,0,1
911,250,260,0,1,0
912,565,675,0,1,0
913,607,718,0,1,0
914,576,226,0,1,0
915,605,310,0,1,0
916,759,4,0,1,0
917,388,880,1,0,1
918,3,403,1,0,0
919,597,448,0,1,0
920,604,709,0,1,0
921,319,842,1,0,1
922,628,739,0,1,0
923,698,504,1,0,1
924,532,167,0,1,0
925,407,851,0,1,0
926,8,660,0,1,0
927,217,10,0,1,0
928,733,569,0,1,0
929,815,524,1,0,1
930,418,10,1,0,0
931,957,600,0,1,0
932,206,40,0,1,0
933,563,516,1,0,1
934,5,890,0,1,0
935,197,140,1,0,1
936,778,0,0,1,0
937,627,255,0,1,0
938,413,480,1,0,0
939,366,542,0,1,0
940,352,5,0,1,0
941,152,316,0,1,0
942,769,169,1,0,1
943,737,205,0,1,0
944,925,51,0,1,0
945,238,413,1,0,1
946,536,883,0,1,0
947,671,842,0,1,0
948,0,908,1,0,0
949,6,458,0,1,0
950,395,574,1,0,1
951,211,657,0,1,0
952,428,1,0,1,0
953,503,681,1,0,1
954,595,522,0,1,0
955,180,1,0,1,0
956,358,170,0,1,0
957,352,237,1,0,1
958,430,215,0,1,0
959,806,665,0,1,0
960,615,918,0,1,0
961,164,610,0,1,0
962,731,990,1,0,1
963,264,325,0,1,0
964,61,3,1,0,1
965,335,114,0,1,0
966,546,305,1,0,1
967,6,793,0,1,0
968,267,317,0,0,1
969,63,10,0,1,0
970,5,673,0,1,0
971,481,631,1,0,0
972,564,134,0,1,0
973,821,762,0,1,0
974,8,719,0,1,0
975,349,389,0,1,0
976,871,737,1,0,1
977,294,618,0,1,0
978,402,146,0,1,0
979,259,804,0,1,0
980,699,370,0,1,0
981,630,903,0,1,0
982,455,280,0,1,0
983,435,485,1,0,0
984,190,443,0,1,0
985,419,342,0,1,0
986,590,1,0,1,0
987,721,4,1,0,1
988,531,266,0,1,0
989,111,678,0,1,0
990,132,574,1,0,1
991,734,109,0,1,0
992,294,40,0,1,0
993,0,24,0,1,0
994,148,150,0,1,0
995,711,903,0,1,0
996,722,631,0,1,0
997,0,81,1,0,1
998,697,612,0,1,0
999,669,556,0,1,0
