Index,x,y,alive,infected,immune
0,789,310,0,1,0
1,34,689,1,0,1
2,954,203,0,0,1
3,537,877,1,0,1
4,932,763,0,1,0
5,422,101,0,1,0
6,487,90,0,1,0
7,1,559,0,1,0
8,318,791,1,0,1
9,861,595,0,1,0
10,457,162,0,1,0
11,628,147,0,1,0
12,515,997,0,1,0
13,70,317,0,1,0
14,891,266,0,1,0
15,83,727,0,1,0
16,511,320,1,0,1
17,752,704,0,1,0
18,958,160,0,1,0
19,628,823,0,1,0
20,934,571,0,1,0
21,304,349,0,1,0
22,404,826,0,1,0
23,247,104,1,0,1
24,212,399,0,1,0
25,1,153,0,1,0
26,795,1,0,1,0
27,702,420,0,1,0
28,83,157,0,1,0
29,484,903,0,1,0
30,710,692,0,1,0
31,561,5,0,1,0
32,762,882,1,0,1
33,943,299,1,0,1
34,271,863,0,1,0
35,281,1,0,1,0
36,629,7,1,0,1
37,939,653,0,1,0
38,6,585,0,1,0
39,393,767,0,1,0
40,169,59,0,1,0
41,635,539,1,0,1
42,503,168,1,0,1
43,132,411,0,1,0
44,462,276,0,1,0
45,185,119,0,1,0
46,575,924,1,0,1
47,780,565,0,1,0
48,728,339,0,1,0
49,481,147,0,1,0
50,508,910,0,1,0
51,833,728,0,1,0
52,104,393,0,1,0
53,135,364,0,1,0
54,300,805,0,1,0
55,562,297,0,0,1
56,692,167,0,1,0
57,540,260,0,1,0
58,158,378,0,1,0
59,990,407,0,1,0
60,203,607,0,1,0
61,594,7,0,1,0
62,399,962,0,1,0
63,126,411,0,1,0
64,6,962,0,1,0
65,5,349,1,0,1
66,26,847,0,1,0
67,807,825,0,1,0
68,646,768,0,1,0
69,720,926,0,1,0
70,600,810,0,1,0
71,747,10,0,1,0
72,550,750,0,1,0
73,598,752,0,1,0
74,335,9,0,1,0
75,990,163,1,0,1
76,115,344,0,1,0
77,431,245,1,0,1
78,338,765,1,0,1
79,920,76,0,1,0
80,138,515,0,1,0
81,799,878,0,1,0
82,117,132,0,1,0
83,271,923,0,1,0
84,369,542,0,1,0
85,218,325,0,1,0
86,378,653,1,0,1
87,858,605,0,1,0
88,565,118,0,1,0
89,636,934,0,1,0
90,244,187,0,1,0
91,207,488,0,1,0
92,263,510,0,1,0
93,513,922,0,1,0
94,646,411,0,1,0
95,218,914,0,1,0
96,770,907,0,1,0
97,518,539,0,1,0
98,136,45,0,1,0
99,704,158,0,1,0
100,214,268,0,1,0
101,736,371,1,0,1
102,686,916,1,0,1
103,7,33,0,0,1
104,672,434,1,0,1
105,572,577,1,0,0
106,871,268,0,1,0
107,622,186,0,1,0
108,880,395,0,1,0
109,810,603,0,0,1
110,357,890,1,0,1
111,4,776,0,1,0
112,778,447,0,1,0
113,842,376,0,1,0
114,553,278,0,1,0
115,887,547,0,1,0
116,61,955,1,0,0
117,702,833,0,1,0
118,413,7,1,0,0
119,195,746,1,1,0
120,689,491,1,0,1
121,857,533,0,1,0
122,8,481,1,0,0
123,661,56,1,0,0
124,288,419,0,1,0
125,847,586,1,0,1
126,808,5,0,1,0
127,665,752,0,1,0
128,219,732,1,0,1
129,531,5,0,1,0
130,456,876,0,1,0
131,1,180,1,0,0
132,945,254,0,1,0
133,6,274,0,1,0
134,668,612,0,1,0
135,301,448,0,1,0
136,183,185,0,1,0
137,565,538,1,0,0
138,610,726,1,0,1
139,628,160,1,0,1
140,0,421,0,1,0
141,642,642,1,0,1
142,559,376,0,1,0
143,812,150,0,1,0
144,383,624,0,1,0
145,155,59,0,1,0
146,505,592,1,0,0
147,477,673,1,0,0
148,749,329,0,1,0
149,282,204,0,1,0
150,131,193,1,0,1
151,654,405,0,1,0
152,381,456,1,0,1
153,324,339,0,1,0
154,5,901,1,0,0
155,34,123,0,1,0
156,566,564,1,0,0
157,233,291,0,1,0
158,392,712,1,0,0
159,867,603,0,1,0
160,799,735,0,1,0
161,139,564,0,1,0
162,817,810,0,1,0
163,671,212,0,1,0
164,52,550,0,1,0
165,561,863,0,1,0
166,840,316,0,1,0
167,239,201,0,1,0
168,238,8,0,1,0
169,883,1,1,0,0
170,523,690,1,1,0
171,950,508,0,1,0
172,108,289,1,0,0
173,1,926,1,0,0
174,154,908,0,1,0
175,48,50,1,0,0
176,601,413,0,1,0
177,386,407,0,1,0
178,386,652,0,1,0
179,709,5,0,1,0
180,533,92,0,1,0
181,972,570,0,1,0
182,445,883,0,1,0
183,736,259,1,0,0
184,306,290,1,0,0
185,528,60,1,0,0
186,860,324,1,0,1
187,689,457,0,1,0
188,394,990,0,1,0
189,862,52,1,0,0
190,976,505,0,1,0
191,950,5,0,1,0
192,932,230,0,1,0
193,450,197,0,1,0
194,5,537,0,1,0
195,507,304,0,1,0
196,6,676,1,0,1
197,966,990,0,1,0
198,753,948,0,1,0
199,791,563,0,1,0
200,515,606,1,0,0
201,200,832,1,0,0
202,210,873,0,1,0
203,947,9,0,1,0
204,42,733,1,0,0
205,656,920,0,1,0
206,173,288,1,0,1
207,766,336,0,1,0
208,261,607,0,1,0
209,793,54,1,0,1
210,233,990,1,0,0
211,715,778,0,1,0
212,56,571,0,1,0
213,593,814,0,1,0
214,990,506,1,0,0
215,529,737,1,0,0
216,306,71,0,1,0
217,408,281,0,1,0
218,612,422,0,1,0
219,309,10,1,0,1
220,4,785,0,0,1
221,730,178,0,1,0
222,4,550,0,1,0
223,411,147,0,1,0
224,304,445,0,1,0
225,635,686,0,1,0
226,327,571,1,0,1
227,483,631,1,0,0
228,955,724,0,1,0
229,470,315,1,1,0
230,284,139,0,1,0
231,974,173,1,1,0
232,819,133,1,1,0
233,228,774,0,1,0
234,437,623,0,1,0
235,670,488,0,1,0
236,340,877,0,1,0
237,308,5,0,1,0
238,532,422,1,0,0
239,241,887,0,1,0
240,244,107,0,0,1
241,268,920,0,1,0
242,299,257,0,1,0
243,173,355,1,0,1
244,247,857,0,1,0
245,830,614,1,0,1
246,759,180,1,0,1
247,550,864,0,1,0
248,321,7,0,1,0
249,708,778,0,1,0
250,870,583,0,1,0
251,906,664,1,0,1
252,728,647,0,1,0
253,669,56,1,0,0
254,161,250,1,0,0
255,107,477,0,1,0
256,623,404,1,1,0
257,727,595,0,1,0
258,593,607,1,0,0
259,775,820,1,0,1
260,810,455,0,1,0
261,553,487,0,1,0
262,8,515,0,1,0
263,892,619,0,1,0
264,99,608,0,1,0
265,175,375,0,1,0
266,80,932,1,0,0
267,254,41,0,0,1
268,749,140,0,1,0
269,892,6,1,0,0
270,854,679,1,0,1
271,750,267,1,0,0
272,879,968,1,0,1
273,496,675,1,0,0
274,118,386,1,0,1
275,118,989,0,1,0
276,521,129,0,0,1
277,688,632,1,0,1
278,513,507,1,0,0
279,384,7,1,0,0
280,253,245,0,1,0
281,194,712,0,1,0
282,446,635,1,1,0
283,990,904,1,0,0
284,825,759,0,1,0
285,821,0,0,1,0
286,881,966,1,0,1
287,4,39,0,1,0
288,9,695,0,1,0
289,125,733,0,1,0
290,570,371,0,1,0
291,826,117,1,0,1
292,59,867,1,0,0
293,3,244,0,1,0
294,16,858,1,1,0
295,236,653,0,1,0
296,237,704,0,1,0
297,346,125,0,1,0
298,667,742,0,1,0
299,125,260,1,0,1
300,452,720,1,0,1
301,716,567,1,0,1
302,154,159,0,0,1
303,9,498,0,1,0
304,550,270,0,1,0
305,942,5,0,1,0
306,729,129,0,1,0
307,586,282,1,0,1
308,838,10,1,0,0
309,434,252,1,0,1
310,866,343,0,1,0
311,749,479,0,1,0
312,226,754,0,1,0
313,352,5,1,0,0
314,6,244,0,1,0
315,848,750,0,1,0
316,5,790,0,1,0
317,778,748,0,0,1
318,587,775,0,1,0
319,61,990,1,0,0
320,740,854,0,1,0
321,791,577,1,0,1
322,779,771,0,1,0
323,836,683,1,0,1
324,3,503,0,1,0
325,587,874,0,1,0
326,330,56,0,1,0
327,802,479,0,1,0
328,133,484,0,1,0
329,94,442,0,1,0
330,623,804,0,1,0
331,9,150,0,1,0
332,713,929,0,1,0
333,202,924,0,1,0
334,211,408,0,1,0
335,785,653,0,1,0
336,843,306,0,1,0
337,390,109,0,1,0
338,758,7,0,1,0
339,9,707,1,0,0
340,917,651,0,1,0
341,821,671,0,1,0
342,515,666,1,1,0
343,557,1,0,1,0
344,959,940,1,0,0
345,459,610,1,0,0
346,191,279,1,0,1
347,301,468,0,1,0
348,311,453,0,1,0
349,791,125,0,1,0
350,74,824,1,0,1
351,472,282,1,0,1
352,326,886,0,1,0
353,859,798,0,1,0
354,878,939,0,1,0
355,2,791,1,0,1
356,118,704,0,1,0
357,131,431,0,1,0
358,558,587,1,0,0
359,643,915,0,1,0
360,361,336,0,1,0
361,4,816,0,1,0
362,713,5,0,1,0
363,627,324,1,0,1
364,886,878,0,1,0
365,822,860,0,1,0
366,348,180,0,1,0
367,450,639,0,1,0
368,220,388,0,1,0
369,161,469,1,0,1
370,670,899,0,1,0
371,6,886,1,0,0
372,767,630,1,0,1
373,355,957,0,1,0
374,867,939,0,1,0
375,504,162,0,1,0
376,203,787,0,1,0
377,487,848,0,1,0
378,510,635,1,0,0
379,102,808,1,0,0
380,807,410,0,1,0
381,821,647,1,0,1
382,702,416,0,1,0
383,462,10,1,0,0
384,845,154,1,0,0
385,438,2,1,0,1
386,890,779,0,1,0
387,310,100,1,0,0
388,751,9,0,1,0
389,382,128,1,0,1
390,3,21,0,1,0
391,83,891,1,0,0
392,191,54,0,1,0
393,271,833,0,1,0
394,755,552,0,1,0
395,257,4,1,0,0
396,64,499,0,1,0
397,2,827,0,1,0
398,228,171,0,1,0
399,694,137,1,0,0
400,541,440,1,0,0
401,733,519,0,0,1
402,348,470,0,1,0
403,314,72,0,1,0
404,137,573,0,1,0
405,908,178,1,0,0
406,748,465,0,1,0
407,321,512,0,1,0
408,6,755,1,0,0
409,591,99,0,1,0
410,304,615,1,0,1
411,447,10,1,0,1
412,540,304,0,1,0
413,764,786,0,1,0
414,240,834,0,1,0
415,491,249,1,0,1
416,147,547,0,1,0
417,559,911,0,1,0
418,308,845,0,1,0
419,404,242,0,1,0
420,717,533,0,1,0
421,879,765,0,1,0
422,56,716,1,0,1
423,300,83,1,0,1
424,154,356,0,1,0
425,137,404,0,1,0
426,70,789,0,1,0
427,332,561,1,0,1
428,980,6,1,0,0
429,576,946,0,1,0
430,350,145,0,1,0
431,582,710,0,1,0
432,879,293,0,1,0
433,849,467,1,0,1
434,419,811,1,0,0
435,827,400,0,1,0
436,488,10,1,0,0
437,782,602,0,1,0
438,525,635,1,0,0
439,868,183,1,0,0
440,289,50,0,1,0
441,748,579,1,0,1
442,436,465,1,0,0
443,227,269,0,1,0
444,110,213,0,0,1
445,291,450,0,1,0
446,793,691,0,1,0
447,391,931,0,1,0
448,660,94,1,0,0
449,108,262,1,0,0
450,921,319,0,1,0
451,301,3,0,1,0
452,933,126,1,0,1
453,223,646,1,1,0
454,631,628,0,1,0
455,609,222,0,1,0
456,990,900,1,0,0
457,642,378,0,1,0
458,333,806,0,1,0
459,10,840,1,0,0
460,978,9,1,0,0
461,442,400,1,0,1
462,614,563,1,0,1
463,849,545,1,0,1
464,574,811,0,1,0
465,828,486,0,1,0
466,248,168,1,1,0
467,473,441,1,0,0
468,27,8,1,0,1
469,710,380,0,1,0
470,689,0,0,1,0
471,6,530,0,1,0
472,854,6,1,0,0
473,0,564,1,0,1
474,274,83,0,0,1
475,336,4,1,0,1
476,318,384,0,1,0
477,515,475,1,0,0
478,376,845,1,0,1
479,762,231,1,0,0
480,833,429,0,1,0
481,251,257,1,0,1
482,259,795,1,0,1
483,548,953,0,1,0
484,909,749,0,1,0
485,613,625,0,1,0
486,335,477,0,1,0
487,135,545,0,0,1
488,366,797,1,0,0
489,607,385,1,0,1
490,896,805,1,0,1
491,397,314,0,1,0
492,990,15,1,0,0
493,766,102,0,1,0
494,533,239,0,1,0
495,87,571,0,1,0
496,138,159,0,1,0
497,637,413,0,1,0
498,143,763,1,1,0
499,906,247,1,0,1
500,317,247,1,0,1
501,106,939,1,0,0
502,567,7,0,1,0
503,754,8,0,1,0
504,232,338,0,1,0
505,645,469,1,0,1
506,709,675,1,0,1
507,612,368,0,1,0
508,353,106,0,1,0
509,126,643,0,1,0
510,553,7,1,0,1
511,899,511,0,1,0
512,898,190,1,0,0
513,83,655,1,0,1
514,665,178,0,1,0
515,145,98,0,1,0
516,832,372,0,1,0
517,601,195,0,1,0
518,647,237,0,1,0
519,386,112,0,1,0
520,722,677,0,1,0
521,904,99,0,1,0
522,299,578,1,0,1
523,500,733,1,0,0
524,818,850,0,1,0
525,606,402,1,0,1
526,8,37,0,1,0
527,420,404,1,0,1
528,754,1,0,1,0
529,290,526,1,0,1
530,908,523,1,0,1
531,496,715,1,0,0
532,125,903,0,1,0
533,47,216,0,1,0
534,847,409,0,1,0
535,223,882,0,1,0
536,863,668,0,1,0
537,376,542,0,1,0
538,438,155,0,1,0
539,570,364,1,0,1
540,490,705,0,1,0
541,504,699,0,1,0
542,681,472,0,1,0
543,3,46,0,1,0
544,304,292,1,0,0
545,52,5,1,0,0
546,130,422,0,1,0
547,422,450,0,1,0
548,120,742,1,1,0
549,593,546,0,1,0
550,770,386,0,1,0
551,257,919,0,1,0
552,924,310,1,0,1
553,378,842,1,1,0
554,541,744,1,0,0
555,183,861,0,1,0
556,349,580,0,1,0
557,299,2,0,1,0
558,867,576,1,0,1
559,703,519,0,1,0
560,784,651,0,1,0
561,680,748,0,1,0
562,875,602,0,1,0
563,435,990,0,1,0
564,4,142,1,0,1
565,211,723,1,0,0
566,193,127,0,1,0
567,255,385,0,1,0
568,744,126,0,1,0
569,195,979,0,1,0
570,812,638,1,0,1
571,256,620,0,1,0
572,555,316,0,1,0
573,226,515,1,0,1
574,864,498,0,1,0
575,515,199,0,1,0
576,40,906,1,0,0
577,331,832,1,0,1
578,172,158,0,1,0
579,725,120,0,1,0
580,198,760,0,1,0
581,5,370,1,0,0
582,384,329,0,1,0
583,502,945,0,1,0
584,322,239,1,0,1
585,129,543,0,1,0
586,800,348,0,1,0
587,801,1,0,1,0
588,246,572,0,1,0
589,543,785,0,1,0
590,434,312,0,1,0
591,797,368,1,0,1
592,815,847,0,1,0
593,267,691,0,1,0
594,772,598,0,1,0
595,589,886,1,0,1
596,317,831,0,1,0
597,729,585,0,1,0
598,145,307,0,1,0
599,102,370,0,1,0
600,932,248,0,1,0
601,732,778,0,1,0
602,740,450,0,1,0
603,6,429,0,1,0
604,534,78,0,1,0
605,364,408,0,1,0
606,811,2,1,0,1
607,153,334,0,1,0
608,557,655,1,0,0
609,329,384,0,1,0
610,759,950,0,1,0
611,432,266,0,1,0
612,333,872,0,1,0
613,55,548,0,1,0
614,591,740,1,0,1
615,507,8,0,1,0
616,952,792,1,0,0
617,721,614,0,1,0
618,454,220,0,1,0
619,651,182,0,1,0
620,3,76,0,1,0
621,533,340,0,1,0
622,539,9,0,1,0
623,139,332,0,1,0
624,712,358,1,0,1
625,250,473,0,1,0
626,8,20,0,1,0
627,180,347,0,1,0
628,833,3,1,0,0
629,649,652,0,1,0
630,752,520,0,1,0
631,889,938,0,1,0
632,990,792,1,0,0
633,192,277,0,1,0
634,876,295,0,1,0
635,518,872,0,1,0
636,793,838,0,1,0
637,192,484,0,1,0
638,368,530,1,0,0
639,646,371,1,0,1
640,189,722,0,1,0
641,9,586,0,1,0
642,7,967,0,1,0
643,918,585,0,1,0
644,500,256,0,1,0
645,70,187,0,1,0
646,602,193,0,1,0
647,3,644,0,1,0
648,85,279,0,1,0
649,700,416,0,1,0
650,954,990,0,1,0
651,807,316,0,1,0
652,262,420,0,1,0
653,219,1,1,0,0
654,2,824,0,1,0
655,508,5,0,1,0
656,401,408,0,1,0
657,649,210,0,1,0
658,270,713,0,1,0
659,262,61,1,0,1
660,298,111,1,0,1
661,352,592,1,0,1
662,342,119,1,1,0
663,698,404,0,1,0
664,126,606,0,1,0
665,243,537,0,1,0
666,121,394,0,1,0
667,564,136,0,1,0
668,917,643,0,1,0
669,921,0,1,0,0
670,241,375,0,1,0
671,810,668,0,1,0
672,906,661,0,1,0
673,779,298,1,0,1
674,710,301,0,1,0
675,651,576,1,1,0
676,826,866,0,1,0
677,887,911,0,1,0
678,488,382,1,0,0
679,2,147,0,1,0
680,557,501,1,0,0
681,489,4,1,0,0
682,183,744,1,0,0
683,9,604,0,1,0
684,193,71,0,1,0
685,412,174,1,0,1
686,886,85,0,1,0
687,806,550,1,0,1
688,550,800,0,1,0
689,814,737,1,0,1
690,600,562,0,1,0
691,247,739,0,1,0
692,824,747,0,1,0
693,463,875,0,1,0
694,694,271,1,0,0
695,669,408,0,1,0
696,792,412,1,0,1
697,553,337,0,1,0
698,207,462,1,0,1
699,128,677,0,1,0
700,733,300,1,0,1
701,82,950,1,0,0
702,510,422,0,1,0
703,397,6,1,0,0
704,282,856,0,1,0
705,8,645,0,1,0
706,558,981,1,0,1
707,483,683,0,1,0
708,856,289,0,1,0
709,536,10,0,1,0
710,688,166,0,1,0
711,407,583,1,1,0
712,4,579,0,1,0
713,894,820,0,1,0
714,898,431,0,1,0
715,582,2,0,1,0
716,101,856,0,1,0
717,785,715,1,0,1
718,412,374,1,0,1
719,634,896,0,1,0
720,433,415,0,1,0
721,814,108,1,0,0
722,969,173,0,1,0
723,928,884,0,1,0
724,128,825,0,1,0
725,553,201,0,1,0
726,298,472,0,1,0
727,7,951,1,0,0
728,481,862,0,0,1
729,5,523,0,1,0
730,208,201,0,1,0
731,146,702,0,1,0
732,498,795,1,0,1
733,446,151,1,0,1
734,0,268,0,1,0
735,160,568,0,1,0
736,554,464,1,0,0
737,199,8,1,0,0
738,45,825,0,1,0
739,130,703,0,1,0
740,103,118,0,1,0
741,937,2,0,1,0
742,695,808,0,1,0
743,340,630,0,1,0
744,843,622,0,1,0
745,454,842,1,0,1
746,185,302,1,0,1
747,1,520,1,0,1
748,476,675,1,1,0
749,917,113,1,0,0
750,990,874,1,0,0
751,926,100,0,1,0
752,296,511,1,0,1
753,8,945,1,0,0
754,521,263,0,1,0
755,517,531,1,0,0
756,874,508,0,1,0
757,883,832,0,1,0
758,494,796,0,1,0
759,0,160,1,0,1
760,595,223,0,1,0
761,577,950,0,1,0
762,656,525,0,1,0
763,798,497,0,1,0
764,334,0,0,1,0
765,399,725,1,0,1
766,697,460,0,1,0
767,248,755,1,1,0
768,946,8,0,1,0
769,351,10,1,0,0
770,408,178,1,0,1
771,332,503,0,1,0
772,874,681,0,1,0
773,907,587,0,1,0
774,855,568,0,1,0
775,589,705,0,1,0
776,842,388,1,0,1
777,140,58,0,1,0
778,903,654,0,1,0
779,118,2,1,0,0
780,233,808,0,1,0
781,631,560,0,1,0
782,392,144,0,1,0
783,166,220,1,0,1
784,228,1,1,0,1
785,733,86,1,0,1
786,875,149,1,0,1
787,617,849,0,1,0
788,10,911,1,0,0
789,94,938,1,0,0
790,521,131,0,1,0
791,173,655,0,1,0
792,4,983,1,0,0
793,7,688,0,1,0
794,217,583,0,1,0
795,923,711,1,0,1
796,434,700,1,0,0
797,948,222,0,1,0
798,910,554,0,1,0
799,868,482,0,1,0
800,451,463,1,0,0
801,257,180,0,1,0
802,377,280,0,1,0
803,252,150,0,1,0
804,501,2,0,1,0
805,804,245,1,0,0
806,862,391,0,1,0
807,411,106,1,0,1
808,807,613,0,1,0
809,0,242,0,1,0
810,841,659,0,1,0
811,690,397,0,1,0
812,875,636,0,1,0
813,160,637,1,0,1
814,823,10,0,1,0
815,516,348,0,1,0
816,545,158,0,1,0
817,394,871,0,1,0
818,676,526,1,0,1
819,795,927,0,1,0
820,151,688,0,1,0
821,534,100,0,1,0
822,252,645,0,1,0
823,990,839,0,1,0
824,32,706,1,0,0
825,529,795,0,1,0
826,399,1,1,0,0
827,644,876,0,1,0
828,590,943,0,1,0
829,759,485,0,1,0
830,606,673,0,1,0
831,598,587,1,0,0
832,251,446,0,1,0
833,161,4,0,1,0
834,10,194,1,0,0
835,789,512,0,1,0
836,472,329,1,0,1
837,874,796,0,1,0
838,50,410,1,0,1
839,963,1,1,1,0
840,238,544,0,1,0
841,377,723,1,0,0
842,260,973,0,1,0
843,526,575,1,0,0
844,156,382,1,0,1
845,680,150,0,1,0
846,449,241,0,1,0
847,198,632,0,1,0
848,882,831,0,1,0
849,990,856,0,1,0
850,593,1,0,1,0
851,407,592,0,1,0
852,328,778,1,0,1
853,181,668,0,1,0
854,450,176,0,1,0
855,180,407,0,1,0
856,428,898,0,1,0
857,315,754,1,0,0
858,391,420,0,0,1
859,926,135,0,1,0
860,389,868,0,1,0
861,768,940,0,1,0
862,7,280,0,1,0
863,770,39,1,0,0
864,203,320,0,1,0
865,253,565,1,0,1
866,107,252,0,1,0
867,78,202,0,1,0
868,672,696,0,1,0
869,702,415,0,1,0
870,691,825,1,0,1
871,356,729,0,1,0
872,36,198,0,1,0
873,915,524,0,1,0
874,655,365,0,1,0
875,913,933,0,1,0
876,958,724,0,1,0
877,235,268,0,1,0
878,923,541,0,1,0
879,607,736,1,0,1
880,374,966,0,1,0
881,477,515,1,0,0
882,6,31,1,0,1
883,858,308,0,1,0
884,3,672,0,1,0
885,586,846,0,1,0
886,511,144,0,1,0
887,373,732,0,1,0
888,583,218,0,1,0
889,174,10,1,0,1
890,602,665,0,1,0
891,463,281,0,1,0
892,950,686,1,0,1
893,9,851,1,0,0
894,516,990,0,1,0
895,93,1,1,0,0
896,878,271,0,1,0
897,766,208,1,0,0
898,307,186,0,1,0
899,76,979,1,0,0
900,438,371,1,0,1
901,587,6,0,1,0
902,261,761,1,0,1
903,635,670,0,1,0
904,948,718,0,1,0
905,656,497,0,1,0
906,6,112,1,0,0
907,275,768,1,0,1
908,205,583,0,1,0
909,77,981,1,0,0
910,990,389,1,0,1
911,185,274,0,1,0
912,602,661,0,1,0
913,596,719,0,1,0
914,554,227,0,1,0
915,616,371,0,1,0
916,758,985,0,1,0
917,387,860,1,0,1
918,9,403,1,0,0
919,577,404,0,1,0
920,569,709,0,1,0
921,286,841,1,0,1
922,619,777,0,1,0
923,651,475,1,0,1
924,542,131,0,1,0
925,435,825,0,1,0
926,971,660,0,1,0
927,217,10,1,0,0
928,688,523,0,1,0
929,815,486,1,0,1
930,418,10,1,0,0
931,916,628,0,1,0
932,168,59,0,1,0
933,494,556,1,0,0
934,924,948,0,1,0
935,157,105,1,0,1
936,778,3,0,1,0
937,665,300,1,1,0
938,434,463,1,0,0
939,377,510,1,0,0
940,363,922,0,1,0
941,126,309,0,1,0
942,707,187,1,0,1
943,726,169,0,1,0
944,934,19,1,0,0
945,170,395,1,0,1
946,510,899,0,1,0
947,632,835,0,1,0
948,8,908,1,0,0
949,967,487,0,1,0
950,395,595,1,0,1
951,234,596,0,1,0
952,428,8,0,1,0
953,517,670,1,1,0
954,617,527,0,1,0
955,180,3,0,1,0
956,346,177,0,1,0
957,396,256,1,1,0
958,400,278,0,1,0
959,789,674,0,1,0
960,593,963,0,1,0
961,232,612,0,1,0
962,731,990,1,0,1
963,250,341,0,1,0
964,61,3,1,0,0
965,358,131,0,1,0
966,509,256,1,0,1
967,9,793,0,1,0
968,275,295,0,0,1
969,80,36,0,1,0
970,7,673,0,1,0
971,488,618,1,0,0
972,536,142,0,1,0
973,780,784,0,1,0
974,0,719,1,0,0
975,339,423,0,1,0
976,827,665,1,0,1
977,298,630,0,1,0
978,482,162,0,1,0
979,254,772,0,1,0
980,726,408,0,1,0
981,639,877,0,1,0
982,452,224,0,1,0
983,435,493,1,0,0
984,222,455,0,1,0
985,451,327,0,1,0
986,583,969,0,1,0
987,721,7,1,0,1
988,532,288,0,1,0
989,101,649,0,1,0
990,90,570,1,0,1
991,700,128,0,1,0
992,237,70,0,1,0
993,8,24,0,1,0
994,158,172,0,1,0
995,735,882,0,1,0
996,644,625,0,1,0
997,64,103,1,0,1
998,709,608,0,1,0
999,681,540,0,1,0
