Index,x,y,alive,infected,immune
0,793,320,0,1,0
1,9,697,1,0,1
2,956,181,0,0,1
3,555,902,1,0,1
4,976,810,0,1,0
5,398,121,0,1,0
6,488,100,0,1,0
7,8,559,0,1,0
8,334,772,1,0,1
9,853,591,0,1,0
10,431,143,0,1,0
11,580,117,0,1,0
12,515,7,0,1,0
13,41,340,0,1,0
14,870,240,0,1,0
15,99,778,0,1,0
16,487,346,1,0,1
17,790,703,0,1,0
18,962,146,0,1,0
19,661,802,0,1,0
20,961,539,0,1,0
21,330,316,0,1,0
22,413,801,0,1,0
23,247,156,1,0,1
24,210,411,0,1,0
25,2,153,0,1,0
26,795,7,0,1,0
27,686,407,0,1,0
28,116,124,0,1,0
29,497,900,0,1,0
30,690,680,0,1,0
31,561,4,0,1,0
32,748,870,1,0,1
33,962,268,1,0,1
34,264,834,0,1,0
35,281,3,0,1,0
36,629,5,1,0,1
37,940,673,0,1,0
38,8,585,0,1,0
39,376,766,0,1,0
40,217,28,0,1,0
41,652,556,1,0,1
42,526,189,1,0,1
43,150,430,0,1,0
44,488,276,0,1,0
45,201,131,0,1,0
46,556,904,1,0,1
47,746,529,0,1,0
48,745,336,0,1,0
49,497,147,0,1,0
50,520,932,0,1,0
51,849,687,0,1,0
52,146,377,0,1,0
53,169,344,0,1,0
54,299,776,0,1,0
55,551,262,0,0,1
56,699,188,0,1,0
57,549,272,0,1,0
58,163,361,0,1,0
59,990,407,0,1,0
60,172,671,0,1,0
61,594,7,0,1,0
62,443,927,0,1,0
63,155,425,0,1,0
64,3,962,0,1,0
65,0,349,1,0,1
66,22,821,0,1,0
67,797,808,0,1,0
68,623,785,0,1,0
69,688,928,0,1,0
70,602,812,0,1,0
71,747,10,0,1,0
72,504,776,0,1,0
73,595,762,0,1,0
74,335,5,0,1,0
75,990,163,1,0,1
76,109,336,0,1,0
77,419,253,1,0,1
78,324,747,1,0,1
79,959,73,0,1,0
80,122,502,0,1,0
81,749,848,0,1,0
82,112,104,0,1,0
83,291,936,0,1,0
84,365,555,0,1,0
85,210,298,0,1,0
86,397,630,1,0,1
87,846,576,0,1,0
88,630,113,0,1,0
89,613,5,0,1,0
90,241,159,0,1,0
91,215,502,0,1,0
92,281,538,0,1,0
93,514,962,0,1,0
94,623,335,0,1,0
95,216,896,0,1,0
96,774,859,0,1,0
97,508,563,0,1,0
98,113,49,0,1,0
99,710,197,0,1,0
100,259,267,0,1,0
101,745,425,1,0,1
102,663,911,1,0,1
103,5,33,0,0,1
104,650,427,1,0,1
105,585,570,1,1,0
106,867,283,0,1,0
107,637,207,0,1,0
108,892,337,0,1,0
109,815,577,0,0,1
110,364,885,1,0,1
111,8,776,0,1,0
112,812,433,0,1,0
113,875,318,0,1,0
114,563,265,0,1,0
115,876,567,0,1,0
116,54,912,1,0,0
117,710,830,0,1,0
118,413,8,1,0,0
119,207,730,0,1,0
120,691,466,1,0,1
121,855,535,0,1,0
122,4,481,1,0,0
123,628,29,1,0,0
124,278,425,0,1,0
125,858,566,1,0,1
126,808,4,0,1,0
127,682,754,0,1,0
128,230,766,1,0,1
129,531,3,0,1,0
130,486,880,0,1,0
131,8,180,1,0,0
132,909,254,0,1,0
133,4,274,0,1,0
134,625,612,0,1,0
135,311,453,0,1,0
136,192,161,0,1,0
137,556,531,0,1,0
138,634,761,1,0,1
139,598,161,1,0,1
140,9,421,0,1,0
141,602,643,1,0,1
142,538,375,0,1,0
143,798,192,0,1,0
144,405,612,0,1,0
145,184,87,0,1,0
146,475,587,1,0,0
147,465,697,0,1,0
148,745,348,0,1,0
149,267,204,0,1,0
150,164,232,1,0,1
151,696,343,0,1,0
152,388,463,1,0,1
153,348,354,0,1,0
154,2,901,1,0,0
155,79,153,0,1,0
156,570,572,1,1,0
157,197,277,0,1,0
158,439,725,0,1,0
159,855,626,0,1,0
160,790,725,0,1,0
161,148,584,0,1,0
162,820,791,0,1,0
163,669,204,0,1,0
164,94,566,0,1,0
165,539,913,0,1,0
166,828,300,0,1,0
167,261,195,0,1,0
168,238,3,0,1,0
169,883,2,1,0,0
170,564,688,1,0,1
171,975,512,0,1,0
172,154,371,0,1,0
173,8,926,1,0,0
174,190,841,0,1,0
175,86,42,1,0,0
176,593,439,0,1,0
177,387,394,0,1,0
178,398,657,0,1,0
179,709,3,0,1,0
180,514,120,0,1,0
181,973,634,0,1,0
182,460,858,0,1,0
183,729,282,1,0,0
184,335,317,1,1,0
185,530,81,1,0,0
186,846,282,1,0,1
187,739,451,0,1,0
188,394,990,0,1,0
189,835,62,1,0,0
190,920,523,0,1,0
191,950,0,0,1,0
192,904,234,0,1,0
193,479,223,0,1,0
194,9,537,0,1,0
195,539,265,0,1,0
196,1,676,1,0,1
197,966,990,0,1,0
198,727,951,0,1,0
199,797,551,0,1,0
200,518,610,1,0,0
201,178,863,0,1,0
202,186,818,0,1,0
203,947,5,0,1,0
204,0,719,1,0,0
205,709,882,0,1,0
206,183,273,1,0,1
207,759,378,0,1,0
208,270,607,0,1,0
209,788,35,1,0,1
210,233,990,1,0,0
211,706,797,0,1,0
212,35,590,0,1,0
213,575,859,0,1,0
214,990,506,1,0,0
215,499,678,1,1,0
216,364,95,0,1,0
217,467,295,0,1,0
218,685,380,0,1,0
219,309,10,1,0,1
220,9,785,0,0,1
221,745,205,0,1,0
222,8,550,0,1,0
223,428,100,0,1,0
224,280,470,0,1,0
225,647,691,0,1,0
226,332,531,1,0,1
227,490,655,1,1,0
228,954,723,0,1,0
229,457,305,1,0,1
230,331,160,0,1,0
231,5,120,1,0,1
232,790,144,0,1,0
233,208,747,0,1,0
234,417,657,0,1,0
235,684,491,0,1,0
236,383,848,0,1,0
237,308,7,0,1,0
238,489,397,1,1,0
239,235,907,0,1,0
240,183,135,0,0,1
241,278,954,0,1,0
242,252,237,0,1,0
243,184,331,1,0,1
244,263,814,0,1,0
245,836,596,1,0,1
246,778,211,1,0,1
247,561,815,0,1,0
248,321,2,0,1,0
249,688,784,0,1,0
250,889,610,0,1,0
251,899,667,1,0,1
252,694,614,0,1,0
253,673,122,1,0,0
254,121,231,1,0,0
255,128,438,0,1,0
256,651,418,0,0,1
257,751,615,0,1,0
258,591,581,0,1,0
259,807,818,1,0,1
260,810,460,0,1,0
261,565,505,0,1,0
262,4,515,0,1,0
263,869,636,0,1,0
264,57,628,0,1,0
265,182,377,0,1,0
266,35,886,1,0,0
267,248,34,0,0,1
268,758,127,0,1,0
269,892,7,1,0,0
270,807,705,1,0,1
271,746,309,1,0,0
272,856,940,1,0,1
273,463,683,0,1,0
274,131,358,1,0,1
275,112,3,0,1,0
276,502,161,0,0,1
277,707,649,1,0,1
278,533,526,1,0,0
279,384,7,1,0,0
280,247,205,0,1,0
281,198,737,0,1,0
282,506,659,1,0,1
283,990,904,1,0,0
284,866,792,0,1,0
285,821,0,0,1,0
286,841,952,1,0,1
287,6,39,0,1,0
288,0,695,0,1,0
289,164,702,0,1,0
290,574,370,0,1,0
291,863,115,1,0,1
292,21,858,1,0,0
293,1,244,0,1,0
294,50,917,1,0,1
295,238,647,0,1,0
296,250,704,0,1,0
297,317,113,0,1,0
298,673,769,0,1,0
299,60,281,1,0,1
300,465,747,1,0,1
301,699,581,1,0,1
302,189,161,0,0,1
303,6,498,0,1,0
304,552,220,0,1,0
305,942,1,0,1,0
306,760,97,0,1,0
307,559,278,1,0,1
308,838,10,1,0,0
309,444,232,1,0,1
310,860,329,0,1,0
311,789,548,0,1,0
312,217,781,0,1,0
313,352,3,1,0,0
314,7,244,0,1,0
315,912,742,0,1,0
316,9,790,0,1,0
317,783,749,0,0,1
318,541,802,0,1,0
319,61,990,1,0,0
320,738,868,0,1,0
321,745,568,1,0,1
322,798,823,0,1,0
323,830,654,1,0,1
324,2,503,0,1,0
325,606,837,0,1,0
326,281,74,0,1,0
327,788,479,0,1,0
328,144,488,0,1,0
329,95,410,0,1,0
330,621,787,0,1,0
331,0,150,0,1,0
332,712,953,0,1,0
333,239,864,0,1,0
334,204,392,0,1,0
335,787,669,0,1,0
336,870,331,0,1,0
337,435,126,0,1,0
338,758,6,0,1,0
339,1,707,1,0,0
340,891,678,0,1,0
341,872,623,0,1,0
342,552,681,0,1,0
343,557,7,0,1,0
344,957,930,1,0,0
345,481,579,1,0,0
346,172,224,1,0,1
347,275,493,0,1,0
348,256,471,0,1,0
349,782,98,0,1,0
350,102,827,1,0,1
351,476,271,1,0,1
352,368,944,0,1,0
353,847,755,0,1,0
354,835,913,0,1,0
355,8,791,1,0,1
356,139,672,0,1,0
357,86,422,0,1,0
358,584,567,0,1,0
359,654,885,0,1,0
360,379,313,0,1,0
361,0,816,0,1,0
362,713,1,0,1,0
363,605,365,1,0,1
364,845,873,0,1,0
365,839,851,0,1,0
366,352,164,0,1,0
367,441,604,0,1,0
368,267,389,0,1,0
369,182,515,1,0,1
370,639,874,0,1,0
371,5,886,1,0,0
372,763,627,1,0,1
373,367,6,0,1,0
374,879,894,0,1,0
375,517,149,0,1,0
376,200,842,0,1,0
377,510,895,0,1,0
378,518,656,1,1,0
379,120,873,0,1,0
380,831,444,0,1,0
381,849,660,1,0,1
382,721,472,0,1,0
383,462,10,1,0,0
384,839,183,1,0,0
385,438,5,1,0,1
386,887,775,0,1,0
387,302,158,0,1,0
388,751,5,0,1,0
389,407,116,1,0,1
390,7,21,0,1,0
391,36,878,1,0,0
392,184,59,0,1,0
393,257,807,0,1,0
394,764,561,0,1,0
395,257,5,1,0,0
396,44,493,0,1,0
397,1,827,0,1,0
398,243,233,0,1,0
399,733,117,1,1,0
400,550,449,1,0,0
401,726,480,0,0,1
402,344,504,0,1,0
403,322,86,0,1,0
404,115,561,0,1,0
405,915,97,1,1,0
406,687,440,0,1,0
407,281,465,0,1,0
408,0,755,1,0,0
409,581,92,0,1,0
410,317,670,1,0,1
411,447,10,1,0,1
412,543,299,0,1,0
413,756,796,0,1,0
414,230,863,0,1,0
415,487,205,1,0,1
416,181,500,0,1,0
417,574,908,0,1,0
418,280,872,0,1,0
419,415,263,0,1,0
420,729,491,0,1,0
421,903,754,0,1,0
422,26,682,1,0,1
423,284,60,1,0,1
424,200,401,0,1,0
425,127,372,0,1,0
426,61,790,0,1,0
427,304,552,1,0,1
428,980,7,1,0,0
429,585,990,0,1,0
430,337,172,0,1,0
431,617,695,0,1,0
432,875,285,0,1,0
433,819,471,1,0,1
434,436,813,0,1,0
435,844,382,0,1,0
436,488,10,1,0,0
437,802,626,0,1,0
438,517,675,1,1,0
439,852,152,0,1,0
440,281,0,0,1,0
441,706,586,1,0,1
442,418,469,1,0,0
443,277,289,0,1,0
444,129,215,0,0,1
445,281,449,0,1,0
446,784,636,0,1,0
447,410,916,0,1,0
448,650,97,1,0,0
449,61,271,1,0,0
450,915,292,0,1,0
451,301,9,0,1,0
452,951,156,1,0,1
453,256,694,1,0,1
454,627,621,0,1,0
455,603,190,0,1,0
456,990,900,1,0,0
457,650,352,0,1,0
458,316,810,0,1,0
459,10,840,1,0,0
460,978,9,1,0,0
461,460,381,1,0,1
462,635,609,1,0,1
463,821,572,1,0,1
464,582,864,0,1,0
465,851,491,0,1,0
466,222,224,1,0,1
467,464,450,1,0,0
468,27,7,1,0,1
469,725,367,0,1,0
470,689,6,0,1,0
471,7,530,0,1,0
472,854,4,1,0,0
473,0,564,1,0,1
474,317,80,0,0,1
475,336,7,1,0,1
476,322,362,0,1,0
477,548,523,0,1,0
478,427,840,1,0,1
479,716,255,1,0,0
480,824,446,0,1,0
481,224,232,1,0,1
482,250,834,1,0,1
483,543,966,0,1,0
484,888,730,0,1,0
485,640,591,0,1,0
486,324,494,0,1,0
487,100,525,0,0,1
488,362,812,0,1,0
489,606,394,1,0,1
490,885,809,1,0,1
491,401,341,0,1,0
492,990,15,1,0,0
493,744,106,0,1,0
494,569,204,0,1,0
495,101,591,0,1,0
496,150,165,0,1,0
497,638,481,0,1,0
498,189,815,1,0,1
499,924,196,1,0,1
500,326,228,1,0,1
501,98,929,1,0,0
502,567,1,0,1,0
503,754,9,0,1,0
504,211,306,0,1,0
505,616,446,1,0,1
506,683,676,1,0,1
507,626,383,0,1,0
508,336,142,0,1,0
509,148,648,0,1,0
510,553,8,1,0,1
511,960,513,0,1,0
512,884,193,1,0,0
513,30,664,1,0,1
514,666,168,0,1,0
515,153,116,0,1,0
516,851,375,0,1,0
517,586,184,0,1,0
518,679,252,0,1,0
519,380,102,0,1,0
520,720,687,0,1,0
521,923,93,0,1,0
522,268,553,1,0,1
523,448,754,0,1,0
524,802,860,0,1,0
525,604,387,1,0,1
526,7,37,0,1,0
527,467,406,1,0,1
528,754,4,0,1,0
529,293,547,1,0,1
530,915,510,1,0,1
531,461,721,1,1,0
532,126,912,0,1,0
533,67,217,0,1,0
534,835,372,0,1,0
535,255,851,0,1,0
536,865,675,0,1,0
537,392,566,0,1,0
538,434,120,0,1,0
539,613,395,1,0,1
540,465,662,0,1,0
541,475,715,0,1,0
542,666,495,0,1,0
543,3,46,0,1,0
544,318,279,1,0,0
545,52,3,0,1,0
546,118,421,0,1,0
547,433,397,0,1,0
548,55,824,0,0,1
549,639,565,0,1,0
550,777,352,0,1,0
551,231,918,0,1,0
552,960,259,1,0,1
553,367,825,1,0,1
554,475,745,1,1,0
555,205,846,0,1,0
556,337,626,0,1,0
557,299,1,0,1,0
558,852,547,1,0,1
559,710,537,0,1,0
560,777,656,0,1,0
561,694,749,0,1,0
562,825,594,0,1,0
563,435,990,0,1,0
564,8,142,1,0,1
565,192,715,0,1,0
566,162,98,0,1,0
567,250,340,0,1,0
568,756,145,0,1,0
569,210,4,0,1,0
570,757,649,1,0,1
571,268,630,0,1,0
572,617,343,0,1,0
573,180,537,1,0,1
574,891,545,0,1,0
575,507,210,0,1,0
576,53,881,1,0,0
577,315,813,1,0,1
578,175,169,0,1,0
579,728,122,0,1,0
580,220,772,0,1,0
581,4,370,1,0,0
582,356,321,0,1,0
583,512,971,0,1,0
584,321,223,1,0,1
585,152,513,0,1,0
586,788,343,0,1,0
587,801,5,0,1,0
588,283,592,0,1,0
589,564,789,0,1,0
590,419,357,0,1,0
591,811,394,1,0,1
592,812,841,0,1,0
593,248,708,0,1,0
594,808,588,0,1,0
595,597,904,1,0,1
596,330,821,0,1,0
597,776,615,0,1,0
598,143,328,0,1,0
599,87,372,0,1,0
600,927,262,0,1,0
601,713,806,0,1,0
602,719,467,0,1,0
603,9,429,0,1,0
604,510,94,0,1,0
605,388,361,0,1,0
606,811,0,1,0,1
607,141,287,0,1,0
608,505,617,1,0,0
609,401,430,0,1,0
610,784,935,0,1,0
611,431,242,0,1,0
612,323,859,0,1,0
613,39,503,0,1,0
614,574,769,1,0,1
615,507,2,0,1,0
616,914,817,1,0,0
617,723,600,0,1,0
618,447,279,0,1,0
619,696,230,0,1,0
620,4,76,0,1,0
621,517,282,0,1,0
622,539,7,0,1,0
623,157,375,0,1,0
624,697,362,1,0,1
625,250,491,0,1,0
626,9,20,0,1,0
627,129,340,0,1,0
628,833,5,1,0,0
629,635,644,0,1,0
630,740,455,0,1,0
631,892,868,0,1,0
632,990,792,1,0,0
633,158,238,0,1,0
634,849,262,0,1,0
635,538,877,0,1,0
636,745,790,0,1,0
637,183,455,0,1,0
638,374,545,1,1,0
639,663,344,1,0,1
640,156,766,0,1,0
641,2,586,0,1,0
642,1,967,0,1,0
643,917,617,0,1,0
644,539,265,0,1,0
645,59,199,0,1,0
646,623,207,0,1,0
647,0,644,0,1,0
648,94,220,0,1,0
649,717,380,0,1,0
650,954,990,0,1,0
651,739,338,0,1,0
652,256,458,0,1,0
653,219,2,0,1,0
654,5,824,0,1,0
655,508,2,0,1,0
656,368,405,0,1,0
657,665,217,0,1,0
658,308,751,0,1,0
659,247,55,1,0,1
660,273,110,1,0,1
661,325,626,1,0,1
662,354,168,1,0,1
663,678,394,0,1,0
664,123,595,0,1,0
665,234,569,0,1,0
666,131,399,0,1,0
667,563,78,0,1,0
668,930,632,0,1,0
669,921,4,1,0,0
670,245,360,0,1,0
671,784,691,0,1,0
672,912,690,0,1,0
673,730,269,1,0,1
674,732,326,0,1,0
675,669,568,0,1,0
676,821,887,0,1,0
677,902,876,0,1,0
678,516,398,1,1,0
679,4,147,0,1,0
680,539,473,0,1,0
681,489,5,1,0,0
682,143,716,0,1,0
683,8,604,0,1,0
684,207,58,0,1,0
685,397,251,1,0,1
686,839,122,0,1,0
687,797,552,1,0,1
688,586,781,0,1,0
689,809,749,1,0,1
690,605,572,0,1,0
691,208,735,0,1,0
692,775,758,0,1,0
693,422,849,0,1,0
694,671,330,1,0,0
695,704,409,0,1,0
696,827,437,1,0,1
697,566,344,0,1,0
698,190,468,1,0,1
699,109,702,0,1,0
700,768,284,1,0,1
701,117,935,1,0,0
702,550,408,0,1,0
703,397,3,1,0,0
704,303,856,0,1,0
705,9,645,0,1,0
706,550,3,1,0,1
707,490,705,0,1,0
708,861,286,0,1,0
709,536,10,0,1,0
710,660,174,0,1,0
711,355,598,0,1,0
712,6,579,0,1,0
713,861,809,0,1,0
714,894,429,0,1,0
715,582,9,0,1,0
716,92,867,0,1,0
717,767,745,1,0,1
718,420,381,1,0,1
719,627,906,0,1,0
720,458,375,0,1,0
721,874,74,0,1,0
722,966,146,0,1,0
723,912,874,0,1,0
724,108,868,0,1,0
725,585,167,0,1,0
726,286,515,0,1,0
727,2,951,1,0,0
728,517,896,0,0,1
729,3,523,0,1,0
730,217,236,0,1,0
731,117,718,0,1,0
732,487,762,1,0,1
733,425,172,1,0,1
734,7,268,0,1,0
735,177,557,0,1,0
736,573,483,0,1,0
737,199,3,1,0,0
738,64,847,0,1,0
739,163,698,0,1,0
740,100,103,0,1,0
741,937,4,0,1,0
742,697,816,0,1,0
743,340,639,0,1,0
744,808,609,0,1,0
745,441,857,1,0,1
746,140,262,1,0,1
747,7,520,1,0,1
748,507,656,0,1,0
749,953,107,0,1,0
750,990,874,1,0,0
751,904,88,0,1,0
752,315,518,1,0,1
753,3,945,1,0,0
754,483,237,0,1,0
755,549,582,0,1,0
756,808,528,0,1,0
757,830,808,0,1,0
758,512,779,0,1,0
759,8,160,1,0,1
760,528,197,0,1,0
761,579,2,0,1,0
762,616,538,0,1,0
763,783,480,0,1,0
764,334,5,0,1,0
765,373,721,1,0,1
766,756,458,0,1,0
767,258,760,1,0,1
768,946,6,0,1,0
769,351,10,1,0,0
770,438,184,1,0,1
771,293,437,0,1,0
772,823,651,0,1,0
773,891,647,0,1,0
774,859,585,0,1,0
775,569,679,0,1,0
776,798,413,1,0,1
777,120,82,0,1,0
778,867,648,0,1,0
779,118,4,0,1,0
780,270,817,0,1,0
781,677,578,0,1,0
782,349,150,0,1,0
783,175,259,1,0,1
784,228,1,1,0,1
785,705,129,1,0,1
786,808,152,1,0,1
787,650,864,0,1,0
788,10,911,1,0,0
789,114,899,1,0,0
790,520,111,0,1,0
791,215,634,0,1,0
792,9,983,1,0,0
793,9,688,0,1,0
794,216,587,0,1,0
795,920,730,1,0,1
796,407,702,1,1,0
797,975,170,0,1,0
798,945,490,0,1,0
799,925,453,0,1,0
800,503,463,1,0,0
801,234,162,0,1,0
802,371,262,0,1,0
803,266,156,0,1,0
804,501,7,0,1,0
805,798,249,1,0,0
806,875,411,0,1,0
807,413,98,1,0,1
808,835,598,0,1,0
809,0,242,0,1,0
810,862,606,0,1,0
811,654,454,0,1,0
812,892,653,0,1,0
813,134,630,1,0,1
814,823,10,0,1,0
815,550,358,0,1,0
816,553,144,0,1,0
817,369,872,0,1,0
818,761,481,1,0,1
819,806,920,0,1,0
820,169,730,0,1,0
821,512,75,0,1,0
822,271,651,0,1,0
823,990,839,0,1,0
824,2,640,0,1,0
825,516,804,0,1,0
826,399,6,1,0,0
827,692,904,0,1,0
828,602,896,0,1,0
829,761,457,0,1,0
830,633,648,0,1,0
831,579,593,0,1,0
832,219,438,0,1,0
833,161,2,0,1,0
834,10,194,1,1,0
835,783,568,0,1,0
836,426,316,1,0,1
837,895,786,0,1,0
838,9,381,1,0,1
839,963,9,0,1,0
840,242,556,0,1,0
841,403,676,0,1,0
842,286,4,0,1,0
843,563,595,1,1,0
844,139,374,1,0,1
845,679,140,0,1,0
846,419,269,0,1,0
847,218,624,0,1,0
848,864,814,0,1,0
849,990,856,0,1,0
850,593,8,0,1,0
851,393,580,0,1,0
852,336,790,1,0,1
853,194,650,0,1,0
854,421,227,0,1,0
855,242,412,0,1,0
856,438,887,0,1,0
857,291,719,1,1,0
858,429,428,0,0,1
859,894,170,0,1,0
860,401,853,0,1,0
861,757,952,0,1,0
862,5,280,0,1,0
863,776,18,1,0,0
864,240,380,0,1,0
865,213,549,1,0,1
866,97,263,0,1,0
867,37,192,0,1,0
868,648,722,0,1,0
869,669,435,0,1,0
870,693,805,1,0,1
871,340,712,0,1,0
872,8,208,0,1,0
873,871,513,0,1,0
874,647,397,0,1,0
875,903,946,0,1,0
876,940,689,0,1,0
877,206,312,0,1,0
878,902,500,0,1,0
879,642,722,1,0,1
880,345,960,0,1,0
881,475,538,1,0,0
882,5,31,1,0,1
883,865,289,0,1,0
884,7,672,0,1,0
885,518,820,0,1,0
886,490,82,0,1,0
887,353,723,0,1,0
888,619,229,0,1,0
889,174,10,1,0,1
890,613,689,0,1,0
891,471,295,0,1,0
892,967,683,1,0,1
893,4,851,1,0,0
894,516,990,0,1,0
895,93,2,1,0,0
896,900,254,0,1,0
897,793,183,1,1,0
898,299,213,0,1,0
899,72,973,1,0,0
900,458,437,1,0,1
901,587,7,0,1,0
902,277,743,1,0,1
903,647,681,0,1,0
904,991,710,0,1,0
905,663,521,0,1,0
906,9,112,1,0,0
907,264,774,1,0,1
908,245,565,0,1,0
909,72,990,1,0,0
910,990,389,1,0,1
911,210,261,0,1,0
912,601,694,0,1,0
913,594,733,0,1,0
914,568,231,0,1,0
915,599,333,0,1,0
916,759,8,0,1,0
917,367,875,1,0,1
918,6,403,1,0,0
919,573,441,0,1,0
920,614,695,0,1,0
921,318,833,1,0,1
922,637,745,0,1,0
923,652,488,1,0,1
924,517,154,0,1,0
925,413,860,0,1,0
926,4,660,0,1,0
927,217,10,0,1,0
928,731,550,0,1,0
929,832,506,1,0,1
930,418,10,1,0,0
931,911,610,0,1,0
932,208,37,0,1,0
933,541,534,1,1,0
934,960,910,0,1,0
935,166,119,1,0,1
936,778,6,0,1,0
937,644,261,0,1,0
938,416,488,1,0,0
939,363,518,0,1,0
940,372,972,0,1,0
941,131,312,0,1,0
942,713,187,1,0,1
943,748,205,0,1,0
944,959,37,0,1,0
945,214,418,1,0,1
946,531,870,0,1,0
947,683,850,0,1,0
948,7,908,1,0,0
949,7,458,0,1,0
950,392,595,1,0,1
951,219,653,0,1,0
952,428,9,0,1,0
953,498,716,1,0,1
954,583,533,0,1,0
955,180,9,0,1,0
956,334,193,0,1,0
957,367,234,1,0,1
958,419,222,0,1,0
959,800,671,0,1,0
960,617,936,0,1,0
961,185,627,0,1,0
962,731,990,1,0,1
963,255,352,0,1,0
964,61,4,1,0,1
965,369,121,0,1,0
966,546,292,1,0,1
967,0,793,0,1,0
968,301,294,0,0,1
969,63,10,0,1,0
970,0,673,0,1,0
971,499,620,1,0,0
972,565,146,0,1,0
973,805,777,0,1,0
974,0,719,1,0,0
975,373,414,0,1,0
976,840,725,1,0,1
977,302,610,0,1,0
978,439,164,0,1,0
979,268,802,0,1,0
980,694,410,0,1,0
981,617,917,0,1,0
982,459,271,0,1,0
983,433,503,1,0,0
984,199,436,0,1,0
985,438,316,0,1,0
986,590,9,0,1,0
987,721,8,1,0,1
988,522,275,0,1,0
989,88,653,0,1,0
990,112,588,1,0,1
991,722,132,0,1,0
992,256,42,0,1,0
993,5,24,0,1,0
994,146,167,0,1,0
995,724,890,0,1,0
996,691,655,0,1,0
997,4,81,1,0,1
998,701,649,0,1,0
999,686,550,0,1,0
