Index,x,y,alive,infected,immune
0,793,319,0,1,0
1,25,630,1,0,1
2,945,229,0,0,1
3,536,848,1,0,1
4,869,729,0,1,0
5,446,130,0,1,0
6,457,66,0,1,0
7,0,559,0,1,0
8,299,778,1,0,1
9,874,596,0,1,0
10,421,133,0,1,0
11,668,178,0,1,0
12,536,968,0,1,0
13,73,296,0,1,0
14,846,285,0,1,0
15,82,795,0,1,0
16,529,314,1,0,1
17,789,590,0,1,0
18,982,200,0,1,0
19,611,855,0,1,0
20,961,605,0,1,0
21,339,382,0,1,0
22,464,792,0,1,0
23,260,68,1,0,1
24,220,402,0,1,0
25,0,153,0,1,0
26,795,9,0,1,0
27,676,462,0,1,0
28,128,135,0,1,0
29,509,897,0,1,0
30,705,730,0,1,0
31,561,3,0,1,0
32,762,865,1,0,1
33,952,376,1,0,1
34,231,895,0,1,0
35,281,8,0,1,0
36,629,3,1,0,1
37,907,723,0,1,0
38,39,557,0,1,0
39,432,740,0,1,0
40,170,49,0,1,0
41,683,496,1,0,1
42,508,153,1,0,1
43,135,414,0,1,0
44,423,285,0,1,0
45,184,141,0,1,0
46,549,880,1,0,1
47,742,601,0,1,0
48,715,322,0,1,0
49,405,149,0,1,0
50,500,918,0,1,0
51,893,702,0,1,0
52,100,408,0,1,0
53,139,375,0,1,0
54,267,866,0,1,0
55,574,339,0,0,1
56,712,188,0,1,0
57,536,254,0,1,0
58,159,392,0,1,0
59,990,407,0,1,0
60,238,548,0,1,0
61,594,0,0,1,0
62,352,946,0,1,0
63,174,454,0,1,0
64,5,962,0,1,0
65,3,349,1,0,1
66,68,830,0,1,0
67,792,802,0,1,0
68,621,727,0,1,0
69,697,940,0,1,0
70,594,796,0,1,0
71,750,30,0,1,0
72,578,841,0,1,0
73,604,738,0,1,0
74,335,1,0,1,0
75,990,163,1,0,1
76,156,348,0,1,0
77,425,255,1,0,1
78,347,710,1,0,1
79,909,98,0,1,0
80,108,518,0,1,0
81,828,828,0,1,0
82,193,170,0,1,0
83,232,912,0,1,0
84,356,546,0,1,0
85,209,359,0,1,0
86,373,695,1,0,1
87,846,631,0,1,0
88,543,169,0,1,0
89,633,930,0,1,0
90,310,203,0,1,0
91,228,500,0,1,0
92,266,451,0,1,0
93,491,909,0,1,0
94,673,447,0,1,0
95,209,958,0,1,0
96,729,951,0,1,0
97,609,501,0,1,0
98,92,50,0,1,0
99,661,157,0,1,0
100,211,275,1,1,0
101,823,410,1,0,0
102,683,870,1,0,1
103,7,33,0,0,1
104,657,489,1,0,1
105,563,584,1,0,0
106,883,242,1,0,0
107,617,222,0,1,0
108,890,419,0,1,0
109,814,595,1,1,0
110,331,848,1,0,0
111,0,776,0,1,0
112,750,470,1,1,0
113,866,357,0,1,0
114,577,348,0,1,0
115,890,531,0,1,0
116,127,982,1,0,0
117,681,839,0,1,0
118,413,0,1,0,0
119,174,757,1,0,0
120,679,514,1,0,1
121,872,497,0,1,0
122,0,481,1,0,0
123,669,112,1,0,0
124,288,332,1,0,0
125,851,634,1,0,1
126,808,3,0,1,0
127,647,786,1,0,0
128,213,740,1,0,0
129,531,5,0,1,0
130,427,800,1,0,0
131,8,180,1,0,0
132,930,258,0,1,0
133,46,261,0,1,0
134,651,588,0,1,0
135,332,406,1,1,0
136,215,261,1,1,0
137,573,593,1,0,0
138,683,734,1,1,0
139,598,154,1,0,1
140,4,421,0,1,0
141,612,680,1,0,0
142,506,365,1,0,0
143,779,99,0,1,0
144,389,684,1,0,0
145,197,42,0,1,0
146,526,541,1,0,0
147,429,655,1,0,0
148,708,359,0,1,0
149,291,177,0,1,0
150,102,208,1,0,1
151,661,398,0,1,0
152,378,419,1,1,0
153,347,365,0,1,0
154,1,901,1,0,0
155,102,152,0,1,0
156,575,560,1,0,0
157,168,277,0,1,0
158,365,708,1,0,0
159,854,597,0,1,0
160,796,720,0,1,0
161,142,553,1,1,0
162,738,772,1,0,0
163,625,177,0,1,0
164,74,544,0,1,0
165,541,832,0,1,0
166,889,260,1,0,0
167,275,212,0,1,0
168,238,6,1,0,0
169,862,931,1,0,0
170,525,694,1,0,0
171,926,534,0,1,0
172,135,237,1,0,0
173,7,926,1,0,0
174,83,884,1,0,0
175,40,73,1,0,0
176,606,388,0,1,0
177,384,441,0,1,0
178,375,634,1,1,0
179,709,7,1,1,0
180,538,101,1,1,0
181,979,594,0,1,0
182,423,909,1,1,0
183,795,249,1,0,0
184,294,309,1,0,0
185,545,71,1,0,0
186,803,370,1,0,1
187,677,471,0,1,0
188,432,954,1,0,0
189,851,102,1,0,0
190,969,544,1,0,0
191,944,979,1,0,0
192,948,240,0,1,0
193,483,247,0,1,0
194,979,544,0,1,0
195,509,284,0,1,0
196,2,676,1,0,1
197,970,933,1,0,0
198,777,900,1,1,0
199,810,607,0,1,0
200,536,592,1,0,0
201,160,772,1,0,0
202,290,851,0,1,0
203,947,2,1,0,0
204,23,748,1,0,0
205,671,933,0,1,0
206,225,319,1,0,0
207,771,307,0,1,0
208,259,593,1,0,0
209,765,117,1,1,0
210,233,990,1,0,0
211,738,772,1,0,0
212,103,605,0,1,0
213,605,794,0,1,0
214,990,506,1,0,0
215,536,767,1,0,0
216,294,59,0,1,0
217,351,247,0,1,0
218,619,428,0,1,0
219,309,10,1,0,0
220,4,785,1,1,0
221,768,150,0,1,0
222,1,550,1,1,0
223,354,164,0,1,0
224,290,445,0,1,0
225,646,649,1,0,0
226,379,559,1,0,0
227,513,679,1,0,0
228,943,724,0,1,0
229,427,350,1,0,0
230,244,187,0,1,0
231,945,154,1,0,0
232,818,151,1,0,0
233,255,747,1,0,0
234,376,633,0,1,0
235,642,502,0,1,0
236,337,879,1,0,0
237,308,1,1,0,0
238,510,389,1,0,0
239,232,911,0,1,0
240,255,93,0,0,1
241,279,867,0,1,0
242,330,237,0,1,0
243,203,317,1,0,1
244,255,884,0,1,0
245,847,601,1,0,1
246,717,127,1,1,0
247,544,848,0,1,0
248,321,0,0,1,0
249,683,822,0,1,0
250,857,590,0,1,0
251,879,693,1,0,1
252,711,690,0,1,0
253,610,56,1,0,0
254,155,254,1,0,0
255,107,481,0,1,0
256,643,389,1,0,0
257,729,594,0,1,0
258,557,569,1,0,0
259,766,828,1,1,0
260,836,494,0,1,0
261,497,544,1,0,0
262,1,515,0,1,0
263,948,643,0,1,0
264,98,611,0,1,0
265,189,354,0,1,0
266,96,876,1,0,0
267,287,67,1,1,0
268,755,144,0,1,0
269,892,1,1,0,0
270,821,682,1,1,0
271,739,227,1,0,0
272,858,960,1,0,1
273,525,715,1,0,0
274,153,448,1,0,1
275,175,923,0,1,0
276,449,57,0,0,1
277,613,668,1,0,0
278,511,518,1,0,0
279,384,7,1,0,0
280,230,272,1,1,0
281,162,723,1,0,0
282,505,683,1,0,0
283,964,881,1,0,0
284,794,714,1,1,0
285,821,4,1,0,0
286,879,948,1,0,1
287,2,39,0,1,0
288,0,695,1,0,0
289,211,723,1,0,0
290,532,359,0,1,0
291,895,125,1,1,0
292,47,846,1,0,0
293,7,244,1,0,0
294,37,863,1,0,0
295,232,664,1,0,0
296,205,713,1,0,0
297,378,156,0,1,0
298,722,731,0,1,0
299,98,299,1,1,0
300,454,741,1,0,1
301,676,579,1,1,0
302,109,167,0,0,1
303,1,498,0,1,0
304,585,258,0,1,0
305,942,5,1,0,0
306,737,130,0,1,0
307,599,267,1,0,1
308,838,10,1,0,0
309,492,307,1,0,1
310,906,326,0,1,0
311,729,464,0,1,0
312,208,760,1,1,0
313,352,7,1,0,0
314,7,244,1,0,0
315,876,706,0,1,0
316,1,790,0,1,0
317,759,749,0,0,1
318,563,698,1,0,0
319,61,990,1,0,0
320,654,846,1,0,0
321,804,626,1,0,1
322,824,727,0,1,0
323,775,621,1,0,1
324,0,503,0,1,0
325,620,816,0,1,0
326,351,92,1,0,0
327,849,481,1,0,0
328,136,474,1,1,0
329,157,480,0,1,0
330,675,802,1,0,0
331,1,150,0,1,0
332,717,925,0,1,0
333,230,911,0,1,0
334,263,433,0,1,0
335,815,713,0,1,0
336,820,290,0,1,0
337,447,98,0,1,0
338,758,8,0,1,0
339,2,707,1,0,0
340,888,625,0,1,0
341,797,694,1,1,0
342,481,656,1,0,0
343,557,5,0,1,0
344,960,963,1,0,0
345,478,568,1,0,0
346,223,281,1,1,0
347,327,490,0,1,0
348,293,437,0,1,0
349,795,167,1,0,0
350,95,796,1,1,0
351,537,283,1,0,1
352,423,866,1,1,0
353,815,742,1,1,0
354,917,899,0,1,0
355,71,748,1,1,0
356,123,697,1,0,0
357,90,427,0,1,0
358,543,617,1,0,0
359,612,936,0,1,0
360,335,407,0,1,0
361,0,816,1,0,0
362,713,1,0,1,0
363,676,354,1,1,0
364,843,897,0,1,0
365,825,851,0,1,0
366,335,125,0,1,0
367,423,681,1,0,0
368,216,418,0,1,0
369,149,481,1,0,1
370,662,883,0,1,0
371,3,886,1,0,0
372,714,555,1,0,1
373,354,942,0,1,0
374,860,842,0,1,0
375,483,156,0,1,0
376,173,797,1,0,0
377,483,831,0,1,0
378,483,651,1,0,0
379,120,786,1,0,0
380,767,361,0,1,0
381,828,683,1,0,1
382,746,388,0,1,0
383,462,10,1,0,0
384,849,166,1,0,0
385,438,1,1,1,0
386,882,749,0,1,0
387,290,136,1,0,0
388,751,5,0,1,0
389,384,155,1,0,1
390,4,21,0,1,0
391,85,908,1,0,0
392,176,105,0,1,0
393,250,844,0,1,0
394,751,534,0,1,0
395,257,1,1,0,0
396,81,485,1,0,0
397,947,826,1,0,0
398,198,153,0,1,0
399,679,65,1,0,0
400,521,415,1,0,0
401,724,579,0,0,1
402,289,467,1,1,0
403,309,63,0,1,0
404,260,602,1,0,0
405,885,169,1,0,0
406,786,468,1,1,0
407,319,498,0,1,0
408,9,755,1,0,0
409,602,112,1,0,0
410,268,679,1,0,1
411,447,10,1,1,0
412,509,329,1,0,0
413,736,852,0,1,0
414,255,793,0,1,0
415,495,198,1,1,0
416,124,550,0,1,0
417,508,916,0,1,0
418,308,844,0,1,0
419,383,321,0,1,0
420,721,470,1,1,0
421,852,759,0,1,0
422,54,692,1,1,0
423,355,74,1,1,0
424,123,326,0,1,0
425,157,357,0,1,0
426,49,803,0,1,0
427,357,607,1,0,0
428,980,7,1,0,0
429,582,974,0,1,0
430,339,109,1,0,0
431,602,697,1,1,0
432,898,283,1,0,0
433,860,471,1,0,0
434,384,780,1,0,0
435,827,386,1,0,0
436,488,10,1,0,0
437,833,630,0,1,0
438,505,587,1,0,0
439,868,209,1,0,0
440,278,62,0,1,0
441,764,540,1,0,1
442,438,504,1,0,0
443,230,320,1,0,0
444,191,214,1,0,0
445,257,443,1,1,0
446,809,686,0,1,0
447,427,934,0,1,0
448,703,102,1,0,0
449,99,252,1,0,0
450,914,320,1,1,0
451,306,989,0,1,0
452,962,107,1,1,0
453,192,731,1,0,0
454,559,681,1,0,0
455,604,289,0,1,0
456,990,900,1,0,0
457,628,347,0,1,0
458,340,770,0,1,0
459,10,840,1,0,0
460,978,4,1,0,0
461,390,453,1,0,0
462,607,560,1,0,1
463,828,439,1,0,0
464,571,842,0,1,0
465,825,544,0,1,0
466,306,158,1,0,0
467,487,416,1,0,0
468,27,5,1,0,1
469,676,373,0,1,0
470,689,2,0,1,0
471,26,535,0,1,0
472,854,1,1,0,0
473,7,564,1,1,0
474,257,103,0,0,1
475,336,4,1,0,1
476,353,378,1,0,0
477,491,501,1,0,0
478,368,882,1,0,1
479,818,242,1,0,0
480,852,422,1,0,0
481,303,250,1,1,0
482,239,863,1,0,1
483,490,899,0,1,0
484,936,724,0,1,0
485,646,613,0,1,0
486,319,442,0,1,0
487,103,650,1,1,0
488,348,798,1,0,0
489,582,344,1,0,1
490,912,841,1,0,1
491,387,304,0,1,0
492,990,15,1,0,0
493,784,90,1,1,0
494,577,261,0,1,0
495,142,615,0,1,0
496,97,96,1,0,0
497,620,471,0,1,0
498,153,739,1,0,0
499,940,236,1,0,1
500,338,220,1,1,0
501,120,954,1,0,0
502,567,9,0,1,0
503,754,3,0,1,0
504,255,330,1,0,0
505,653,483,1,0,1
506,738,732,1,1,0
507,609,345,0,1,0
508,419,86,0,1,0
509,97,625,0,1,0
510,553,6,1,0,1
511,872,538,0,1,0
512,908,212,1,0,0
513,103,705,1,0,0
514,632,175,0,1,0
515,143,97,0,1,0
516,835,422,1,0,0
517,604,126,0,1,0
518,614,265,0,1,0
519,421,122,0,1,0
520,781,635,0,1,0
521,880,127,1,0,0
522,314,602,1,1,0
523,470,699,1,0,0
524,836,874,0,1,0
525,568,393,1,0,0
526,3,37,0,1,0
527,422,399,1,0,0
528,754,8,0,1,0
529,337,546,1,0,1
530,928,604,1,0,1
531,465,732,1,0,0
532,125,888,0,1,0
533,109,175,0,1,0
534,838,467,1,0,0
535,232,878,0,1,0
536,841,658,0,1,0
537,387,575,1,0,0
538,433,103,1,1,0
539,562,352,1,1,0
540,501,662,1,0,0
541,568,664,1,0,0
542,673,488,1,1,0
543,975,51,1,0,0
544,339,271,1,0,0
545,64,977,1,0,0
546,123,395,0,1,0
547,442,442,1,0,0
548,68,739,1,0,0
549,605,544,0,1,0
550,800,408,0,1,0
551,228,965,1,0,0
552,894,315,1,0,1
553,388,824,1,0,0
554,458,722,1,0,0
555,172,872,0,1,0
556,345,652,0,1,0
557,311,972,0,1,0
558,823,596,1,0,1
559,746,492,0,1,0
560,738,649,1,0,0
561,658,713,0,1,0
562,863,623,0,1,0
563,383,924,0,1,0
564,0,142,1,0,1
565,231,716,1,0,0
566,212,114,0,1,0
567,259,347,1,0,0
568,748,114,0,1,0
569,170,950,1,0,0
570,798,623,1,0,1
571,283,637,1,0,0
572,550,285,0,1,0
573,247,626,1,1,0
574,897,456,1,0,0
575,513,178,0,1,0
576,108,879,1,0,0
577,336,841,1,0,0
578,185,174,1,1,0
579,733,131,0,1,0
580,203,795,1,0,0
581,6,370,1,0,0
582,368,336,1,0,0
583,519,919,0,1,0
584,265,187,1,1,0
585,170,568,1,0,0
586,812,289,1,0,0
587,801,0,0,1,0
588,198,505,1,0,0
589,563,731,1,0,0
590,545,359,0,1,0
591,798,390,1,0,0
592,817,875,0,1,0
593,270,693,0,1,0
594,760,598,0,1,0
595,539,899,1,0,1
596,306,845,0,1,0
597,746,524,1,1,0
598,151,254,1,0,0
599,120,450,0,1,0
600,907,254,0,1,0
601,762,780,0,1,0
602,739,518,0,1,0
603,2,429,0,1,0
604,572,87,0,1,0
605,371,419,0,1,0
606,811,9,1,1,0
607,141,323,0,1,0
608,569,641,1,0,0
609,294,340,1,0,0
610,773,881,1,0,0
611,403,236,1,0,0
612,259,873,0,1,0
613,75,517,0,1,0
614,639,784,1,1,0
615,507,9,0,1,0
616,947,770,1,0,0
617,710,594,0,1,0
618,469,230,0,1,0
619,675,230,0,1,0
620,949,101,0,1,0
621,498,352,1,0,0
622,539,8,0,1,0
623,171,310,1,1,0
624,722,357,1,1,0
625,285,513,1,0,0
626,3,20,0,1,0
627,140,308,0,1,0
628,833,9,1,0,0
629,664,740,0,1,0
630,736,497,0,1,0
631,910,987,1,0,0
632,978,814,1,0,0
633,210,301,0,1,0
634,887,273,1,1,0
635,474,919,0,1,0
636,791,865,0,1,0
637,143,429,0,1,0
638,365,514,1,0,0
639,625,346,1,0,1
640,127,777,1,0,0
641,979,587,0,1,0
642,2,967,0,1,0
643,880,593,0,1,0
644,429,276,0,1,0
645,81,197,0,1,0
646,554,258,1,0,0
647,5,644,0,1,0
648,64,323,0,1,0
649,689,442,0,1,0
650,954,990,1,0,0
651,819,321,0,1,0
652,215,420,1,1,0
653,219,8,1,0,0
654,7,824,1,0,0
655,508,3,0,1,0
656,448,412,1,0,0
657,602,206,0,1,0
658,289,735,0,1,0
659,200,47,1,1,0
660,318,96,1,0,1
661,346,635,1,1,0
662,351,57,1,0,0
663,738,429,0,1,0
664,101,700,1,0,0
665,227,558,1,1,0
666,120,412,0,1,0
667,620,149,1,0,0
668,884,627,0,1,0
669,921,6,1,0,0
670,173,294,0,1,0
671,782,707,1,0,0
672,895,694,0,1,0
673,810,298,1,0,1
674,685,257,0,1,0
675,610,566,1,0,0
676,822,808,1,0,0
677,913,884,1,1,0
678,449,400,1,0,0
679,7,147,0,1,0
680,553,499,1,0,0
681,489,9,1,0,0
682,208,669,1,0,0
683,69,606,0,1,0
684,204,84,0,1,0
685,360,130,1,0,1
686,915,89,0,1,0
687,815,502,1,0,1
688,585,785,0,1,0
689,796,706,1,1,0
690,608,610,1,0,0
691,280,727,0,1,0
692,782,784,0,1,0
693,538,877,0,1,0
694,764,300,1,0,0
695,610,444,0,1,0
696,824,395,1,0,1
697,579,370,0,1,0
698,210,463,1,1,0
699,171,735,1,0,0
700,711,321,1,0,0
701,55,933,1,0,0
702,552,398,1,0,0
703,397,5,1,0,0
704,339,896,0,1,0
705,9,645,0,1,0
706,538,937,1,0,1
707,494,709,1,0,0
708,837,270,0,1,0
709,536,10,1,1,0
710,655,193,0,1,0
711,430,593,1,0,0
712,6,579,1,0,0
713,884,879,0,1,0
714,871,426,1,0,0
715,582,9,0,1,0
716,81,769,1,0,0
717,793,709,1,0,0
718,368,417,1,1,0
719,618,904,0,1,0
720,364,434,1,1,0
721,809,113,1,0,0
722,936,153,1,0,0
723,891,904,0,1,0
724,73,814,0,1,0
725,549,190,1,1,0
726,365,427,0,1,0
727,0,951,1,0,0
728,432,757,1,1,0
729,7,523,0,1,0
730,162,240,1,0,0
731,109,709,1,0,0
732,534,857,1,0,1
733,384,182,1,0,1
734,3,268,1,0,0
735,245,545,0,1,0
736,533,498,1,0,0
737,199,3,1,0,0
738,54,847,1,0,0
739,143,702,1,0,0
740,64,150,0,1,0
741,937,4,1,0,0
742,716,860,0,1,0
743,305,662,0,1,0
744,890,585,0,1,0
745,410,834,1,0,1
746,150,313,1,1,0
747,2,520,1,0,1
748,466,627,1,0,0
749,919,142,1,0,0
750,990,874,1,0,0
751,887,69,1,0,0
752,310,454,1,0,1
753,0,945,1,0,0
754,560,234,0,1,0
755,498,501,1,0,0
756,883,495,0,1,0
757,871,803,0,1,0
758,503,801,1,1,0
759,2,160,1,0,1
760,610,208,0,1,0
761,540,930,0,1,0
762,645,583,0,1,0
763,869,462,1,0,0
764,334,4,0,1,0
765,442,738,1,1,0
766,736,447,0,1,0
767,194,682,1,0,0
768,946,4,1,0,0
769,351,10,1,0,0
770,353,154,1,0,1
771,315,502,0,1,0
772,850,719,0,1,0
773,865,599,0,1,0
774,861,535,0,1,0
775,593,728,0,1,0
776,873,357,1,1,0
777,202,80,0,1,0
778,937,665,1,0,0
779,118,9,1,0,0
780,215,797,0,1,0
781,677,543,0,1,0
782,365,96,1,1,0
783,189,286,1,0,0
784,316,942,1,1,0
785,763,83,1,1,0
786,889,53,1,0,0
787,586,831,0,1,0
788,10,911,1,0,0
789,70,951,1,0,0
790,548,112,0,1,0
791,205,619,0,1,0
792,7,983,1,0,0
793,17,705,0,1,0
794,253,613,0,1,0
795,955,695,1,0,1
796,450,655,1,0,0
797,917,328,1,1,0
798,866,565,0,1,0
799,851,423,1,0,0
800,496,495,1,0,0
801,260,204,1,0,0
802,377,299,0,1,0
803,261,157,0,1,0
804,501,4,0,1,0
805,768,262,1,0,0
806,936,404,0,1,0
807,416,120,1,0,1
808,790,592,0,1,0
809,968,227,0,1,0
810,830,651,0,1,0
811,652,435,0,1,0
812,888,606,0,1,0
813,214,624,1,0,0
814,823,10,1,0,0
815,529,390,1,0,0
816,530,181,0,1,0
817,389,812,1,0,0
818,690,536,1,0,1
819,866,910,0,1,0
820,132,703,1,0,0
821,531,77,0,1,0
822,313,629,0,1,0
823,943,893,1,1,0
824,81,694,1,0,0
825,569,771,1,0,0
826,399,0,1,0,0
827,610,889,0,1,0
828,591,922,0,1,0
829,762,479,0,1,0
830,561,704,1,0,0
831,575,597,1,0,0
832,229,398,0,1,0
833,161,1,0,1,0
834,10,194,1,0,0
835,769,463,0,1,0
836,456,270,1,0,1
837,922,773,1,0,0
838,85,378,1,0,1
839,912,950,1,0,0
840,229,546,0,1,0
841,367,687,1,0,0
842,290,983,0,1,0
843,514,588,1,0,0
844,152,375,1,0,1
845,687,188,0,1,0
846,447,282,0,1,0
847,231,710,1,0,0
848,863,784,0,1,0
849,916,839,1,1,0
850,593,3,0,1,0
851,375,585,1,0,0
852,248,835,1,0,1
853,119,677,0,1,0
854,458,214,0,1,0
855,261,429,0,1,0
856,422,860,0,1,0
857,292,750,1,0,0
858,403,418,1,0,0
859,958,104,0,1,0
860,405,916,0,1,0
861,780,898,0,1,0
862,9,280,1,0,0
863,749,55,1,0,0
864,183,342,0,1,0
865,235,532,1,0,1
866,97,222,1,0,0
867,65,198,0,1,0
868,725,687,0,1,0
869,596,410,0,1,0
870,661,857,1,1,0
871,312,733,0,1,0
872,132,269,1,0,0
873,910,412,1,1,0
874,720,374,0,1,0
875,953,943,1,0,0
876,913,715,0,1,0
877,256,310,1,0,0
878,936,539,1,1,0
879,567,726,1,0,0
880,349,941,0,1,0
881,502,489,1,0,0
882,7,31,1,0,1
883,837,319,0,1,0
884,1,672,0,1,0
885,543,836,0,1,0
886,499,185,0,1,0
887,353,724,0,1,0
888,561,213,0,1,0
889,136,31,1,1,0
890,600,707,0,1,0
891,450,299,0,1,0
892,941,699,1,0,1
893,37,835,1,0,0
894,495,983,1,0,0
895,93,3,1,0,0
896,875,292,1,0,0
897,736,222,1,0,0
898,346,217,0,1,0
899,102,944,1,0,0
900,498,366,1,0,0
901,587,7,0,1,0
902,310,733,1,1,0
903,680,677,1,0,0
904,923,688,0,1,0
905,662,533,0,1,0
906,6,112,1,0,0
907,247,788,1,1,0
908,156,597,0,1,0
909,114,961,1,0,0
910,990,389,1,0,1
911,221,224,0,1,0
912,596,710,0,1,0
913,634,691,0,1,0
914,556,174,0,1,0
915,609,414,0,1,0
916,799,961,0,1,0
917,409,885,1,1,0
918,5,403,1,0,0
919,519,384,1,0,0
920,594,623,1,0,0
921,344,880,1,0,1
922,568,802,0,1,0
923,672,414,1,0,1
924,581,151,1,0,0
925,413,846,0,1,0
926,955,609,0,1,0
927,217,10,1,0,0
928,651,507,0,1,0
929,871,507,1,1,0
930,417,30,1,0,0
931,928,630,0,1,0
932,175,86,0,1,0
933,522,569,1,0,0
934,948,902,1,1,0
935,181,87,1,0,1
936,778,0,0,1,0
937,672,322,1,0,0
938,475,498,1,0,0
939,434,488,1,0,0
940,402,866,0,1,0
941,99,339,0,1,0
942,688,179,1,0,1
943,679,163,0,1,0
944,887,31,1,0,0
945,176,393,1,1,0
946,517,863,0,1,0
947,628,853,0,1,0
948,2,908,1,0,0
949,909,514,0,1,0
950,358,613,1,1,0
951,241,574,0,1,0
952,428,0,0,1,0
953,523,628,1,0,0
954,595,522,0,1,0
955,190,30,1,0,0
956,313,213,0,1,0
957,418,218,1,0,0
958,449,263,0,1,0
959,780,667,0,1,0
960,648,922,0,1,0
961,230,669,0,1,0
962,731,990,1,0,1
963,256,392,0,1,0
964,61,6,1,0,0
965,354,143,1,1,0
966,537,184,1,1,0
967,4,793,0,1,0
968,228,268,1,1,0
969,136,33,0,1,0
970,5,673,0,1,0
971,442,549,1,0,0
972,503,196,0,1,0
973,744,805,0,1,0
974,3,719,1,0,0
975,397,466,1,0,0
976,797,680,1,0,1
977,336,644,0,1,0
978,544,170,0,1,0
979,250,796,0,1,0
980,750,371,0,1,0
981,597,890,1,1,0
982,476,235,0,1,0
983,453,454,1,0,0
984,256,413,0,1,0
985,432,278,0,1,0
986,620,932,0,1,0
987,721,9,1,1,0
988,507,311,0,1,0
989,138,660,1,1,0
990,75,578,1,0,1
991,631,156,0,1,0
992,239,85,0,1,0
993,5,24,0,1,0
994,192,196,0,1,0
995,705,922,0,1,0
996,600,621,1,0,0
997,94,153,1,0,1
998,712,589,0,1,0
999,706,561,0,1,0
