Index,x,y,alive,infected,immune
0,788,311,0,1,0
1,14,677,1,0,1
2,944,211,0,0,1
3,546,884,1,0,1
4,912,758,0,1,0
5,392,99,0,1,0
6,489,101,0,1,0
7,6,559,0,1,0
8,324,795,1,0,1
9,842,585,0,1,0
10,470,164,0,1,0
11,627,140,0,1,0
12,515,3,0,1,0
13,71,320,0,1,0
14,903,268,0,1,0
15,93,731,0,1,0
16,510,311,1,0,1
17,754,727,0,1,0
18,963,150,0,1,0
19,641,822,0,1,0
20,915,564,0,1,0
21,319,340,0,1,0
22,401,812,0,1,0
23,244,113,1,0,1
24,197,386,0,1,0
25,7,153,0,1,0
26,795,3,0,1,0
27,695,411,0,1,0
28,101,158,0,1,0
29,498,889,0,1,0
30,707,690,0,1,0
31,561,4,0,1,0
32,765,872,1,0,1
33,947,291,1,0,1
34,265,861,0,1,0
35,281,1,0,1,0
36,629,1,1,0,1
37,932,648,0,1,0
38,8,585,0,1,0
39,390,770,0,1,0
40,176,45,0,1,0
41,640,557,1,0,1
42,493,165,1,0,1
43,120,430,0,1,0
44,473,286,0,1,0
45,213,125,0,1,0
46,570,916,1,0,1
47,779,570,0,1,0
48,736,347,0,1,0
49,493,148,0,1,0
50,530,905,0,1,0
51,830,730,0,1,0
52,127,385,0,1,0
53,125,369,0,1,0
54,299,799,0,1,0
55,557,287,0,0,1
56,701,177,0,1,0
57,549,253,0,1,0
58,155,379,0,1,0
59,990,407,0,1,0
60,199,624,0,1,0
61,594,6,0,1,0
62,394,957,0,1,0
63,110,433,0,1,0
64,2,962,0,1,0
65,8,349,1,0,1
66,19,830,0,1,0
67,794,825,0,1,0
68,652,777,0,1,0
69,712,915,0,1,0
70,609,802,0,1,0
71,747,10,0,1,0
72,558,761,0,1,0
73,601,751,0,1,0
74,335,0,0,1,0
75,990,163,1,0,1
76,122,348,0,1,0
77,433,238,1,0,1
78,357,764,1,0,1
79,940,69,0,1,0
80,133,520,0,1,0
81,788,892,0,1,0
82,141,138,0,1,0
83,286,945,0,1,0
84,372,523,0,1,0
85,204,332,0,1,0
86,382,657,1,0,1
87,848,601,0,1,0
88,576,112,0,1,0
89,621,944,0,1,0
90,226,190,0,1,0
91,199,500,0,1,0
92,264,501,0,1,0
93,542,927,0,1,0
94,638,394,0,1,0
95,216,916,0,1,0
96,773,913,0,1,0
97,521,545,0,1,0
98,126,59,0,1,0
99,707,169,0,1,0
100,231,266,0,1,0
101,736,384,1,0,1
102,696,897,1,0,1
103,4,33,0,0,1
104,658,454,1,0,1
105,569,566,1,0,0
106,886,258,0,1,0
107,621,178,0,1,0
108,893,392,0,1,0
109,810,584,0,0,1
110,354,888,1,0,1
111,6,776,0,1,0
112,778,450,0,1,0
113,860,378,0,1,0
114,552,294,0,1,0
115,873,550,0,1,0
116,76,936,1,0,0
117,694,850,0,1,0
118,413,1,1,0,0
119,203,718,1,1,0
120,689,506,1,0,1
121,878,515,0,1,0
122,5,481,1,0,0
123,644,69,1,0,0
124,276,415,0,1,0
125,854,590,1,0,1
126,808,8,0,1,0
127,663,754,0,1,0
128,218,748,1,0,1
129,531,1,0,1,0
130,448,885,0,1,0
131,2,180,1,0,0
132,933,263,0,1,0
133,0,274,0,1,0
134,667,622,0,1,0
135,298,464,0,1,0
136,195,199,0,1,0
137,546,516,1,0,0
138,598,717,1,0,1
139,622,170,1,0,1
140,3,421,0,1,0
141,628,636,1,0,1
142,550,383,0,1,0
143,817,162,0,1,0
144,383,609,0,1,0
145,162,71,0,1,0
146,506,616,1,0,0
147,488,679,1,1,0
148,775,318,0,1,0
149,279,195,0,1,0
150,138,205,1,0,1
151,670,397,0,1,0
152,383,459,1,0,1
153,310,359,0,1,0
154,8,901,1,0,0
155,39,129,0,1,0
156,576,559,1,0,0
157,212,281,0,1,0
158,397,726,1,0,0
159,860,625,0,1,0
160,789,731,0,1,0
161,133,574,0,1,0
162,812,814,0,1,0
163,668,223,0,1,0
164,61,548,0,1,0
165,565,864,0,1,0
166,837,311,0,1,0
167,256,206,0,1,0
168,238,3,0,1,0
169,883,1,1,0,0
170,540,672,1,0,1
171,970,512,0,1,0
172,113,289,1,0,0
173,8,926,1,0,0
174,173,897,0,1,0
175,61,40,1,0,0
176,585,404,0,1,0
177,403,421,0,1,0
178,383,644,0,1,0
179,709,7,0,1,0
180,529,99,0,1,0
181,962,603,0,1,0
182,441,892,0,1,0
183,725,283,1,0,0
184,323,301,1,0,0
185,528,61,1,0,0
186,868,324,1,0,1
187,702,449,0,1,0
188,394,990,0,1,0
189,871,42,1,0,0
190,968,512,0,1,0
191,950,6,0,1,0
192,934,202,0,1,0
193,474,221,0,1,0
194,5,537,0,1,0
195,520,298,0,1,0
196,4,676,1,0,1
197,966,990,0,1,0
198,736,954,0,1,0
199,783,549,0,1,0
200,516,623,1,0,0
201,202,835,1,0,0
202,200,876,0,1,0
203,947,3,0,1,0
204,58,753,1,0,0
205,656,895,0,1,0
206,187,270,1,0,1
207,775,354,0,1,0
208,260,623,0,1,0
209,771,69,1,0,1
210,233,990,1,0,0
211,718,776,0,1,0
212,51,564,0,1,0
213,600,822,0,1,0
214,990,506,1,0,0
215,531,755,1,0,0
216,297,75,0,1,0
217,422,271,0,1,0
218,630,432,0,1,0
219,309,10,1,0,1
220,4,785,0,0,1
221,747,203,0,1,0
222,4,550,0,1,0
223,403,138,0,1,0
224,316,412,0,1,0
225,659,698,0,1,0
226,334,565,1,0,1
227,499,643,1,0,0
228,935,718,0,1,0
229,476,306,1,1,0
230,285,130,0,1,0
231,949,159,1,1,0
232,804,132,0,1,0
233,239,755,0,1,0
234,444,627,0,1,0
235,654,476,0,1,0
236,341,872,0,1,0
237,308,9,0,1,0
238,521,447,1,0,0
239,257,887,0,1,0
240,226,112,0,0,1
241,281,928,0,1,0
242,287,268,0,1,0
243,174,367,1,0,1
244,247,854,0,1,0
245,824,595,1,0,1
246,768,187,1,0,1
247,535,863,0,1,0
248,321,3,0,1,0
249,687,781,0,1,0
250,862,589,0,1,0
251,911,663,1,0,1
252,711,655,0,1,0
253,663,48,1,0,0
254,162,248,1,0,0
255,102,475,0,1,0
256,633,397,1,1,0
257,742,612,0,1,0
258,566,622,1,0,0
259,778,844,1,0,1
260,820,452,0,1,0
261,576,486,0,1,0
262,8,515,0,1,0
263,893,629,0,1,0
264,83,609,0,1,0
265,197,382,0,1,0
266,59,939,1,0,0
267,263,17,0,0,1
268,741,124,0,1,0
269,892,3,1,0,0
270,853,677,1,0,1
271,741,270,1,0,0
272,882,964,1,0,1
273,490,678,0,1,0
274,136,376,1,0,1
275,112,1,0,1,0
276,530,123,0,0,1
277,682,632,1,0,1
278,500,516,1,0,0
279,384,2,1,0,0
280,259,236,0,1,0
281,210,703,0,1,0
282,463,630,1,1,0
283,990,904,1,0,0
284,835,778,0,1,0
285,821,1,0,1,0
286,874,955,1,0,1
287,7,39,0,1,0
288,2,695,0,1,0
289,138,710,0,1,0
290,580,375,0,1,0
291,834,117,1,0,1
292,55,857,1,0,0
293,2,244,0,1,0
294,36,845,1,1,0
295,243,631,0,1,0
296,245,706,0,1,0
297,338,141,0,1,0
298,668,721,0,1,0
299,113,252,1,0,1
300,438,724,1,0,1
301,736,569,1,0,1
302,154,146,0,0,1
303,3,498,0,1,0
304,564,269,0,1,0
305,942,0,0,1,0
306,727,102,0,1,0
307,597,293,1,0,1
308,838,10,1,0,0
309,448,243,1,0,1
310,854,326,0,1,0
311,748,498,0,1,0
312,213,765,0,1,0
313,352,0,1,0,0
314,7,244,0,1,0
315,853,754,0,1,0
316,8,790,0,1,0
317,779,746,0,0,1
318,603,793,0,1,0
319,61,990,1,0,0
320,726,837,0,1,0
321,784,573,1,0,1
322,775,770,0,1,0
323,836,659,1,0,1
324,1,503,0,1,0
325,576,866,0,1,0
326,314,54,0,1,0
327,809,474,0,1,0
328,127,500,0,1,0
329,114,435,0,1,0
330,621,799,0,1,0
331,0,150,0,1,0
332,713,950,0,1,0
333,190,915,0,1,0
334,193,412,0,1,0
335,789,650,0,1,0
336,865,316,0,1,0
337,408,106,0,1,0
338,758,1,0,1,0
339,7,707,1,0,0
340,918,656,0,1,0
341,841,648,0,1,0
342,528,675,1,1,0
343,557,8,0,1,0
344,973,942,1,0,0
345,477,588,1,0,0
346,173,260,1,0,1
347,307,460,0,1,0
348,286,486,0,1,0
349,807,116,0,1,0
350,77,843,1,0,1
351,486,276,1,0,1
352,331,881,0,1,0
353,846,809,0,1,0
354,893,920,0,1,0
355,9,791,1,0,1
356,134,697,0,1,0
357,112,411,0,1,0
358,563,589,1,0,0
359,657,920,0,1,0
360,358,335,0,1,0
361,1,816,0,1,0
362,713,1,0,1,0
363,634,329,1,0,1
364,868,895,0,1,0
365,808,851,0,1,0
366,357,172,0,1,0
367,450,631,0,1,0
368,231,373,0,1,0
369,156,461,1,0,1
370,679,889,0,1,0
371,1,886,1,0,0
372,775,635,1,0,1
373,375,964,0,1,0
374,874,921,0,1,0
375,519,149,0,1,0
376,224,799,0,1,0
377,495,862,0,1,0
378,532,632,1,0,0
379,89,804,1,0,0
380,817,422,0,1,0
381,833,635,1,0,1
382,693,418,0,1,0
383,462,10,1,0,0
384,838,163,1,0,0
385,438,0,1,0,1
386,883,773,0,1,0
387,311,107,1,0,0
388,751,7,0,1,0
389,398,133,1,0,1
390,8,21,0,1,0
391,78,888,1,0,0
392,196,29,0,1,0
393,272,835,0,1,0
394,738,547,0,1,0
395,257,3,1,0,0
396,77,487,0,1,0
397,6,827,0,1,0
398,226,170,0,1,0
399,689,141,1,0,0
400,543,429,1,0,0
401,735,506,0,0,1
402,356,492,0,1,0
403,318,76,0,1,0
404,152,560,0,1,0
405,918,160,1,0,0
406,724,454,0,1,0
407,337,514,0,1,0
408,7,755,1,0,0
409,599,87,0,1,0
410,317,599,1,0,1
411,447,10,1,0,1
412,550,307,0,1,0
413,769,788,0,1,0
414,229,823,0,1,0
415,486,231,1,0,1
416,159,532,0,1,0
417,581,915,0,1,0
418,328,850,0,1,0
419,411,254,0,1,0
420,735,530,0,1,0
421,871,764,0,1,0
422,42,714,1,0,1
423,274,82,1,0,1
424,170,375,0,1,0
425,130,388,0,1,0
426,75,774,0,1,0
427,312,563,1,0,1
428,980,5,1,0,0
429,569,971,0,1,0
430,361,152,0,1,0
431,558,726,0,1,0
432,884,269,0,1,0
433,824,471,1,0,1
434,407,805,1,0,0
435,835,403,0,1,0
436,488,10,1,0,0
437,786,616,0,1,0
438,540,643,1,0,0
439,870,190,1,0,0
440,295,54,0,1,0
441,750,592,1,0,1
442,431,458,1,0,0
443,240,263,0,1,0
444,119,225,0,0,1
445,302,459,0,1,0
446,792,682,0,1,0
447,387,937,0,1,0
448,664,85,1,0,0
449,97,276,1,0,0
450,915,302,0,1,0
451,301,7,0,1,0
452,936,129,1,0,1
453,220,648,1,1,0
454,617,618,0,1,0
455,604,222,0,1,0
456,990,900,1,0,0
457,644,370,0,1,0
458,341,825,0,1,0
459,10,840,1,0,0
460,978,0,1,0,0
461,426,382,1,0,1
462,607,548,1,0,1
463,829,562,1,0,1
464,563,817,0,1,0
465,850,493,0,1,0
466,237,183,1,0,1
467,473,454,1,0,0
468,27,3,1,0,1
469,725,375,0,1,0
470,689,8,0,1,0
471,3,530,0,1,0
472,854,4,1,0,0
473,4,564,1,0,1
474,296,87,0,0,1
475,336,3,1,0,1
476,327,360,0,1,0
477,538,494,1,0,0
478,383,855,1,0,1
479,779,236,1,0,0
480,828,425,0,1,0
481,257,271,1,0,1
482,256,788,1,0,1
483,556,957,0,1,0
484,904,755,0,1,0
485,623,630,0,1,0
486,327,489,0,1,0
487,127,542,0,0,1
488,359,800,1,0,0
489,597,396,1,0,1
490,874,794,1,0,1
491,395,321,0,1,0
492,990,15,1,0,0
493,744,89,0,1,0
494,519,225,0,1,0
495,87,568,0,1,0
496,135,167,0,1,0
497,653,428,0,1,0
498,163,776,1,1,0
499,925,217,1,0,1
500,315,227,1,0,1
501,102,924,1,0,0
502,567,9,0,1,0
503,754,9,0,1,0
504,210,329,0,1,0
505,648,476,1,0,1
506,682,668,1,0,1
507,617,378,0,1,0
508,345,113,0,1,0
509,121,638,0,1,0
510,553,8,1,0,1
511,890,518,0,1,0
512,891,203,1,0,0
513,66,663,1,0,1
514,664,189,0,1,0
515,172,102,0,1,0
516,846,379,0,1,0
517,608,191,0,1,0
518,658,226,0,1,0
519,368,110,0,1,0
520,733,691,0,1,0
521,906,86,0,1,0
522,307,576,1,0,1
523,520,724,1,0,0
524,825,856,0,1,0
525,607,404,1,0,1
526,9,37,0,1,0
527,416,407,1,0,1
528,754,2,0,1,0
529,303,533,1,0,1
530,904,523,1,0,1
531,493,721,1,0,0
532,118,899,0,1,0
533,39,219,0,1,0
534,848,401,0,1,0
535,244,892,0,1,0
536,877,679,0,1,0
537,383,549,0,1,0
538,448,135,0,1,0
539,576,376,1,0,1
540,473,707,0,1,0
541,507,721,0,1,0
542,686,458,0,1,0
543,4,46,0,1,0
544,315,291,1,0,0
545,52,1,1,0,0
546,109,401,0,1,0
547,437,442,0,1,0
548,109,765,1,1,0
549,613,559,0,1,0
550,781,374,0,1,0
551,255,925,0,1,0
552,926,292,1,0,1
553,373,804,1,1,0
554,520,754,1,0,0
555,166,837,0,1,0
556,352,582,0,1,0
557,299,0,0,1,0
558,858,570,1,0,1
559,700,515,0,1,0
560,779,636,0,1,0
561,682,749,0,1,0
562,874,613,0,1,0
563,435,990,0,1,0
564,7,142,1,0,1
565,208,727,0,1,0
566,184,115,0,1,0
567,238,360,0,1,0
568,733,126,0,1,0
569,210,6,0,1,0
570,796,648,1,0,1
571,249,618,0,1,0
572,574,313,0,1,0
573,222,526,1,0,1
574,882,497,0,1,0
575,520,197,0,1,0
576,50,901,1,0,0
577,329,824,1,0,1
578,189,148,0,1,0
579,731,98,0,1,0
580,197,762,0,1,0
581,0,370,1,0,0
582,378,343,0,1,0
583,507,964,0,1,0
584,319,251,1,0,1
585,110,546,0,1,0
586,803,339,0,1,0
587,801,8,0,1,0
588,244,576,0,1,0
589,562,788,0,1,0
590,443,325,0,1,0
591,808,383,1,0,1
592,808,828,0,1,0
593,256,712,0,1,0
594,798,604,0,1,0
595,579,883,1,0,1
596,315,840,0,1,0
597,742,581,0,1,0
598,146,332,0,1,0
599,89,386,0,1,0
600,935,254,0,1,0
601,723,798,0,1,0
602,732,447,0,1,0
603,0,429,0,1,0
604,506,87,0,1,0
605,359,407,0,1,0
606,811,6,1,0,1
607,119,338,0,1,0
608,545,655,1,0,0
609,345,415,0,1,0
610,750,941,0,1,0
611,427,272,0,1,0
612,316,872,0,1,0
613,51,528,0,1,0
614,589,741,1,0,1
615,507,2,0,1,0
616,942,793,1,0,0
617,723,593,0,1,0
618,435,224,0,1,0
619,682,214,0,1,0
620,5,76,0,1,0
621,528,336,0,1,0
622,539,7,0,1,0
623,140,352,0,1,0
624,689,360,1,0,1
625,248,469,0,1,0
626,5,20,0,1,0
627,164,366,0,1,0
628,833,4,1,0,0
629,643,646,0,1,0
630,735,515,0,1,0
631,888,941,0,1,0
632,990,792,1,0,0
633,182,267,0,1,0
634,884,284,0,1,0
635,533,857,0,1,0
636,778,837,0,1,0
637,181,460,0,1,0
638,368,543,1,0,0
639,659,360,1,0,1
640,174,734,0,1,0
641,4,586,0,1,0
642,1,967,0,1,0
643,914,582,0,1,0
644,504,269,0,1,0
645,50,192,0,1,0
646,603,187,0,1,0
647,4,644,0,1,0
648,68,264,0,1,0
649,709,401,0,1,0
650,954,990,0,1,0
651,805,338,0,1,0
652,256,416,0,1,0
653,219,1,1,1,0
654,2,824,0,1,0
655,508,8,0,1,0
656,402,383,0,1,0
657,660,211,0,1,0
658,284,725,0,1,0
659,263,51,1,0,1
660,285,110,1,0,1
661,339,603,1,0,1
662,346,143,1,1,0
663,709,391,0,1,0
664,121,602,0,1,0
665,257,526,0,1,0
666,131,392,0,1,0
667,576,115,0,1,0
668,913,635,0,1,0
669,921,9,1,0,0
670,259,379,0,1,0
671,814,679,0,1,0
672,888,665,0,1,0
673,763,323,1,0,1
674,722,304,0,1,0
675,668,590,0,1,0
676,830,859,0,1,0
677,868,904,0,1,0
678,499,376,1,0,0
679,7,147,0,1,0
680,577,486,1,1,0
681,489,9,1,0,0
682,179,739,1,0,0
683,0,604,0,1,0
684,207,45,0,1,0
685,404,198,1,0,1
686,872,81,0,1,0
687,797,579,1,0,1
688,549,787,0,1,0
689,814,743,1,0,1
690,589,571,0,1,0
691,239,715,0,1,0
692,800,732,0,1,0
693,448,876,0,1,0
694,667,264,1,0,0
695,691,397,0,1,0
696,823,410,1,0,1
697,559,354,0,1,0
698,219,448,1,0,1
699,135,676,0,1,0
700,737,317,1,0,1
701,70,957,1,0,0
702,519,417,0,1,0
703,397,2,1,0,0
704,288,860,0,1,0
705,5,645,0,1,0
706,550,3,1,0,1
707,495,694,0,1,0
708,862,287,0,1,0
709,536,10,0,1,0
710,668,148,0,1,0
711,401,594,1,1,0
712,7,579,0,1,0
713,880,827,0,1,0
714,895,426,0,1,0
715,582,8,0,1,0
716,108,866,0,1,0
717,780,717,1,0,1
718,406,361,1,0,1
719,641,903,0,1,0
720,446,420,0,1,0
721,837,106,0,1,0
722,974,169,0,1,0
723,920,880,0,1,0
724,115,842,0,1,0
725,567,214,0,1,0
726,294,471,0,1,0
727,1,951,1,0,0
728,493,856,0,0,1
729,5,523,0,1,0
730,228,220,0,1,0
731,147,711,0,1,0
732,516,792,1,0,1
733,457,154,1,0,1
734,0,268,0,1,0
735,155,576,0,1,0
736,557,457,1,0,0
737,199,1,1,0,0
738,31,826,0,1,0
739,134,708,0,1,0
740,100,119,0,1,0
741,937,5,0,1,0
742,692,823,0,1,0
743,345,625,0,1,0
744,833,611,0,1,0
745,459,850,1,0,1
746,175,309,1,0,1
747,3,520,1,0,1
748,468,668,0,1,0
749,948,110,0,1,0
750,990,874,1,0,0
751,933,118,0,1,0
752,296,515,1,0,1
753,0,945,1,0,0
754,519,258,0,1,0
755,523,532,1,0,0
756,855,508,0,1,0
757,872,830,0,1,0
758,497,800,0,1,0
759,4,160,1,0,1
760,597,201,0,1,0
761,587,939,0,1,0
762,633,524,0,1,0
763,791,518,0,1,0
764,334,7,0,1,0
765,394,713,1,0,1
766,707,445,0,1,0
767,255,741,1,0,1
768,946,4,0,1,0
769,351,10,1,0,0
770,419,189,1,0,1
771,325,486,0,1,0
772,882,683,0,1,0
773,888,606,0,1,0
774,861,569,0,1,0
775,578,721,0,1,0
776,827,395,1,0,1
777,125,73,0,1,0
778,877,644,0,1,0
779,118,7,1,1,0
780,245,803,0,1,0
781,626,573,0,1,0
782,370,156,0,1,0
783,176,234,1,0,1
784,228,5,1,0,1
785,718,113,1,0,1
786,847,159,1,0,1
787,623,868,0,1,0
788,10,911,1,0,0
789,101,926,1,0,0
790,527,110,0,1,0
791,191,652,0,1,0
792,7,983,1,0,0
793,6,688,0,1,0
794,216,583,0,1,0
795,929,718,1,0,1
796,430,711,1,0,0
797,971,225,0,1,0
798,930,534,0,1,0
799,881,470,0,1,0
800,468,465,1,0,0
801,255,184,0,1,0
802,369,298,0,1,0
803,233,153,0,1,0
804,501,9,0,1,0
805,799,249,1,0,0
806,865,387,0,1,0
807,393,111,1,0,1
808,814,615,0,1,0
809,8,242,0,1,0
810,860,641,0,1,0
811,676,406,0,1,0
812,894,648,0,1,0
813,159,620,1,0,1
814,823,10,0,1,0
815,522,350,0,1,0
816,549,150,0,1,0
817,394,872,0,1,0
818,696,509,1,0,1
819,784,928,0,1,0
820,151,690,0,1,0
821,542,81,0,1,0
822,252,639,0,1,0
823,990,839,0,1,0
824,32,678,1,0,0
825,526,818,0,1,0
826,399,3,1,0,0
827,665,882,0,1,0
828,586,947,0,1,0
829,750,480,0,1,0
830,596,684,0,1,0
831,591,598,0,1,0
832,236,436,0,1,0
833,161,8,0,1,0
834,10,194,1,0,0
835,793,519,0,1,0
836,461,328,1,0,1
837,895,787,0,1,0
838,45,403,1,0,1
839,963,1,1,1,0
840,253,553,0,1,0
841,396,700,0,1,0
842,267,970,0,1,0
843,535,602,1,0,0
844,135,390,1,0,1
845,682,160,0,1,0
846,445,255,0,1,0
847,197,635,0,1,0
848,869,817,0,1,0
849,990,856,0,1,0
850,593,4,0,1,0
851,416,586,0,1,0
852,316,777,1,0,1
853,185,649,0,1,0
854,454,183,0,1,0
855,175,389,0,1,0
856,439,901,0,1,0
857,295,764,1,0,0
858,391,422,0,0,1
859,935,141,0,1,0
860,372,848,0,1,0
861,749,946,0,1,0
862,7,280,0,1,0
863,780,52,1,0,0
864,200,351,0,1,0
865,239,584,1,0,1
866,103,254,0,1,0
867,55,199,0,1,0
868,670,690,0,1,0
869,698,403,0,1,0
870,688,814,1,0,1
871,377,707,0,1,0
872,54,188,0,1,0
873,908,519,0,1,0
874,662,331,0,1,0
875,905,948,0,1,0
876,957,712,0,1,0
877,243,283,0,1,0
878,921,533,0,1,0
879,611,741,1,0,1
880,368,972,0,1,0
881,472,548,1,0,0
882,4,31,1,0,1
883,855,286,0,1,0
884,7,672,0,1,0
885,564,859,0,1,0
886,500,126,0,1,0
887,383,729,0,1,0
888,565,215,0,1,0
889,174,10,1,0,1
890,589,661,0,1,0
891,467,275,0,1,0
892,957,671,1,0,1
893,9,851,1,0,0
894,516,990,0,1,0
895,93,6,1,0,0
896,880,270,0,1,0
897,772,204,1,0,0
898,308,202,0,1,0
899,65,962,1,0,0
900,444,390,1,0,1
901,587,8,0,1,0
902,272,764,1,0,1
903,637,687,0,1,0
904,968,707,0,1,0
905,635,504,0,1,0
906,6,112,1,0,0
907,259,775,1,0,1
908,205,573,0,1,0
909,72,990,1,0,0
910,990,389,1,0,1
911,195,271,0,1,0
912,591,665,0,1,0
913,597,728,0,1,0
914,559,218,0,1,0
915,605,353,0,1,0
916,759,6,0,1,0
917,385,879,1,0,1
918,1,403,1,0,0
919,585,416,0,1,0
920,583,706,0,1,0
921,303,846,1,0,1
922,623,757,0,1,0
923,655,476,1,0,1
924,524,133,0,1,0
925,429,836,0,1,0
926,971,647,0,1,0
927,217,10,0,1,0
928,700,522,0,1,0
929,806,490,1,0,1
930,418,10,1,0,0
931,926,644,0,1,0
932,174,71,0,1,0
933,495,562,1,0,0
934,950,948,0,1,0
935,163,114,1,0,1
936,778,8,0,1,0
937,639,291,0,1,0
938,422,455,1,0,0
939,359,495,1,0,0
940,347,940,0,1,0
941,124,309,0,1,0
942,699,179,1,0,1
943,719,180,0,1,0
944,944,11,1,0,0
945,178,394,1,0,1
946,522,881,0,1,0
947,636,836,0,1,0
948,6,908,1,0,0
949,973,461,0,1,0
950,413,568,1,0,1
951,231,598,0,1,0
952,428,9,0,1,0
953,494,678,1,1,0
954,611,527,0,1,0
955,180,0,0,1,0
956,337,163,0,1,0
957,400,244,1,1,0
958,403,258,0,1,0
959,790,675,0,1,0
960,586,950,0,1,0
961,226,585,0,1,0
962,731,990,1,0,1
963,253,347,0,1,0
964,61,2,1,0,0
965,366,128,0,1,0
966,510,253,1,0,1
967,1,793,0,1,0
968,292,301,0,0,1
969,63,10,0,1,0
970,6,673,0,1,0
971,489,629,1,0,0
972,551,155,0,1,0
973,779,773,0,1,0
974,1,719,1,0,0
975,335,412,0,1,0
976,820,683,1,0,1
977,306,616,0,1,0
978,482,158,0,1,0
979,235,773,0,1,0
980,721,387,0,1,0
981,628,866,0,1,0
982,459,238,0,1,0
983,438,484,1,0,0
984,203,462,0,1,0
985,441,324,0,1,0
986,589,974,0,1,0
987,721,2,1,0,1
988,524,283,0,1,0
989,117,640,0,1,0
990,103,587,1,0,1
991,717,139,0,1,0
992,231,59,0,1,0
993,3,24,0,1,0
994,155,177,0,1,0
995,730,893,0,1,0
996,647,640,0,1,0
997,54,97,1,0,1
998,688,624,0,1,0
999,682,535,0,1,0
