Index,x,y,alive,infected,immune
0,780,326,0,1,0
1,30,646,1,0,1
2,948,235,0,0,1
3,514,853,1,0,1
4,897,729,0,1,0
5,444,142,0,1,0
6,446,40,0,1,0
7,962,553,0,1,0
8,285,766,1,0,1
9,870,606,0,1,0
10,401,125,0,1,0
11,667,155,0,1,0
12,556,946,0,1,0
13,84,294,0,1,0
14,864,304,0,1,0
15,83,799,0,1,0
16,519,325,1,0,1
17,778,634,0,1,0
18,962,205,0,1,0
19,594,851,0,1,0
20,963,620,0,1,0
21,331,372,0,1,0
22,463,787,0,1,0
23,252,72,1,0,1
24,198,404,0,1,0
25,3,153,0,1,0
26,795,6,0,1,0
27,693,478,0,1,0
28,118,127,0,1,0
29,529,917,0,1,0
30,683,727,0,1,0
31,561,8,0,1,0
32,782,877,1,0,1
33,946,374,1,0,1
34,247,887,0,1,0
35,281,7,0,1,0
36,629,7,1,0,1
37,897,719,0,1,0
38,58,561,0,1,0
39,418,761,0,1,0
40,180,55,0,1,0
41,692,510,1,0,1
42,481,175,1,0,1
43,119,422,0,1,0
44,428,294,0,1,0
45,176,127,0,1,0
46,525,900,1,0,1
47,753,574,0,1,0
48,711,323,0,1,0
49,415,160,0,1,0
50,502,923,0,1,0
51,908,740,0,1,0
52,121,414,0,1,0
53,121,374,0,1,0
54,281,882,0,1,0
55,564,324,0,0,1
56,718,185,0,1,0
57,559,264,0,1,0
58,166,390,0,1,0
59,990,407,0,1,0
60,235,550,0,1,0
61,594,6,0,1,0
62,368,972,0,1,0
63,153,477,0,1,0
64,1,962,0,1,0
65,985,355,1,0,1
66,82,809,0,1,0
67,777,837,0,1,0
68,612,744,0,1,0
69,679,933,0,1,0
70,589,804,0,1,0
71,757,15,0,1,0
72,595,812,0,1,0
73,611,742,0,1,0
74,335,8,0,1,0
75,990,163,1,0,1
76,137,353,0,1,0
77,429,247,1,0,1
78,348,735,1,0,1
79,903,100,0,1,0
80,108,505,0,1,0
81,790,836,0,1,0
82,197,157,0,1,0
83,201,904,0,1,0
84,366,535,0,1,0
85,194,389,0,1,0
86,383,708,1,0,1
87,838,586,0,1,0
88,555,166,0,1,0
89,623,934,0,1,0
90,308,179,0,1,0
91,230,504,0,1,0
92,263,436,0,1,0
93,471,892,0,1,0
94,654,447,0,1,0
95,179,957,0,1,0
96,716,922,0,1,0
97,620,513,0,1,0
98,77,39,0,1,0
99,649,162,0,1,0
100,224,310,1,1,0
101,800,398,1,0,0
102,687,865,1,1,0
103,4,33,0,0,1
104,667,493,1,1,0
105,559,586,1,0,0
106,880,237,1,0,0
107,629,212,0,1,0
108,876,396,1,1,0
109,795,616,1,1,0
110,349,852,1,0,0
111,0,776,1,1,0
112,745,464,1,1,0
113,871,337,0,1,0
114,572,333,0,1,0
115,872,550,0,1,0
116,98,981,1,0,0
117,725,857,0,1,0
118,413,8,1,0,0
119,147,750,1,0,0
120,672,499,1,1,0
121,866,490,0,1,0
122,989,484,1,0,0
123,693,100,1,0,0
124,305,351,1,0,0
125,835,622,1,0,1
126,808,4,1,1,0
127,656,773,1,0,0
128,231,728,1,0,0
129,531,1,0,1,0
130,397,773,1,0,0
131,5,180,1,0,0
132,922,258,0,1,0
133,78,252,0,1,0
134,674,571,0,1,0
135,301,458,1,1,0
136,204,218,1,1,0
137,555,608,1,0,0
138,670,701,1,1,0
139,603,153,1,0,1
140,7,421,0,1,0
141,602,701,1,0,0
142,496,353,1,0,0
143,770,99,0,1,0
144,402,688,1,0,0
145,183,66,0,1,0
146,540,526,1,0,0
147,429,652,1,0,0
148,681,365,0,1,0
149,301,179,0,1,0
150,84,185,1,0,1
151,643,384,1,0,0
152,380,413,1,0,0
153,378,351,1,1,0
154,5,901,1,0,0
155,103,157,0,1,0
156,572,534,1,0,0
157,139,305,1,1,0
158,379,707,1,0,0
159,852,607,0,1,0
160,805,717,0,1,0
161,135,566,1,0,0
162,723,774,1,0,0
163,621,177,1,1,0
164,71,553,0,1,0
165,549,821,0,1,0
166,891,266,1,0,0
167,313,201,0,1,0
168,238,6,1,0,0
169,876,934,1,0,0
170,513,706,1,0,0
171,933,529,0,1,0
172,158,233,1,0,0
173,3,926,1,0,0
174,74,844,1,0,0
175,66,98,1,0,0
176,612,390,0,1,0
177,373,420,1,1,0
178,374,632,1,0,0
179,709,2,1,1,0
180,555,84,1,1,0
181,959,611,0,1,0
182,430,930,1,0,0
183,778,241,1,0,0
184,316,289,1,0,0
185,545,73,1,0,0
186,819,371,1,0,1
187,674,482,0,1,0
188,403,958,1,0,0
189,831,86,1,0,0
190,946,559,1,0,0
191,934,974,1,0,0
192,933,248,0,1,0
193,513,242,0,1,0
194,983,543,0,1,0
195,509,249,0,1,0
196,9,676,1,0,1
197,974,946,1,0,0
198,763,893,1,0,0
199,828,603,0,1,0
200,537,600,1,0,0
201,163,780,1,0,0
202,277,850,0,1,0
203,947,1,1,0,0
204,42,734,1,0,0
205,644,932,0,1,0
206,227,334,1,0,0
207,764,322,1,1,0
208,275,580,1,0,0
209,776,97,1,1,0
210,233,990,1,0,0
211,720,776,1,0,0
212,107,605,0,1,0
213,622,786,0,1,0
214,990,506,1,0,0
215,527,764,1,0,0
216,271,65,0,1,0
217,378,234,1,1,0
218,632,415,0,1,0
219,309,10,1,0,0
220,4,785,1,1,0
221,799,147,0,1,0
222,5,550,1,0,0
223,356,172,0,1,0
224,280,442,0,1,0
225,667,647,1,0,0
226,399,545,1,0,0
227,535,655,1,0,0
228,937,736,0,1,0
229,428,343,1,0,0
230,271,179,1,1,0
231,925,152,1,0,0
232,819,125,1,0,0
233,227,752,1,0,0
234,368,647,0,1,0
235,645,492,0,1,0
236,349,866,1,0,0
237,308,3,1,0,0
238,488,400,1,0,0
239,227,917,0,1,0
240,226,94,0,0,1
241,281,875,0,1,0
242,318,243,0,1,0
243,211,306,1,0,1
244,276,886,0,1,0
245,864,591,1,0,1
246,738,106,1,1,0
247,549,853,0,1,0
248,321,4,0,1,0
249,685,854,0,1,0
250,841,583,0,1,0
251,885,699,1,1,0
252,717,706,0,1,0
253,616,32,1,0,0
254,152,252,1,0,0
255,124,461,0,1,0
256,618,370,1,0,0
257,726,585,0,1,0
258,567,550,1,0,0
259,745,831,1,1,0
260,845,518,0,1,0
261,473,540,1,0,0
262,0,515,0,1,0
263,956,630,0,1,0
264,84,601,0,1,0
265,190,347,1,1,0
266,90,900,1,0,0
267,273,40,1,1,0
268,760,140,0,1,0
269,892,8,1,0,0
270,820,695,1,1,0
271,750,216,1,0,0
272,856,946,1,0,1
273,513,697,1,0,0
274,156,429,1,0,1
275,174,919,0,1,0
276,471,55,0,0,1
277,632,624,1,0,0
278,510,515,1,0,0
279,384,1,1,0,0
280,212,261,1,0,0
281,187,714,1,0,0
282,517,693,1,0,0
283,953,878,1,0,0
284,783,766,1,0,0
285,821,9,1,0,0
286,891,961,1,1,0
287,0,39,0,1,0
288,5,695,1,0,0
289,212,720,1,0,0
290,552,359,1,1,0
291,895,102,1,1,0
292,68,863,1,0,0
293,1,244,1,0,0
294,46,863,1,0,0
295,233,644,1,0,0
296,228,706,1,0,0
297,372,154,0,1,0
298,728,732,0,1,0
299,64,290,1,0,0
300,444,772,1,1,0
301,682,555,1,1,0
302,87,167,0,0,1
303,3,498,0,1,0
304,595,261,0,1,0
305,942,8,1,0,0
306,732,146,0,1,0
307,600,261,1,0,1
308,838,10,1,0,0
309,469,324,1,1,0
310,942,328,1,0,0
311,736,488,1,1,0
312,234,764,1,1,0
313,352,1,1,0,0
314,3,244,1,0,0
315,910,687,0,1,0
316,5,790,1,1,0
317,769,726,0,0,1
318,535,679,1,0,0
319,61,990,1,0,0
320,655,848,1,0,0
321,804,649,1,0,1
322,825,722,0,1,0
323,769,640,1,0,1
324,1,503,0,1,0
325,618,811,0,1,0
326,357,100,1,0,0
327,853,461,1,0,0
328,135,466,1,1,0
329,167,462,1,0,0
330,686,794,1,0,0
331,4,150,0,1,0
332,674,930,0,1,0
333,208,913,0,1,0
334,259,422,1,1,0
335,834,688,0,1,0
336,815,313,1,1,0
337,460,70,0,1,0
338,758,9,0,1,0
339,7,707,1,0,0
340,874,610,0,1,0
341,790,705,1,0,0
342,494,665,1,0,0
343,557,9,0,1,0
344,966,964,1,0,0
345,473,562,1,0,0
346,223,285,1,1,0
347,304,480,0,1,0
348,274,451,0,1,0
349,790,182,1,0,0
350,103,802,1,0,0
351,544,285,1,0,1
352,424,884,1,0,0
353,783,736,1,0,0
354,876,916,1,1,0
355,98,786,1,1,0
356,128,689,1,0,0
357,108,413,0,1,0
358,562,655,1,0,0
359,607,955,0,1,0
360,312,421,0,1,0
361,4,816,1,0,0
362,713,9,0,1,0
363,667,364,1,1,0
364,851,889,1,1,0
365,838,819,0,1,0
366,328,148,0,1,0
367,415,693,1,0,0
368,237,399,1,0,0
369,142,481,1,0,1
370,666,882,0,1,0
371,7,886,1,0,0
372,715,548,1,0,1
373,384,916,0,1,0
374,880,850,0,1,0
375,478,170,0,1,0
376,151,788,1,0,0
377,500,812,0,1,0
378,499,643,1,0,0
379,134,782,1,0,0
380,772,359,0,1,0
381,823,678,1,1,0
382,776,407,0,1,0
383,462,10,1,0,0
384,866,164,1,0,0
385,438,7,1,1,0
386,887,742,0,1,0
387,284,126,1,0,0
388,751,5,0,1,0
389,400,145,1,0,1
390,9,21,0,1,0
391,71,896,1,0,0
392,205,112,0,1,0
393,274,852,0,1,0
394,739,542,0,1,0
395,257,5,1,0,0
396,59,493,1,0,0
397,943,818,1,0,0
398,199,178,0,1,0
399,693,80,1,0,0
400,534,411,1,0,0
401,729,559,0,0,1
402,294,465,1,1,0
403,310,43,1,1,0
404,243,641,1,0,0
405,873,180,1,0,0
406,775,477,1,1,0
407,316,506,0,1,0
408,2,755,1,0,0
409,611,114,1,0,0
410,266,672,1,0,1
411,447,10,1,1,0
412,488,354,1,0,0
413,720,857,0,1,0
414,232,777,1,1,0
415,493,223,1,0,0
416,130,569,0,1,0
417,466,917,0,1,0
418,264,858,0,1,0
419,393,290,1,1,0
420,708,483,1,0,0
421,848,761,0,1,0
422,33,656,1,1,0
423,389,69,1,1,0
424,118,311,0,1,0
425,126,377,0,1,0
426,28,794,0,1,0
427,360,598,1,0,0
428,980,5,1,0,0
429,581,972,0,1,0
430,324,94,1,0,0
431,570,705,1,0,0
432,909,290,1,0,0
433,858,460,1,0,0
434,382,784,1,0,0
435,838,406,1,0,0
436,488,10,1,0,0
437,842,643,0,1,0
438,487,591,1,0,0
439,878,206,1,0,0
440,281,54,0,1,0
441,739,537,1,0,1
442,464,497,1,0,0
443,275,341,1,0,0
444,171,253,1,0,0
445,252,418,1,1,0
446,816,685,0,1,0
447,438,906,0,1,0
448,703,114,1,0,0
449,117,265,1,0,0
450,918,327,1,0,0
451,312,971,0,1,0
452,929,115,1,1,0
453,198,703,1,0,0
454,562,685,1,0,0
455,587,322,1,1,0
456,990,900,1,0,0
457,624,350,0,1,0
458,345,761,0,1,0
459,10,840,1,0,0
460,978,6,1,0,0
461,381,463,1,0,0
462,605,563,1,0,1
463,818,442,1,0,0
464,579,834,0,1,0
465,807,533,0,1,0
466,281,141,1,0,0
467,474,427,1,0,0
468,27,3,1,0,1
469,669,374,0,1,0
470,689,0,0,1,0
471,31,525,0,1,0
472,854,8,1,0,0
473,5,564,1,0,0
474,250,91,1,1,0
475,336,4,1,0,1
476,352,383,1,0,0
477,492,496,1,0,0
478,381,904,1,0,1
479,824,246,1,0,0
480,875,449,1,0,0
481,301,286,1,1,0
482,210,881,1,0,1
483,472,892,0,1,0
484,947,731,0,1,0
485,641,583,0,1,0
486,308,444,0,1,0
487,128,641,1,1,0
488,347,809,1,0,0
489,563,324,1,0,1
490,893,855,1,0,1
491,374,284,0,1,0
492,990,15,1,0,0
493,791,93,1,0,0
494,592,265,0,1,0
495,100,608,0,1,0
496,112,104,1,0,0
497,606,476,0,1,0
498,158,751,1,0,0
499,967,227,1,1,0
500,316,269,1,1,0
501,119,930,1,0,0
502,567,8,0,1,0
503,754,6,0,1,0
504,254,329,1,0,0
505,655,471,1,0,1
506,759,754,1,1,0
507,614,351,0,1,0
508,437,82,0,1,0
509,96,613,1,1,0
510,553,5,1,0,1
511,875,519,0,1,0
512,928,202,1,0,0
513,112,693,1,0,0
514,624,169,0,1,0
515,131,127,0,1,0
516,848,422,1,0,0
517,587,106,0,1,0
518,615,254,0,1,0
519,425,133,0,1,0
520,807,649,0,1,0
521,853,131,1,0,0
522,356,636,1,1,0
523,483,704,1,0,0
524,844,876,0,1,0
525,565,403,1,0,0
526,6,37,0,1,0
527,441,376,1,0,0
528,754,2,0,1,0
529,309,522,1,0,1
530,924,611,1,0,1
531,462,740,1,0,0
532,141,904,1,1,0
533,127,190,0,1,0
534,840,449,1,0,0
535,225,888,0,1,0
536,844,649,0,1,0
537,401,606,1,0,0
538,405,100,1,0,0
539,541,323,1,1,0
540,510,674,1,0,0
541,551,668,1,0,0
542,692,449,1,0,0
543,963,69,1,0,0
544,340,270,1,0,0
545,51,950,1,0,0
546,127,379,0,1,0
547,421,454,1,0,0
548,72,736,1,0,0
549,631,529,0,1,0
550,781,424,0,1,0
551,223,967,1,0,0
552,909,324,1,1,0
553,372,805,1,0,0
554,465,715,1,0,0
555,161,893,1,1,0
556,338,656,1,1,0
557,326,953,0,1,0
558,834,608,1,0,1
559,758,508,0,1,0
560,727,640,1,0,0
561,654,717,1,1,0
562,875,611,0,1,0
563,414,903,0,1,0
564,7,142,1,0,1
565,232,728,1,0,0
566,241,132,1,1,0
567,263,331,1,0,0
568,741,129,1,1,0
569,168,942,1,0,0
570,809,599,1,0,1
571,297,641,1,0,0
572,520,274,0,1,0
573,240,628,1,0,0
574,882,459,1,0,0
575,503,176,0,1,0
576,90,879,1,0,0
577,322,836,1,0,0
578,223,162,1,0,0
579,730,144,0,1,0
580,196,782,1,0,0
581,7,370,1,0,0
582,358,324,1,0,0
583,513,927,0,1,0
584,261,169,1,1,0
585,152,567,1,0,0
586,791,281,1,0,0
587,801,9,1,1,0
588,189,497,1,0,0
589,560,763,1,0,0
590,566,375,1,1,0
591,833,417,1,0,0
592,802,861,0,1,0
593,256,703,1,1,0
594,774,602,0,1,0
595,540,916,1,0,1
596,295,861,0,1,0
597,759,512,1,1,0
598,148,246,1,0,0
599,132,460,0,1,0
600,910,249,1,0,0
601,778,799,0,1,0
602,759,521,0,1,0
603,5,429,0,1,0
604,593,121,0,1,0
605,362,422,1,1,0
606,792,969,1,0,0
607,158,348,0,1,0
608,575,646,1,0,0
609,259,338,1,0,0
610,769,881,1,0,0
611,376,263,1,0,0
612,242,877,0,1,0
613,68,533,0,1,0
614,646,821,1,0,0
615,507,4,0,1,0
616,944,769,1,0,0
617,692,580,0,1,0
618,486,226,0,1,0
619,662,222,0,1,0
620,968,110,0,1,0
621,489,374,1,0,0
622,539,5,0,1,0
623,171,314,1,0,0
624,749,364,1,1,0
625,298,547,1,0,0
626,4,20,0,1,0
627,152,327,1,0,0
628,833,4,1,0,0
629,657,739,0,1,0
630,772,497,1,1,0
631,921,963,1,0,0
632,954,802,1,0,0
633,208,313,0,1,0
634,877,267,1,1,0
635,470,918,0,1,0
636,803,865,0,1,0
637,126,422,0,1,0
638,379,494,1,0,0
639,635,379,1,1,0
640,104,764,1,0,0
641,983,581,0,1,0
642,0,967,0,1,0
643,877,601,0,1,0
644,441,251,0,1,0
645,76,203,0,1,0
646,552,288,1,0,0
647,3,644,0,1,0
648,72,329,0,1,0
649,679,452,0,1,0
650,954,990,1,0,0
651,823,307,1,1,0
652,219,435,1,0,0
653,219,5,1,0,0
654,1,824,1,0,0
655,508,8,0,1,0
656,442,425,1,0,0
657,581,216,0,1,0
658,280,738,0,1,0
659,212,59,1,0,0
660,307,71,1,1,0
661,357,664,1,1,0
662,356,61,1,0,0
663,729,464,0,1,0
664,119,721,1,0,0
665,225,539,1,0,0
666,140,403,0,1,0
667,621,146,1,0,0
668,888,637,0,1,0
669,921,1,1,0,0
670,165,301,0,1,0
671,763,713,1,0,0
672,893,692,0,1,0
673,799,312,1,0,1
674,716,261,0,1,0
675,613,592,1,0,0
676,804,782,1,0,0
677,940,927,1,0,0
678,441,397,1,0,0
679,6,147,0,1,0
680,572,495,1,0,0
681,489,9,1,0,0
682,198,662,1,0,0
683,33,592,0,1,0
684,184,111,0,1,0
685,369,136,1,0,1
686,922,125,0,1,0
687,831,483,1,1,0
688,586,779,0,1,0
689,800,684,1,1,0
690,609,612,1,0,0
691,290,698,0,1,0
692,782,777,0,1,0
693,537,881,0,1,0
694,725,293,1,0,0
695,629,435,0,1,0
696,845,418,1,0,1
697,560,350,0,1,0
698,259,468,1,1,0
699,172,746,1,0,0
700,726,295,1,0,0
701,34,944,1,0,0
702,556,421,1,0,0
703,397,3,1,0,0
704,346,891,0,1,0
705,3,645,1,1,0
706,545,914,1,0,1
707,494,717,1,0,0
708,847,293,0,1,0
709,536,10,1,1,0
710,646,215,0,1,0
711,439,595,1,0,0
712,8,579,1,0,0
713,862,866,0,1,0
714,873,429,1,0,0
715,582,3,0,1,0
716,91,752,1,0,0
717,760,705,1,0,0
718,383,422,1,0,0
719,593,911,0,1,0
720,352,418,1,0,0
721,820,129,1,0,0
722,930,177,1,0,0
723,884,905,0,1,0
724,68,801,0,1,0
725,533,213,1,0,0
726,376,450,1,0,0
727,5,951,1,0,0
728,403,747,1,0,0
729,3,523,0,1,0
730,166,210,1,0,0
731,113,677,1,0,0
732,536,862,1,0,1
733,360,180,1,0,1
734,8,268,1,0,0
735,248,578,1,1,0
736,531,488,1,0,0
737,199,5,1,0,0
738,64,844,1,0,0
739,116,706,1,0,0
740,59,149,0,1,0
741,937,2,1,0,0
742,720,842,0,1,0
743,350,639,1,1,0
744,894,589,0,1,0
745,419,823,1,0,1
746,156,319,1,0,0
747,2,520,1,1,0
748,461,623,1,0,0
749,900,163,1,0,0
750,990,874,1,0,0
751,878,60,1,0,0
752,296,437,1,1,0
753,0,945,1,0,0
754,578,230,0,1,0
755,486,504,1,0,0
756,877,499,0,1,0
757,877,800,0,1,0
758,486,798,1,1,0
759,1,160,1,0,1
760,611,201,0,1,0
761,543,921,0,1,0
762,635,558,0,1,0
763,872,458,1,0,0
764,334,5,0,1,0
765,449,738,1,0,0
766,730,452,1,1,0
767,172,705,1,0,0
768,946,9,1,0,0
769,352,14,1,0,0
770,347,149,1,0,1
771,315,507,0,1,0
772,845,712,1,1,0
773,875,614,0,1,0
774,862,542,0,1,0
775,605,734,0,1,0
776,869,354,1,0,0
777,200,103,0,1,0
778,939,663,1,0,0
779,118,4,1,0,0
780,232,826,0,1,0
781,673,544,0,1,0
782,346,83,1,0,0
783,180,270,1,0,0
784,319,938,1,1,0
785,802,102,1,1,0
786,885,54,1,0,0
787,584,802,0,1,0
788,10,911,1,0,0
789,71,940,1,0,0
790,539,116,0,1,0
791,213,597,0,1,0
792,4,983,1,0,0
793,22,696,0,1,0
794,265,593,0,1,0
795,950,703,1,0,1
796,455,655,1,0,0
797,933,323,1,0,0
798,854,572,0,1,0
799,844,435,1,0,0
800,484,492,1,0,0
801,269,226,1,0,0
802,379,292,0,1,0
803,280,156,0,1,0
804,501,3,0,1,0
805,756,240,1,0,0
806,942,385,0,1,0
807,394,129,1,0,1
808,786,586,1,1,0
809,933,247,1,1,0
810,831,609,0,1,0
811,705,419,1,1,0
812,885,622,0,1,0
813,207,630,1,0,0
814,823,10,1,0,0
815,542,393,1,0,0
816,530,193,1,1,0
817,391,796,1,0,0
818,718,530,1,0,1
819,877,887,0,1,0
820,128,692,1,0,0
821,547,49,0,1,0
822,314,639,0,1,0
823,919,861,1,1,0
824,115,691,1,0,0
825,570,765,1,0,0
826,403,14,1,0,0
827,613,888,0,1,0
828,567,916,0,1,0
829,770,487,0,1,0
830,549,673,1,0,0
831,595,602,1,0,0
832,221,400,0,1,0
833,161,5,1,1,0
834,10,194,1,0,0
835,774,457,0,1,0
836,439,287,1,1,0
837,932,778,1,0,0
838,98,383,1,0,1
839,911,971,1,0,0
840,219,562,0,1,0
841,384,685,1,0,0
842,311,949,0,1,0
843,494,613,1,0,0
844,175,385,1,0,1
845,679,172,0,1,0
846,422,280,0,1,0
847,241,715,1,0,0
848,863,787,0,1,0
849,912,844,1,1,0
850,593,1,1,1,0
851,367,596,1,0,0
852,251,814,1,0,1
853,126,665,0,1,0
854,477,203,0,1,0
855,272,427,0,1,0
856,401,879,0,1,0
857,327,770,1,0,0
858,413,420,1,0,0
859,961,123,0,1,0
860,409,901,0,1,0
861,803,900,0,1,0
862,6,280,1,0,0
863,766,62,1,0,0
864,202,293,1,1,0
865,244,540,1,0,1
866,97,244,1,0,0
867,50,196,0,1,0
868,763,685,1,1,0
869,616,390,1,1,0
870,680,844,1,0,0
871,316,737,0,1,0
872,120,248,1,0,0
873,906,411,1,0,0
874,710,397,0,1,0
875,956,939,1,0,0
876,896,728,0,1,0
877,233,314,1,0,0
878,917,561,1,0,0
879,582,735,1,0,0
880,335,942,0,1,0
881,500,455,1,0,0
882,4,31,1,0,1
883,835,341,0,1,0
884,6,672,0,1,0
885,523,845,0,1,0
886,516,176,1,1,0
887,347,704,0,1,0
888,558,216,1,1,0
889,144,33,1,1,0
890,622,701,0,1,0
891,443,312,0,1,0
892,905,694,1,1,0
893,27,831,1,0,0
894,475,961,1,0,0
895,93,0,1,0,0
896,891,273,1,0,0
897,719,213,1,0,0
898,337,236,0,1,0
899,113,926,1,0,0
900,479,391,1,0,0
901,587,2,0,1,0
902,327,725,1,1,0
903,674,669,1,0,0
904,892,694,1,1,0
905,675,526,0,1,0
906,3,112,1,0,0
907,248,781,1,0,0
908,137,596,0,1,0
909,128,968,1,0,0
910,990,389,1,0,1
911,223,218,0,1,0
912,595,692,0,1,0
913,648,714,0,1,0
914,541,188,0,1,0
915,608,396,0,1,0
916,814,963,0,1,0
917,363,888,1,1,0
918,4,403,1,0,0
919,522,386,1,0,0
920,606,612,1,0,0
921,344,893,1,0,1
922,573,829,0,1,0
923,669,410,1,1,0
924,608,150,1,0,0
925,422,830,0,1,0
926,951,609,0,1,0
927,217,10,1,0,0
928,677,496,0,1,0
929,859,511,1,1,0
930,419,31,1,0,0
931,917,637,1,1,0
932,184,85,0,1,0
933,537,573,1,0,0
934,952,900,1,0,0
935,166,97,1,1,0
936,778,1,1,1,0
937,688,328,1,0,0
938,491,492,1,0,0
939,427,505,1,0,0
940,400,859,0,1,0
941,115,340,0,1,0
942,668,184,1,0,1
943,649,160,0,1,0
944,871,30,1,0,0
945,197,410,1,1,0
946,532,875,0,1,0
947,598,848,0,1,0
948,0,908,1,0,0
949,912,505,0,1,0
950,334,624,1,0,0
951,209,601,1,1,0
952,428,6,0,1,0
953,501,658,1,0,0
954,601,507,0,1,0
955,188,32,1,0,0
956,296,231,0,1,0
957,420,235,1,0,0
958,473,309,1,1,0
959,778,663,0,1,0
960,667,949,0,1,0
961,254,666,1,1,0
962,731,990,1,0,1
963,276,386,0,1,0
964,61,0,1,0,0
965,355,127,1,1,0
966,532,189,1,1,0
967,1,793,0,1,0
968,227,289,1,1,0
969,125,60,1,1,0
970,8,673,0,1,0
971,454,561,1,0,0
972,490,203,0,1,0
973,751,798,0,1,0
974,8,719,1,0,0
975,401,441,1,0,0
976,797,685,1,0,1
977,342,640,0,1,0
978,521,147,0,1,0
979,234,796,0,1,0
980,765,367,0,1,0
981,615,900,1,1,0
982,489,237,0,1,0
983,477,445,1,0,0
984,247,427,1,1,0
985,432,270,0,1,0
986,654,941,0,1,0
987,721,1,1,1,0
988,506,323,0,1,0
989,136,656,1,0,0
990,76,572,1,0,1
991,665,120,0,1,0
992,229,80,0,1,0
993,4,24,0,1,0
994,208,208,0,1,0
995,729,911,0,1,0
996,591,636,1,0,0
997,108,168,1,0,1
998,714,599,1,0,0
999,723,550,0,1,0
