Index,x,y,alive,infected,immune
0,788,308,0,1,0
1,25,685,1,0,1
2,957,205,0,0,1
3,540,869,1,0,1
4,918,776,0,1,0
5,426,95,0,1,0
6,473,84,0,1,0
7,2,559,0,1,0
8,303,801,1,0,1
9,857,580,0,1,0
10,447,147,0,1,0
11,640,136,0,1,0
12,518,982,0,1,0
13,71,305,0,1,0
14,881,277,0,1,0
15,79,741,0,1,0
16,505,310,1,0,1
17,766,701,0,1,0
18,962,158,0,1,0
19,625,821,0,1,0
20,928,572,0,1,0
21,306,363,0,1,0
22,396,823,0,1,0
23,247,105,1,0,1
24,206,405,0,1,0
25,8,153,0,1,0
26,795,5,0,1,0
27,698,419,0,1,0
28,85,139,0,1,0
29,495,916,0,1,0
30,719,698,0,1,0
31,561,6,0,1,0
32,758,897,1,0,1
33,949,293,1,0,1
34,268,847,0,1,0
35,281,8,0,1,0
36,629,1,1,0,1
37,935,659,0,1,0
38,7,585,0,1,0
39,406,751,0,1,0
40,169,57,0,1,0
41,644,546,1,0,1
42,498,158,1,0,1
43,132,412,0,1,0
44,461,276,0,1,0
45,190,108,0,1,0
46,573,909,1,0,1
47,789,576,0,1,0
48,742,341,0,1,0
49,475,154,0,1,0
50,502,893,0,1,0
51,852,713,0,1,0
52,109,388,0,1,0
53,130,356,0,1,0
54,294,802,0,1,0
55,550,290,0,0,1
56,688,174,0,1,0
57,530,264,0,1,0
58,161,381,0,1,0
59,990,407,0,1,0
60,202,591,0,1,0
61,594,1,0,1,0
62,388,955,0,1,0
63,133,406,0,1,0
64,0,962,0,1,0
65,4,349,1,0,1
66,37,840,0,1,0
67,802,832,0,1,0
68,640,762,0,1,0
69,716,919,0,1,0
70,587,815,0,1,0
71,747,10,0,1,0
72,558,761,0,1,0
73,585,761,0,1,0
74,335,4,0,1,0
75,990,163,1,0,1
76,99,336,0,1,0
77,434,250,1,0,1
78,345,763,1,0,1
79,928,79,0,1,0
80,141,507,0,1,0
81,798,869,0,1,0
82,117,135,0,1,0
83,273,929,0,1,0
84,358,541,0,1,0
85,214,334,0,1,0
86,377,650,1,0,1
87,849,608,0,1,0
88,546,134,0,1,0
89,637,932,0,1,0
90,262,192,0,1,0
91,204,488,0,1,0
92,276,495,0,1,0
93,520,911,0,1,0
94,650,414,0,1,0
95,214,915,0,1,0
96,768,920,0,1,0
97,529,532,0,1,0
98,146,40,0,1,0
99,688,164,0,1,0
100,224,263,0,1,0
101,746,382,1,0,1
102,697,905,1,0,1
103,3,33,0,0,1
104,680,451,1,0,1
105,570,595,1,0,0
106,870,255,0,1,0
107,612,196,0,1,0
108,887,410,0,1,0
109,820,609,0,0,1
110,363,887,1,0,1
111,4,776,0,1,0
112,778,442,0,1,0
113,832,381,0,1,0
114,560,291,0,1,0
115,890,532,0,1,0
116,67,955,1,0,0
117,705,835,0,1,0
118,413,4,1,0,0
119,196,755,1,0,0
120,694,500,1,0,1
121,854,533,0,1,0
122,9,481,1,0,0
123,675,72,1,0,0
124,294,412,0,1,0
125,851,597,1,0,1
126,808,3,0,1,0
127,668,748,0,1,0
128,224,731,1,0,1
129,531,8,0,1,0
130,459,868,0,1,0
131,1,180,1,0,0
132,929,239,0,1,0
133,2,274,0,1,0
134,662,608,0,1,0
135,289,453,0,1,0
136,191,196,0,1,0
137,572,534,1,0,0
138,595,717,1,0,1
139,627,151,1,0,1
140,1,421,0,1,0
141,649,655,1,0,1
142,560,383,0,1,0
143,803,150,0,1,0
144,398,619,0,1,0
145,160,76,0,1,0
146,507,591,1,0,0
147,474,672,1,0,0
148,760,334,0,1,0
149,289,195,0,1,0
150,118,197,1,0,1
151,653,411,0,1,0
152,373,451,1,0,1
153,309,349,0,1,0
154,6,901,1,0,0
155,41,121,0,1,0
156,577,568,1,0,0
157,230,278,0,1,0
158,387,710,1,0,0
159,861,608,0,1,0
160,796,738,0,1,0
161,144,557,0,1,0
162,823,808,0,1,0
163,657,203,0,1,0
164,44,556,0,1,0
165,552,865,0,1,0
166,844,330,0,1,0
167,240,218,0,1,0
168,238,7,0,1,0
169,883,5,1,0,0
170,555,691,1,1,0
171,958,502,0,1,0
172,109,283,1,0,0
173,0,926,1,0,0
174,147,902,0,1,0
175,60,63,1,0,0
176,608,402,0,1,0
177,395,419,0,1,0
178,389,639,0,1,0
179,709,3,0,1,0
180,531,83,0,1,0
181,974,571,0,1,0
182,442,882,0,1,0
183,733,253,1,0,0
184,307,285,1,0,0
185,532,47,1,0,0
186,857,336,1,0,1
187,696,460,0,1,0
188,394,990,0,1,0
189,861,54,1,0,0
190,966,509,0,1,0
191,950,0,0,1,0
192,921,249,0,1,0
193,467,213,0,1,0
194,8,537,0,1,0
195,493,315,0,1,0
196,9,676,1,0,1
197,966,990,1,0,0
198,762,937,0,1,0
199,804,556,0,1,0
200,499,604,1,0,0
201,205,817,1,0,0
202,227,868,0,1,0
203,947,5,0,1,0
204,45,748,1,0,0
205,668,931,0,1,0
206,175,287,1,0,1
207,762,321,0,1,0
208,257,616,0,1,0
209,795,63,1,0,1
210,233,990,1,0,0
211,727,786,0,1,0
212,51,567,0,1,0
213,599,807,0,1,0
214,990,506,1,0,0
215,535,722,1,0,0
216,310,71,0,1,0
217,392,288,0,1,0
218,614,416,0,1,0
219,309,10,1,0,1
220,9,785,0,0,1
221,730,178,0,1,0
222,8,550,0,1,0
223,412,146,0,1,0
224,303,449,0,1,0
225,649,673,0,1,0
226,325,571,1,0,1
227,473,650,1,0,0
228,953,708,0,1,0
229,462,317,1,1,0
230,269,148,0,1,0
231,957,178,1,1,0
232,822,141,1,0,0
233,214,773,0,1,0
234,448,634,0,1,0
235,670,482,0,1,0
236,339,865,0,1,0
237,308,0,0,1,0
238,536,425,1,0,0
239,244,902,0,1,0
240,241,97,0,0,1
241,279,923,0,1,0
242,308,253,0,1,0
243,188,364,1,0,1
244,243,859,0,1,0
245,825,611,1,0,1
246,763,176,1,0,1
247,550,852,0,1,0
248,321,2,0,1,0
249,694,779,0,1,0
250,873,583,0,1,0
251,908,658,1,0,1
252,721,650,0,1,0
253,675,66,1,0,0
254,172,248,1,0,0
255,105,481,0,1,0
256,631,405,1,1,0
257,719,593,0,1,0
258,579,595,1,0,0
259,779,833,1,0,1
260,810,468,0,1,0
261,552,485,0,1,0
262,1,515,0,1,0
263,890,626,0,1,0
264,100,612,0,1,0
265,178,379,0,1,0
266,80,931,1,0,0
267,242,40,0,0,1
268,754,131,0,1,0
269,892,0,1,0,0
270,863,677,1,0,1
271,760,268,1,0,0
272,864,960,1,0,1
273,499,675,1,0,0
274,109,405,1,0,1
275,134,977,0,1,0
276,517,126,0,0,1
277,683,629,1,0,1
278,507,490,1,0,0
279,384,9,1,0,0
280,254,242,0,1,0
281,195,701,0,1,0
282,452,633,1,1,0
283,990,904,1,0,0
284,822,758,0,1,0
285,821,3,0,1,0
286,887,972,1,0,1
287,9,39,0,1,0
288,0,695,0,1,0
289,123,733,0,1,0
290,569,378,0,1,0
291,831,117,1,0,1
292,74,872,1,0,0
293,6,244,0,1,0
294,28,857,1,1,0
295,237,652,0,1,0
296,244,709,0,1,0
297,350,121,0,1,0
298,675,725,0,1,0
299,113,273,1,0,1
300,445,724,1,0,1
301,702,560,1,0,1
302,153,146,0,0,1
303,4,498,0,1,0
304,553,270,0,1,0
305,942,2,0,1,0
306,721,126,0,1,0
307,599,284,1,0,1
308,838,10,1,0,0
309,433,262,1,0,1
310,856,343,0,1,0
311,747,479,0,1,0
312,242,752,0,1,0
313,352,8,1,0,0
314,3,244,0,1,0
315,847,742,0,1,0
316,5,790,0,1,0
317,782,757,0,0,1
318,569,773,0,1,0
319,61,990,1,0,0
320,742,864,0,1,0
321,779,587,1,0,1
322,773,759,0,1,0
323,847,673,1,0,1
324,5,503,0,1,0
325,571,878,0,1,0
326,340,54,0,1,0
327,811,467,0,1,0
328,120,486,0,1,0
329,102,448,0,1,0
330,624,796,0,1,0
331,6,150,0,1,0
332,700,937,0,1,0
333,199,930,0,1,0
334,206,404,0,1,0
335,804,663,0,1,0
336,844,296,0,1,0
337,391,98,0,1,0
338,758,3,0,1,0
339,7,707,1,0,0
340,901,652,0,1,0
341,805,673,0,1,0
342,519,672,1,0,0
343,557,2,0,1,0
344,966,949,1,0,0
345,454,594,1,0,0
346,191,271,1,0,1
347,305,472,0,1,0
348,319,448,0,1,0
349,791,134,0,1,0
350,58,818,1,0,1
351,474,286,1,0,1
352,337,884,0,1,0
353,848,805,0,1,0
354,887,943,0,1,0
355,2,791,1,0,1
356,113,696,0,1,0
357,114,423,0,1,0
358,566,592,1,0,0
359,647,917,0,1,0
360,360,340,0,1,0
361,1,816,0,1,0
362,713,4,0,1,0
363,637,321,1,0,1
364,878,891,0,1,0
365,828,853,0,1,0
366,355,182,0,1,0
367,441,639,0,1,0
368,219,386,0,1,0
369,159,465,1,0,1
370,676,895,0,1,0
371,1,886,1,0,0
372,755,640,1,0,1
373,352,965,0,1,0
374,868,940,0,1,0
375,503,157,0,1,0
376,215,776,0,1,0
377,488,846,0,1,0
378,506,635,1,0,0
379,96,797,1,0,0
380,812,408,0,1,0
381,809,653,1,0,1
382,700,408,0,1,0
383,462,10,1,0,0
384,842,156,1,0,0
385,438,1,1,0,1
386,883,766,0,1,0
387,303,93,1,0,0
388,751,2,0,1,0
389,374,115,1,0,1
390,7,21,0,1,0
391,93,893,1,0,0
392,187,60,0,1,0
393,284,835,0,1,0
394,743,539,0,1,0
395,257,1,1,0,0
396,67,495,0,1,0
397,2,827,0,1,0
398,227,176,0,1,0
399,676,124,1,0,0
400,536,430,1,0,0
401,747,527,0,0,1
402,349,483,0,1,0
403,313,73,0,1,0
404,152,563,0,1,0
405,910,181,1,0,0
406,744,483,0,1,0
407,313,497,0,1,0
408,9,755,1,0,0
409,597,91,0,1,0
410,308,621,1,0,1
411,447,10,1,0,1
412,538,300,0,1,0
413,757,801,0,1,0
414,222,846,0,1,0
415,482,233,1,0,1
416,154,557,0,1,0
417,541,902,0,1,0
418,292,854,0,1,0
419,402,242,0,1,0
420,707,544,0,1,0
421,871,753,0,1,0
422,75,714,1,0,1
423,311,90,1,0,1
424,142,350,0,1,0
425,153,404,0,1,0
426,69,786,0,1,0
427,344,554,1,0,1
428,980,2,1,0,0
429,577,952,0,1,0
430,354,133,0,1,0
431,581,698,0,1,0
432,873,295,0,1,0
433,863,475,1,0,1
434,416,807,1,0,0
435,834,405,0,1,0
436,488,10,1,0,0
437,787,603,0,1,0
438,515,620,1,0,0
439,854,184,1,0,0
440,291,47,0,1,0
441,729,566,1,0,1
442,422,469,1,0,0
443,227,259,0,1,0
444,106,209,0,0,1
445,273,457,0,1,0
446,801,696,0,1,0
447,393,934,0,1,0
448,657,80,1,0,0
449,94,263,1,0,0
450,907,319,0,1,0
451,301,2,0,1,0
452,940,125,1,0,1
453,214,650,1,1,0
454,627,633,0,1,0
455,616,227,0,1,0
456,990,900,1,0,0
457,652,364,0,1,0
458,333,801,0,1,0
459,10,840,1,0,0
460,978,8,1,0,0
461,427,404,1,0,1
462,619,558,1,0,1
463,829,545,1,0,1
464,571,805,0,1,0
465,833,496,0,1,0
466,252,164,1,1,0
467,466,433,1,0,0
468,27,0,1,0,1
469,723,375,0,1,0
470,689,8,0,1,0
471,7,530,0,1,0
472,854,9,1,0,0
473,5,564,1,0,1
474,287,86,0,0,1
475,336,1,1,0,1
476,332,374,0,1,0
477,496,476,1,0,0
478,375,851,1,0,1
479,759,225,1,0,0
480,838,415,0,1,0
481,247,248,1,0,1
482,257,797,1,0,1
483,538,941,0,1,0
484,926,742,0,1,0
485,612,606,0,1,0
486,332,471,0,1,0
487,135,558,0,0,1
488,352,785,1,0,0
489,592,396,1,0,1
490,880,825,1,0,1
491,400,304,0,1,0
492,990,15,1,0,0
493,786,112,0,1,0
494,538,246,0,1,0
495,103,574,0,1,0
496,137,166,0,1,0
497,618,426,0,1,0
498,156,778,1,1,0
499,901,244,1,0,1
500,317,234,1,0,1
501,109,943,1,0,0
502,567,3,0,1,0
503,754,4,0,1,0
504,232,343,0,1,0
505,634,476,1,0,1
506,707,695,1,0,1
507,610,374,0,1,0
508,345,95,0,1,0
509,116,642,0,1,0
510,553,7,1,0,1
511,910,522,0,1,0
512,907,187,1,0,0
513,88,654,1,0,1
514,658,183,0,1,0
515,141,100,0,1,0
516,827,376,0,1,0
517,605,183,0,1,0
518,631,243,0,1,0
519,390,114,0,1,0
520,716,678,0,1,0
521,902,92,0,1,0
522,296,590,1,0,1
523,485,732,1,0,0
524,814,860,0,1,0
525,613,405,1,0,1
526,0,37,0,1,0
527,427,401,1,1,0
528,754,5,0,1,0
529,299,535,1,0,1
530,900,522,1,0,1
531,492,725,1,0,0
532,122,901,0,1,0
533,48,202,0,1,0
534,844,410,0,1,0
535,231,883,0,1,0
536,865,675,0,1,0
537,365,553,0,1,0
538,442,162,0,1,0
539,568,364,1,0,1
540,510,695,0,1,0
541,502,707,0,1,0
542,697,482,0,1,0
543,2,46,0,1,0
544,309,301,1,0,0
545,52,4,1,0,0
546,143,434,0,1,0
547,420,442,0,1,0
548,84,724,1,1,0
549,588,547,0,1,0
550,781,392,0,1,0
551,267,918,0,1,0
552,915,323,1,0,1
553,372,860,1,1,0
554,522,758,1,0,0
555,181,869,0,1,0
556,352,584,0,1,0
557,299,7,0,1,0
558,864,580,1,0,1
559,702,535,0,1,0
560,766,656,0,1,0
561,684,739,0,1,0
562,888,602,0,1,0
563,435,990,0,1,0
564,7,142,1,0,1
565,197,728,1,0,0
566,179,113,0,1,0
567,259,392,0,1,0
568,737,107,0,1,0
569,193,979,0,1,0
570,806,634,1,0,1
571,257,640,1,1,0
572,554,304,0,1,0
573,233,515,1,0,1
574,865,504,0,1,0
575,501,200,0,1,0
576,42,911,1,0,0
577,333,822,1,0,1
578,174,164,0,1,0
579,735,127,0,1,0
580,204,756,1,1,0
581,1,370,1,0,0
582,382,315,0,1,0
583,510,933,0,1,0
584,321,240,1,0,1
585,128,526,0,1,0
586,806,336,0,1,0
587,801,2,0,1,0
588,253,572,0,1,0
589,540,798,0,1,0
590,431,311,0,1,0
591,809,349,1,0,1
592,824,843,0,1,0
593,268,688,0,1,0
594,786,586,0,1,0
595,593,890,1,0,1
596,299,817,0,1,0
597,730,576,0,1,0
598,146,324,0,1,0
599,100,370,0,1,0
600,943,252,0,1,0
601,729,778,0,1,0
602,740,448,0,1,0
603,2,429,0,1,0
604,529,88,0,1,0
605,362,417,0,1,0
606,811,4,1,0,1
607,152,332,0,1,0
608,556,664,1,0,0
609,316,400,0,1,0
610,776,949,0,1,0
611,423,268,0,1,0
612,338,861,0,1,0
613,56,542,0,1,0
614,600,751,1,0,1
615,507,9,0,1,0
616,947,800,1,0,0
617,719,612,0,1,0
618,450,215,0,1,0
619,663,185,0,1,0
620,1,76,0,1,0
621,521,338,0,1,0
622,539,3,0,1,0
623,134,334,0,1,0
624,714,365,1,0,1
625,256,478,0,1,0
626,9,20,0,1,0
627,189,366,0,1,0
628,833,3,1,0,0
629,657,648,0,1,0
630,764,525,0,1,0
631,884,944,0,1,0
632,990,792,1,0,0
633,195,280,0,1,0
634,879,294,0,1,0
635,519,870,0,1,0
636,785,839,0,1,0
637,174,478,0,1,0
638,377,537,1,0,0
639,628,355,1,0,1
640,181,715,0,1,0
641,3,586,0,1,0
642,8,967,0,1,0
643,919,587,0,1,0
644,485,246,0,1,0
645,70,181,0,1,0
646,607,204,0,1,0
647,1,644,0,1,0
648,78,297,0,1,0
649,699,414,0,1,0
650,954,990,0,1,0
651,806,316,0,1,0
652,255,413,0,1,0
653,219,8,1,0,0
654,0,824,0,1,0
655,508,9,0,1,0
656,390,404,0,1,0
657,632,215,0,1,0
658,274,716,0,1,0
659,254,51,1,0,1
660,282,113,1,0,1
661,339,593,1,0,1
662,339,109,1,1,0
663,711,406,0,1,0
664,109,618,0,1,0
665,252,528,0,1,0
666,112,410,0,1,0
667,576,124,0,1,0
668,911,660,0,1,0
669,921,6,1,0,0
670,247,372,0,1,0
671,814,677,0,1,0
672,909,648,0,1,0
673,787,293,1,0,1
674,694,292,0,1,0
675,631,572,1,1,0
676,828,867,0,1,0
677,888,903,0,1,0
678,488,377,1,0,0
679,3,147,0,1,0
680,561,508,1,0,0
681,489,7,1,0,0
682,181,749,1,0,0
683,5,604,0,1,0
684,207,73,0,1,0
685,407,170,1,0,1
686,883,88,0,1,0
687,792,548,1,0,1
688,551,804,0,1,0
689,815,736,1,0,1
690,612,557,0,1,0
691,265,750,0,1,0
692,832,745,0,1,0
693,467,869,0,1,0
694,698,278,1,0,0
695,661,409,0,1,0
696,789,395,1,0,1
697,553,334,0,1,0
698,205,462,1,0,1
699,142,672,0,1,0
700,735,293,1,0,1
701,96,932,1,0,0
702,516,416,0,1,0
703,397,9,1,0,0
704,280,850,0,1,0
705,6,645,0,1,0
706,554,986,1,0,1
707,489,669,0,1,0
708,845,284,0,1,0
709,536,10,0,1,0
710,686,172,0,1,0
711,410,587,1,0,0
712,3,579,0,1,0
713,893,838,0,1,0
714,888,421,0,1,0
715,582,3,0,1,0
716,85,856,0,1,0
717,767,711,1,0,1
718,407,390,1,0,1
719,630,907,0,1,0
720,418,411,0,1,0
721,802,104,1,0,0
722,974,154,0,1,0
723,922,891,0,1,0
724,129,825,0,1,0
725,551,196,0,1,0
726,302,465,0,1,0
727,2,951,1,0,0
728,482,853,0,0,1
729,0,523,0,1,0
730,190,199,0,1,0
731,152,701,0,1,0
732,512,796,1,0,1
733,449,146,1,0,1
734,2,268,0,1,0
735,162,581,0,1,0
736,558,456,1,0,0
737,199,1,1,0,0
738,35,822,0,1,0
739,118,705,0,1,0
740,105,129,0,1,0
741,937,5,0,1,0
742,713,793,0,1,0
743,340,635,0,1,0
744,836,625,0,1,0
745,455,833,1,0,1
746,184,304,1,0,1
747,0,520,1,0,1
748,502,652,1,1,0
749,897,129,1,0,0
750,990,874,1,0,0
751,927,102,0,1,0
752,306,494,1,0,1
753,6,945,1,0,0
754,520,250,0,1,0
755,508,523,1,0,0
756,862,507,0,1,0
757,879,832,0,1,0
758,504,794,0,1,0
759,7,160,1,0,1
760,597,242,0,1,0
761,566,946,0,1,0
762,647,534,0,1,0
763,792,493,0,1,0
764,334,7,0,1,0
765,387,739,1,0,1
766,710,463,0,1,0
767,257,766,1,1,0
768,946,3,0,1,0
769,351,10,1,0,0
770,393,184,1,0,1
771,337,510,0,1,0
772,875,675,0,1,0
773,916,593,0,1,0
774,846,568,0,1,0
775,583,707,0,1,0
776,860,382,1,0,1
777,147,50,0,1,0
778,914,649,0,1,0
779,118,8,1,0,0
780,233,821,0,1,0
781,640,558,0,1,0
782,392,152,0,1,0
783,179,238,1,0,1
784,228,3,1,0,1
785,734,96,1,0,1
786,887,150,1,0,1
787,607,855,0,1,0
788,10,911,1,0,0
789,84,940,1,0,0
790,533,120,0,1,0
791,179,655,0,1,0
792,9,983,1,0,0
793,0,688,0,1,0
794,216,577,0,1,0
795,926,710,1,0,1
796,433,697,1,0,0
797,960,224,0,1,0
798,904,546,0,1,0
799,861,465,0,1,0
800,449,475,1,0,0
801,262,169,0,1,0
802,376,282,0,1,0
803,248,164,0,1,0
804,501,8,0,1,0
805,798,240,1,0,0
806,858,400,0,1,0
807,412,116,1,0,1
808,815,627,0,1,0
809,3,242,0,1,0
810,838,668,0,1,0
811,686,415,0,1,0
812,871,633,0,1,0
813,155,629,1,0,1
814,823,10,0,1,0
815,503,357,0,1,0
816,555,160,0,1,0
817,389,869,0,1,0
818,680,537,1,0,1
819,788,919,0,1,0
820,149,683,0,1,0
821,519,98,0,1,0
822,255,653,0,1,0
823,990,839,0,1,0
824,34,718,1,0,0
825,538,783,0,1,0
826,399,6,1,0,0
827,644,870,0,1,0
828,589,945,0,1,0
829,744,500,0,1,0
830,611,673,0,1,0
831,585,576,1,0,0
832,247,438,0,1,0
833,161,2,0,1,0
834,10,194,1,0,0
835,778,510,0,1,0
836,456,322,1,0,1
837,892,791,0,1,0
838,48,417,1,0,1
839,963,995,1,1,0
840,236,555,0,1,0
841,394,712,1,0,0
842,258,967,0,1,0
843,526,578,1,0,0
844,154,373,1,0,1
845,690,149,0,1,0
846,450,242,0,1,0
847,192,641,0,1,0
848,890,833,0,1,0
849,990,856,0,1,0
850,593,6,0,1,0
851,425,594,0,1,0
852,314,790,1,0,1
853,181,671,0,1,0
854,456,171,0,1,0
855,196,408,0,1,0
856,426,893,0,1,0
857,317,764,1,0,0
858,398,418,0,0,1
859,915,145,0,1,0
860,403,882,0,1,0
861,772,944,0,1,0
862,1,280,0,1,0
863,763,48,1,0,0
864,199,325,0,1,0
865,249,560,1,0,1
866,99,241,0,1,0
867,82,195,0,1,0
868,671,702,0,1,0
869,692,407,0,1,0
870,686,838,1,0,1
871,368,728,0,1,0
872,41,208,0,1,0
873,921,522,0,1,0
874,655,353,0,1,0
875,909,928,0,1,0
876,941,722,0,1,0
877,232,272,0,1,0
878,931,547,0,1,0
879,611,738,1,0,1
880,378,964,0,1,0
881,472,512,1,0,0
882,3,31,1,0,1
883,859,314,0,1,0
884,8,672,0,1,0
885,575,864,0,1,0
886,496,144,0,1,0
887,363,734,0,1,0
888,586,207,0,1,0
889,174,10,1,0,1
890,596,679,0,1,0
891,475,278,0,1,0
892,953,689,1,0,1
893,5,851,1,0,0
894,516,990,0,1,0
895,93,7,1,0,0
896,879,272,0,1,0
897,770,214,1,0,0
898,317,200,0,1,0
899,83,976,1,0,0
900,452,363,1,1,0
901,587,4,0,1,0
902,277,754,1,0,1
903,641,658,0,1,0
904,961,706,0,1,0
905,650,490,0,1,0
906,0,112,1,0,0
907,269,774,1,0,1
908,206,574,0,1,0
909,75,962,1,0,0
910,990,389,1,0,1
911,193,292,0,1,0
912,608,663,0,1,0
913,602,701,0,1,0
914,562,228,0,1,0
915,623,379,0,1,0
916,764,966,0,1,0
917,399,869,1,0,1
918,2,403,1,0,0
919,576,410,0,1,0
920,569,696,0,1,0
921,282,830,1,0,1
922,621,775,0,1,0
923,664,479,1,0,1
924,562,134,0,1,0
925,447,840,0,1,0
926,975,658,0,1,0
927,217,10,1,0,0
928,694,521,0,1,0
929,827,503,1,0,1
930,418,10,1,0,0
931,905,624,0,1,0
932,164,69,0,1,0
933,483,551,1,0,0
934,929,953,0,1,0
935,158,98,1,0,1
936,778,4,0,1,0
937,667,296,1,1,0
938,437,453,1,0,0
939,377,514,1,0,0
940,375,920,0,1,0
941,116,293,0,1,0
942,697,185,1,0,1
943,725,171,0,1,0
944,935,13,1,0,0
945,164,390,1,0,1
946,509,889,0,1,0
947,628,834,0,1,0
948,4,908,1,0,0
949,950,496,0,1,0
950,396,583,1,0,1
951,244,602,0,1,0
952,428,6,0,1,0
953,515,686,1,1,0
954,615,530,0,1,0
955,180,2,0,1,0
956,343,184,0,1,0
957,393,246,1,1,0
958,397,296,0,1,0
959,793,671,0,1,0
960,585,974,0,1,0
961,225,624,0,1,0
962,731,990,1,0,1
963,260,349,0,1,0
964,61,1,1,0,0
965,353,132,0,1,0
966,521,248,1,0,1
967,7,793,0,1,0
968,262,294,0,0,1
969,80,17,0,1,0
970,0,673,0,1,0
971,488,612,1,0,0
972,523,144,0,1,0
973,774,776,0,1,0
974,5,719,1,0,0
975,349,415,0,1,0
976,822,659,1,0,1
977,301,617,0,1,0
978,482,162,0,1,0
979,260,769,0,1,0
980,720,408,0,1,0
981,621,880,0,1,0
982,466,222,0,1,0
983,427,486,1,0,0
984,217,446,0,1,0
985,445,322,0,1,0
986,581,973,0,1,0
987,721,6,1,0,1
988,546,295,0,1,0
989,100,651,0,1,0
990,78,575,1,0,1
991,697,131,0,1,0
992,227,65,0,1,0
993,9,24,0,1,0
994,173,167,0,1,0
995,720,888,0,1,0
996,639,624,0,1,0
997,71,98,1,0,1
998,702,600,0,1,0
999,678,546,0,1,0
