Index,x,y,alive,infected,immune
0,774,320,0,1,0
1,26,639,1,0,1
2,955,230,0,0,1
3,520,847,1,0,1
4,895,724,0,1,0
5,448,132,0,1,0
6,449,30,0,1,0
7,960,543,0,1,0
8,281,765,1,0,1
9,860,609,0,1,0
10,393,118,0,1,0
11,674,156,0,1,0
12,554,937,0,1,0
13,87,302,0,1,0
14,865,295,0,1,0
15,83,799,0,1,0
16,522,326,1,0,1
17,776,643,0,1,0
18,958,200,0,1,0
19,586,852,0,1,0
20,965,615,0,1,0
21,335,374,0,1,0
22,469,784,0,1,0
23,248,82,1,0,1
24,200,404,0,1,0
25,5,153,0,1,0
26,795,1,0,1,0
27,687,488,0,1,0
28,111,137,0,1,0
29,531,924,0,1,0
30,681,735,0,1,0
31,561,4,0,1,0
32,781,884,1,0,1
33,951,376,1,0,1
34,239,890,0,1,0
35,281,8,0,1,0
36,629,0,1,0,1
37,887,709,0,1,0
38,56,570,0,1,0
39,415,770,0,1,0
40,180,60,0,1,0
41,691,511,1,0,1
42,483,179,1,0,1
43,122,412,0,1,0
44,431,301,0,1,0
45,179,127,0,1,0
46,524,895,1,0,1
47,763,579,0,1,0
48,709,332,0,1,0
49,424,161,0,1,0
50,493,916,0,1,0
51,910,733,0,1,0
52,126,405,0,1,0
53,129,365,0,1,0
54,272,890,0,1,0
55,562,323,0,0,1
56,718,175,0,1,0
57,561,269,0,1,0
58,172,396,0,1,0
59,990,407,0,1,0
60,230,548,0,1,0
61,594,7,0,1,0
62,369,962,0,1,0
63,158,484,0,1,0
64,4,962,0,1,0
65,984,358,1,0,1
66,76,810,0,1,0
67,784,846,0,1,0
68,618,753,0,1,0
69,683,924,0,1,0
70,596,810,0,1,0
71,752,22,0,1,0
72,592,812,0,1,0
73,608,736,0,1,0
74,335,5,0,1,0
75,990,163,1,0,1
76,133,357,0,1,0
77,419,254,1,0,1
78,339,726,1,0,1
79,904,99,0,1,0
80,105,502,0,1,0
81,785,836,0,1,0
82,188,149,0,1,0
83,193,897,0,1,0
84,360,531,0,1,0
85,193,381,0,1,0
86,390,708,1,0,1
87,846,578,0,1,0
88,552,160,0,1,0
89,623,926,0,1,0
90,307,179,0,1,0
91,235,511,0,1,0
92,268,433,0,1,0
93,476,885,0,1,0
94,658,453,0,1,0
95,187,949,0,1,0
96,724,927,0,1,0
97,628,522,0,1,0
98,80,39,0,1,0
99,644,160,0,1,0
100,214,313,1,1,0
101,797,395,1,0,0
102,692,855,1,1,0
103,8,33,0,0,1
104,669,483,1,1,0
105,564,578,1,0,0
106,881,233,1,0,0
107,624,202,0,1,0
108,866,380,1,1,0
109,794,620,1,1,0
110,349,860,1,0,0
111,8,776,1,1,0
112,762,456,1,1,0
113,864,323,1,1,0
114,570,340,0,1,0
115,879,546,0,1,0
116,98,977,1,0,0
117,729,862,0,1,0
118,413,1,1,0,0
119,155,744,1,0,0
120,685,498,1,1,0
121,856,490,1,1,0
122,979,489,1,0,0
123,698,94,1,0,0
124,301,351,1,0,0
125,845,617,1,0,1
126,808,9,1,1,0
127,651,776,1,0,0
128,221,736,1,0,0
129,531,2,0,1,0
130,392,770,1,0,0
131,9,180,1,0,0
132,916,255,0,1,0
133,75,250,0,1,0
134,682,581,0,1,0
135,311,470,1,1,0
136,219,224,1,1,0
137,545,618,1,0,0
138,681,697,1,1,0
139,606,143,1,0,1
140,0,421,0,1,0
141,602,708,1,0,0
142,486,362,1,0,0
143,767,109,0,1,0
144,400,698,1,0,0
145,185,70,0,1,0
146,540,531,1,0,0
147,439,644,1,0,0
148,681,362,0,1,0
149,291,185,0,1,0
150,74,189,1,0,1
151,643,381,1,0,0
152,381,411,1,0,0
153,393,349,1,1,0
154,4,901,1,0,0
155,109,155,0,1,0
156,564,535,1,0,0
157,150,299,1,1,0
158,374,698,1,0,0
159,859,604,0,1,0
160,814,725,0,1,0
161,136,561,1,0,0
162,718,764,1,0,0
163,617,165,1,1,0
164,74,554,0,1,0
165,552,827,0,1,0
166,893,276,1,0,0
167,312,198,0,1,0
168,238,0,1,0,0
169,872,933,1,0,0
170,509,708,1,0,0
171,927,536,0,1,0
172,159,230,1,0,0
173,0,926,1,0,0
174,72,845,1,0,0
175,75,107,1,0,0
176,609,388,0,1,0
177,372,421,1,0,0
178,378,627,1,0,0
179,709,2,1,0,0
180,554,94,1,1,0
181,955,615,0,1,0
182,439,940,1,0,0
183,776,248,1,0,0
184,319,292,1,0,0
185,538,68,1,0,0
186,810,378,1,0,1
187,666,491,0,1,0
188,409,959,1,0,0
189,821,83,1,0,0
190,941,550,1,0,0
191,933,966,1,0,0
192,930,241,0,1,0
193,515,245,0,1,0
194,974,538,0,1,0
195,511,243,0,1,0
196,6,676,1,0,1
197,974,949,1,0,0
198,770,900,1,0,0
199,821,602,0,1,0
200,547,609,1,0,0
201,172,786,1,0,0
202,277,858,0,1,0
203,947,0,1,0,0
204,49,741,1,0,0
205,643,928,0,1,0
206,225,340,1,0,0
207,752,328,1,1,0
208,275,577,1,0,0
209,760,104,1,1,0
210,235,980,1,0,0
211,712,784,1,0,0
212,107,612,0,1,0
213,632,777,0,1,0
214,990,506,1,0,0
215,535,762,1,0,0
216,281,59,0,1,0
217,384,248,1,1,0
218,626,407,0,1,0
219,309,10,1,0,0
220,6,785,1,1,0
221,797,157,0,1,0
222,2,550,1,0,0
223,347,172,0,1,0
224,278,438,0,1,0
225,669,648,1,0,0
226,402,555,1,0,0
227,530,646,1,0,0
228,935,727,0,1,0
229,436,347,1,0,0
230,272,168,1,1,0
231,935,154,1,0,0
232,820,115,1,0,0
233,225,757,1,0,0
234,369,639,0,1,0
235,647,491,0,1,0
236,339,856,1,0,0
237,308,1,1,0,0
238,479,403,1,0,0
239,236,919,0,1,0
240,227,90,0,0,1
241,276,880,0,1,0
242,322,242,0,1,0
243,204,306,1,0,1
244,285,884,0,1,0
245,857,592,1,0,1
246,737,109,1,1,0
247,556,844,0,1,0
248,321,0,0,1,0
249,682,854,0,1,0
250,848,576,0,1,0
251,894,698,1,1,0
252,720,702,0,1,0
253,622,33,1,0,0
254,161,260,1,0,0
255,120,454,0,1,0
256,627,377,1,0,0
257,717,577,0,1,0
258,571,544,1,0,0
259,732,826,1,1,0
260,854,522,0,1,0
261,470,550,1,0,0
262,3,515,0,1,0
263,966,626,0,1,0
264,85,611,0,1,0
265,173,363,1,1,0
266,90,901,1,0,0
267,266,41,1,1,0
268,753,140,0,1,0
269,892,8,1,0,0
270,820,699,1,1,0
271,752,217,1,0,0
272,865,947,1,0,1
273,506,687,1,0,0
274,162,427,1,0,1
275,170,920,0,1,0
276,463,52,0,0,1
277,628,634,1,0,0
278,506,508,1,0,0
279,384,7,1,0,0
280,220,251,1,0,0
281,185,723,1,0,0
282,516,696,1,0,0
283,960,879,1,0,0
284,786,762,1,0,0
285,821,9,1,0,0
286,883,960,1,1,0
287,9,39,0,1,0
288,0,695,1,0,0
289,212,724,1,0,0
290,547,363,1,1,0
291,888,92,1,1,0
292,67,864,1,0,0
293,6,244,1,0,0
294,43,858,1,0,0
295,242,640,1,0,0
296,230,697,1,0,0
297,377,153,0,1,0
298,736,722,0,1,0
299,59,294,1,0,0
300,437,763,1,1,0
301,687,560,1,1,0
302,97,159,0,0,1
303,7,498,0,1,0
304,604,257,0,1,0
305,942,3,1,0,0
306,739,142,0,1,0
307,601,262,1,0,1
308,838,10,1,0,0
309,477,323,1,1,0
310,936,338,1,0,0
311,738,490,1,1,0
312,239,776,1,1,0
313,352,7,1,0,0
314,2,244,1,0,0
315,907,681,0,1,0
316,4,790,1,1,0
317,764,736,0,0,1
318,526,669,1,0,0
319,61,990,1,0,0
320,658,842,1,0,0
321,808,657,1,0,1
322,817,732,0,1,0
323,766,634,1,0,1
324,9,503,0,1,0
325,608,808,0,1,0
326,349,101,1,0,0
327,863,458,1,0,0
328,127,467,1,0,0
329,169,459,1,0,0
330,684,791,1,0,0
331,6,150,0,1,0
332,666,926,0,1,0
333,201,918,0,1,0
334,268,412,1,1,0
335,820,683,1,1,0
336,819,316,1,1,0
337,456,60,0,1,0
338,758,4,0,1,0
339,2,707,1,0,0
340,880,603,0,1,0
341,798,703,1,0,0
342,496,662,1,0,0
343,557,7,0,1,0
344,956,965,1,0,0
345,480,565,1,0,0
346,220,288,1,1,0
347,297,477,0,1,0
348,267,448,0,1,0
349,799,186,1,0,0
350,95,807,1,0,0
351,534,280,1,0,1
352,431,882,1,0,0
353,774,737,1,0,0
354,870,904,1,1,0
355,89,795,1,1,0
356,129,699,1,0,0
357,113,418,0,1,0
358,563,645,1,0,0
359,608,949,0,1,0
360,320,427,0,1,0
361,6,816,1,0,0
362,713,6,0,1,0
363,675,352,1,1,0
364,855,887,1,1,0
365,837,826,0,1,0
366,331,149,0,1,0
367,410,698,1,0,0
368,245,405,1,0,0
369,146,490,1,0,1
370,675,887,0,1,0
371,0,886,1,0,0
372,720,542,1,0,1
373,381,916,0,1,0
374,883,846,0,1,0
375,475,165,0,1,0
376,144,787,1,0,0
377,499,806,0,1,0
378,509,636,1,0,0
379,134,782,1,0,0
380,763,359,0,1,0
381,826,688,1,1,0
382,782,407,1,1,0
383,462,10,1,0,0
384,856,171,1,0,0
385,438,6,1,1,0
386,878,737,0,1,0
387,289,125,1,0,0
388,751,8,0,1,0
389,383,144,1,1,0
390,8,21,0,1,0
391,68,899,1,0,0
392,198,120,0,1,0
393,279,861,0,1,0
394,745,542,1,1,0
395,257,4,1,0,0
396,66,493,1,0,0
397,937,823,1,0,0
398,201,183,0,1,0
399,702,75,1,0,0
400,537,405,1,0,0
401,736,564,0,0,1
402,288,465,1,1,0
403,299,53,1,1,0
404,243,641,1,0,0
405,877,178,1,0,0
406,759,468,1,1,0
407,319,510,0,1,0
408,7,755,1,0,0
409,612,107,1,0,0
410,273,688,1,1,0
411,447,10,1,1,0
412,485,354,1,0,0
413,725,850,0,1,0
414,239,777,1,1,0
415,485,218,1,0,0
416,120,579,0,1,0
417,476,908,0,1,0
418,266,858,0,1,0
419,389,279,1,1,0
420,711,473,1,0,0
421,846,753,0,1,0
422,37,655,1,1,0
423,392,66,1,1,0
424,113,309,0,1,0
425,117,378,0,1,0
426,37,791,0,1,0
427,357,589,1,0,0
428,980,9,1,0,0
429,588,974,0,1,0
430,333,85,1,0,0
431,570,697,1,0,0
432,903,293,1,0,0
433,858,462,1,0,0
434,372,789,1,0,0
435,844,416,1,0,0
436,488,10,1,0,0
437,837,649,0,1,0
438,494,590,1,0,0
439,873,198,1,0,0
440,281,50,0,1,0
441,739,531,1,0,1
442,469,506,1,0,0
443,272,337,1,0,0
444,166,256,1,0,0
445,259,416,1,0,0
446,811,688,1,1,0
447,445,907,0,1,0
448,711,116,1,0,0
449,125,264,1,0,0
450,927,335,1,0,0
451,303,962,0,1,0
452,924,105,1,1,0
453,206,707,1,0,0
454,563,693,1,0,0
455,580,330,1,1,0
456,990,900,1,0,0
457,626,341,0,1,0
458,355,753,0,1,0
459,10,840,1,0,0
460,978,4,1,0,0
461,376,458,1,0,0
462,612,567,1,0,1
463,820,432,1,0,0
464,586,837,0,1,0
465,807,540,0,1,0
466,288,136,1,0,0
467,478,421,1,0,0
468,27,8,1,0,1
469,679,376,0,1,0
470,689,7,0,1,0
471,23,530,0,1,0
472,854,4,1,0,0
473,9,564,1,0,0
474,266,92,1,1,0
475,336,7,1,0,1
476,353,389,1,0,0
477,500,486,1,0,0
478,382,908,1,0,1
479,815,248,1,0,0
480,875,447,1,0,0
481,295,285,1,1,0
482,208,871,1,0,1
483,478,885,0,1,0
484,939,725,0,1,0
485,648,584,0,1,0
486,298,444,0,1,0
487,121,652,1,1,0
488,346,814,1,0,0
489,566,326,1,0,1
490,895,869,1,1,0
491,384,280,0,1,0
492,990,15,1,0,0
493,799,85,1,0,0
494,602,263,0,1,0
495,92,600,0,1,0
496,111,104,1,0,0
497,599,474,0,1,0
498,155,759,1,0,0
499,966,227,1,1,0
500,306,253,1,1,0
501,117,934,1,0,0
502,567,5,0,1,0
503,754,3,0,1,0
504,248,332,1,0,0
505,649,476,1,0,1
506,742,763,1,1,0
507,604,357,0,1,0
508,444,74,0,1,0
509,101,623,1,1,0
510,553,1,1,0,1
511,885,514,0,1,0
512,930,206,1,0,0
513,115,701,1,0,0
514,627,170,0,1,0
515,140,124,0,1,0
516,839,429,1,0,0
517,589,116,0,1,0
518,609,260,0,1,0
519,433,136,0,1,0
520,815,653,0,1,0
521,847,128,1,0,0
522,351,639,1,0,0
523,487,697,1,0,0
524,842,882,0,1,0
525,559,413,1,0,0
526,2,37,0,1,0
527,431,379,1,0,0
528,754,1,0,1,0
529,305,517,1,0,1
530,921,607,1,0,1
531,462,737,1,0,0
532,150,897,1,1,0
533,124,200,0,1,0
534,839,447,1,0,0
535,228,897,0,1,0
536,841,642,0,1,0
537,400,611,1,0,0
538,398,93,1,0,0
539,527,332,1,1,0
540,517,684,1,0,0
541,550,665,1,0,0
542,697,444,1,0,0
543,971,74,1,0,0
544,337,272,1,0,0
545,56,950,1,0,0
546,130,388,0,1,0
547,430,454,1,0,0
548,68,743,1,0,0
549,639,527,0,1,0
550,778,433,0,1,0
551,222,971,1,0,0
552,904,332,1,1,0
553,364,796,1,0,0
554,462,723,1,0,0
555,155,901,1,1,0
556,338,656,1,1,0
557,334,962,0,1,0
558,826,604,1,0,1
559,764,515,0,1,0
560,719,635,1,0,0
561,663,713,1,1,0
562,882,609,0,1,0
563,404,895,0,1,0
564,5,142,1,0,1
565,223,722,1,0,0
566,256,131,1,1,0
567,259,323,1,0,0
568,723,133,1,1,0
569,169,938,1,0,0
570,805,602,1,0,1
571,299,639,1,0,0
572,523,278,0,1,0
573,244,626,1,0,0
574,881,463,1,0,0
575,500,177,0,1,0
576,81,874,1,0,0
577,317,835,1,0,0
578,216,165,1,0,0
579,730,141,0,1,0
580,192,775,1,0,0
581,8,370,1,0,0
582,359,322,1,0,0
583,509,918,0,1,0
584,267,159,1,1,0
585,150,566,1,0,0
586,799,283,1,0,0
587,801,4,1,1,0
588,183,502,1,0,0
589,566,767,1,0,0
590,551,361,1,1,0
591,832,412,1,0,0
592,802,853,0,1,0
593,268,703,1,1,0
594,774,592,0,1,0
595,543,918,1,0,1
596,293,852,0,1,0
597,778,521,1,1,0
598,145,250,1,0,0
599,141,461,1,1,0
600,901,258,1,0,0
601,782,806,0,1,0
602,768,530,0,1,0
603,2,429,0,1,0
604,588,114,0,1,0
605,366,424,1,1,0
606,791,965,1,0,0
607,167,338,0,1,0
608,581,639,1,0,0
609,267,332,1,0,0
610,762,888,1,0,0
611,370,255,1,0,0
612,250,887,0,1,0
613,71,530,0,1,0
614,640,817,1,0,0
615,507,2,0,1,0
616,952,767,1,0,0
617,682,582,0,1,0
618,486,235,0,1,0
619,667,224,0,1,0
620,968,112,0,1,0
621,479,382,1,0,0
622,539,5,0,1,0
623,174,323,1,0,0
624,757,364,1,1,0
625,305,551,1,0,0
626,8,20,0,1,0
627,152,326,1,0,0
628,833,5,1,0,0
629,651,730,0,1,0
630,767,489,1,0,0
631,931,965,1,0,0
632,951,797,1,0,0
633,205,303,0,1,0
634,877,282,1,1,0
635,480,918,0,1,0
636,811,873,0,1,0
637,116,429,0,1,0
638,376,489,1,0,0
639,638,363,1,1,0
640,108,758,1,0,0
641,975,586,0,1,0
642,5,967,0,1,0
643,878,602,0,1,0
644,443,241,0,1,0
645,72,213,0,1,0
646,559,290,1,0,0
647,3,644,0,1,0
648,81,337,0,1,0
649,674,442,0,1,0
650,954,990,1,0,0
651,823,298,1,1,0
652,211,439,1,0,0
653,219,8,1,0,0
654,0,824,1,0,0
655,508,4,0,1,0
656,439,428,1,0,0
657,580,213,0,1,0
658,287,733,0,1,0
659,214,63,1,0,0
660,291,66,1,1,0
661,358,659,1,1,0
662,358,51,1,0,0
663,738,473,0,1,0
664,124,729,1,0,0
665,229,532,1,0,0
666,146,409,0,1,0
667,625,138,1,0,0
668,884,631,0,1,0
669,921,4,1,0,0
670,163,295,0,1,0
671,753,709,1,0,0
672,888,686,0,1,0
673,807,312,1,0,1
674,718,259,0,1,0
675,610,599,1,0,0
676,814,792,1,0,0
677,930,932,1,0,0
678,433,390,1,0,0
679,2,147,0,1,0
680,563,487,1,0,0
681,489,6,1,0,0
682,207,662,1,0,0
683,33,596,0,1,0
684,176,103,0,1,0
685,367,127,1,0,1
686,926,125,0,1,0
687,827,483,1,1,0
688,595,783,0,1,0
689,797,685,1,1,0
690,612,613,1,0,0
691,295,699,1,1,0
692,777,777,1,1,0
693,539,891,0,1,0
694,724,283,1,0,0
695,637,426,0,1,0
696,838,417,1,0,1
697,563,345,0,1,0
698,261,470,1,1,0
699,180,741,1,0,0
700,733,302,1,0,0
701,42,936,1,0,0
702,552,425,1,0,0
703,397,9,1,0,0
704,345,883,0,1,0
705,4,645,1,1,0
706,544,905,1,0,1
707,490,724,1,0,0
708,857,302,0,1,0
709,536,10,1,1,0
710,642,205,0,1,0
711,444,587,1,0,0
712,0,579,1,0,0
713,858,869,0,1,0
714,865,423,1,0,0
715,582,3,0,1,0
716,87,752,1,0,0
717,757,713,1,0,0
718,389,424,1,0,0
719,602,903,0,1,0
720,343,410,1,0,0
721,827,127,1,0,0
722,934,173,1,0,0
723,887,906,0,1,0
724,59,799,0,1,0
725,542,206,1,0,0
726,386,451,1,0,0
727,4,951,1,0,0
728,404,743,1,0,0
729,5,523,0,1,0
730,171,209,1,0,0
731,109,679,1,0,0
732,544,855,1,0,1
733,363,181,1,0,1
734,8,268,1,0,0
735,247,571,1,1,0
736,536,497,1,0,0
737,199,6,1,0,0
738,56,845,1,0,0
739,111,713,1,0,0
740,63,159,0,1,0
741,937,8,1,0,0
742,725,837,0,1,0
743,349,631,1,0,0
744,895,591,0,1,0
745,414,827,1,0,1
746,147,315,1,0,0
747,8,520,1,1,0
748,457,621,1,0,0
749,905,165,1,0,0
750,990,874,1,0,0
751,883,51,1,0,0
752,295,439,1,1,0
753,2,945,1,0,0
754,584,224,0,1,0
755,483,503,1,0,0
756,877,505,0,1,0
757,870,797,0,1,0
758,486,800,1,1,0
759,9,160,1,0,1
760,607,197,0,1,0
761,542,924,0,1,0
762,638,560,0,1,0
763,881,451,1,0,0
764,334,0,0,1,0
765,456,748,1,0,0
766,734,457,1,0,0
767,169,698,1,0,0
768,946,6,1,0,0
769,360,18,1,0,0
770,356,155,1,0,1
771,325,497,0,1,0
772,849,728,1,1,0
773,870,616,0,1,0
774,864,535,0,1,0
775,602,726,0,1,0
776,879,364,1,0,0
777,202,94,0,1,0
778,936,656,1,0,0
779,118,0,1,0,0
780,226,826,0,1,0
781,673,539,0,1,0
782,347,93,1,0,0
783,186,262,1,0,0
784,314,935,1,1,0
785,795,108,1,1,0
786,875,46,1,0,0
787,581,792,0,1,0
788,10,911,1,0,0
789,62,946,1,0,0
790,546,113,0,1,0
791,207,599,0,1,0
792,9,983,1,0,0
793,15,706,0,1,0
794,262,586,0,1,0
795,942,694,1,0,1
796,460,645,1,0,0
797,939,327,1,0,0
798,863,580,0,1,0
799,842,437,1,0,0
800,477,488,1,0,0
801,278,234,1,0,0
802,379,285,0,1,0
803,285,150,0,1,0
804,501,9,0,1,0
805,760,241,1,0,0
806,933,375,0,1,0
807,390,139,1,0,1
808,789,590,1,1,0
809,922,262,1,1,0
810,837,616,0,1,0
811,702,413,1,1,0
812,885,613,0,1,0
813,216,639,1,0,0
814,823,10,1,0,0
815,544,403,1,0,0
816,519,197,1,1,0
817,391,800,1,0,0
818,710,524,1,0,1
819,867,889,0,1,0
820,121,694,1,0,0
821,541,50,0,1,0
822,323,639,0,1,0
823,913,862,1,1,0
824,106,687,1,0,0
825,574,765,1,0,0
826,410,23,1,0,0
827,609,891,0,1,0
828,575,924,0,1,0
829,763,496,0,1,0
830,554,669,1,0,0
831,585,598,1,0,0
832,217,398,0,1,0
833,161,2,1,1,0
834,10,194,1,0,0
835,768,448,0,1,0
836,437,279,1,1,0
837,932,787,1,0,0
838,101,385,1,0,1
839,907,964,1,0,0
840,215,560,0,1,0
841,375,685,1,0,0
842,305,956,0,1,0
843,494,616,1,0,0
844,182,378,1,0,1
845,672,167,0,1,0
846,417,288,0,1,0
847,235,720,1,0,0
848,854,786,0,1,0
849,896,845,1,1,0
850,593,6,1,1,0
851,371,599,1,0,0
852,248,822,1,0,1
853,123,666,1,1,0
854,487,197,0,1,0
855,263,422,0,1,0
856,396,883,0,1,0
857,326,773,1,0,0
858,417,421,1,0,0
859,954,127,0,1,0
860,405,911,0,1,0
861,809,894,0,1,0
862,1,280,1,0,0
863,770,69,1,0,0
864,211,282,1,1,0
865,252,546,1,0,1
866,104,240,1,0,0
867,41,199,0,1,0
868,768,673,1,1,0
869,616,389,1,1,0
870,681,834,1,0,0
871,323,731,0,1,0
872,124,239,1,0,0
873,902,401,1,0,0
874,708,395,0,1,0
875,960,932,1,0,0
876,896,726,0,1,0
877,235,320,1,0,0
878,907,570,1,0,0
879,584,739,1,0,0
880,331,937,0,1,0
881,498,459,1,0,0
882,3,31,1,0,1
883,830,345,0,1,0
884,7,672,0,1,0
885,530,850,0,1,0
886,532,177,1,1,0
887,343,701,0,1,0
888,557,231,1,1,0
889,149,33,1,1,0
890,627,710,0,1,0
891,435,311,0,1,0
892,913,691,1,1,0
893,30,827,1,0,0
894,478,962,1,0,0
895,93,8,1,0,0
896,889,272,1,0,0
897,727,208,1,0,0
898,327,241,0,1,0
899,119,931,1,0,0
900,474,391,1,0,0
901,587,0,0,1,0
902,330,738,1,1,0
903,675,670,1,0,0
904,881,697,1,1,0
905,680,527,0,1,0
906,2,112,1,0,0
907,245,786,1,0,0
908,139,601,0,1,0
909,128,958,1,0,0
910,990,389,1,0,1
911,230,221,0,1,0
912,600,692,1,1,0
913,650,712,0,1,0
914,532,190,0,1,0
915,594,392,1,1,0
916,811,968,0,1,0
917,349,894,1,1,0
918,1,403,1,0,0
919,526,389,1,0,0
920,599,614,1,0,0
921,351,886,1,0,1
922,582,821,0,1,0
923,664,404,1,1,0
924,609,140,1,0,0
925,429,835,0,1,0
926,950,601,0,1,0
927,217,10,1,0,0
928,671,505,0,1,0
929,864,512,1,1,0
930,417,33,1,0,0
931,924,638,1,1,0
932,189,91,0,1,0
933,543,580,1,0,0
934,954,900,1,0,0
935,151,100,1,1,0
936,778,8,1,1,0
937,679,320,1,0,0
938,490,484,1,0,0
939,425,515,1,0,0
940,397,851,0,1,0
941,120,344,0,1,0
942,667,175,1,0,1
943,643,163,0,1,0
944,864,37,1,0,0
945,197,411,1,1,0
946,522,865,0,1,0
947,590,843,0,1,0
948,2,908,1,0,0
949,915,509,0,1,0
950,337,614,1,0,0
951,213,605,1,0,0
952,428,7,1,1,0
953,503,651,1,0,0
954,602,507,0,1,0
955,192,26,1,0,0
956,300,240,0,1,0
957,424,229,1,0,0
958,474,317,1,1,0
959,777,669,0,1,0
960,675,941,0,1,0
961,253,668,1,1,0
962,731,990,1,0,1
963,278,394,0,1,0
964,61,1,1,0,0
965,349,129,1,1,0
966,532,197,1,1,0
967,2,793,0,1,0
968,223,294,1,1,0
969,145,58,1,1,0
970,5,673,0,1,0
971,447,569,1,0,0
972,482,199,0,1,0
973,750,808,0,1,0
974,1,719,1,0,0
975,400,437,1,0,0
976,806,678,1,0,1
977,352,645,0,1,0
978,525,145,0,1,0
979,230,800,0,1,0
980,767,371,0,1,0
981,622,890,1,0,0
982,493,245,0,1,0
983,471,446,1,0,0
984,234,423,1,1,0
985,429,276,0,1,0
986,648,935,0,1,0
987,721,4,1,1,0
988,498,315,0,1,0
989,138,660,1,0,0
990,79,573,1,0,1
991,656,128,0,1,0
992,224,87,0,1,0
993,7,24,0,1,0
994,211,215,0,1,0
995,724,904,0,1,0
996,586,629,1,0,0
997,107,168,1,1,0
998,715,603,1,0,0
999,727,541,0,1,0
