Index,x,y,alive,infected,immune
0,795,304,0,1,0
1,23,632,1,0,1
2,966,233,0,0,1
3,545,839,1,0,1
4,858,736,0,1,0
5,458,129,0,1,0
6,459,49,0,1,0
7,8,559,0,1,0
8,308,791,1,0,1
9,864,597,0,1,0
10,431,113,0,1,0
11,645,166,0,1,0
12,540,982,0,1,0
13,78,305,0,1,0
14,833,296,0,1,0
15,86,804,0,1,0
16,514,304,1,0,1
17,770,619,0,1,0
18,972,196,0,1,0
19,598,851,0,1,0
20,957,592,0,1,0
21,316,383,0,1,0
22,446,791,0,1,0
23,248,70,1,0,1
24,223,404,0,1,0
25,6,153,0,1,0
26,795,2,0,1,0
27,676,467,0,1,0
28,117,136,0,1,0
29,511,895,0,1,0
30,696,722,0,1,0
31,561,8,0,1,0
32,768,878,1,0,1
33,975,358,1,0,1
34,248,884,0,1,0
35,281,4,0,1,0
36,629,6,1,0,1
37,894,705,0,1,0
38,39,583,0,1,0
39,421,731,0,1,0
40,161,34,0,1,0
41,677,515,1,0,1
42,502,166,1,0,1
43,131,409,0,1,0
44,436,265,0,1,0
45,193,145,0,1,0
46,543,882,1,0,1
47,749,610,0,1,0
48,717,327,0,1,0
49,423,139,0,1,0
50,503,896,0,1,0
51,907,689,0,1,0
52,117,400,0,1,0
53,133,388,0,1,0
54,287,871,0,1,0
55,566,333,0,0,1
56,717,180,0,1,0
57,520,270,0,1,0
58,173,376,0,1,0
59,990,407,0,1,0
60,244,563,0,1,0
61,594,8,0,1,0
62,342,950,0,1,0
63,193,422,0,1,0
64,3,962,0,1,0
65,3,349,1,0,1
66,55,826,0,1,0
67,818,794,0,1,0
68,618,716,0,1,0
69,692,938,0,1,0
70,582,809,0,1,0
71,736,26,0,1,0
72,575,833,0,1,0
73,620,731,0,1,0
74,335,2,0,1,0
75,990,163,1,0,1
76,158,361,0,1,0
77,428,247,1,0,1
78,375,740,1,0,1
79,911,85,0,1,0
80,103,501,0,1,0
81,829,842,0,1,0
82,167,155,0,1,0
83,236,905,0,1,0
84,385,549,0,1,0
85,206,360,0,1,0
86,358,692,1,0,1
87,851,607,0,1,0
88,569,164,0,1,0
89,638,925,0,1,0
90,294,216,0,1,0
91,227,516,0,1,0
92,271,474,0,1,0
93,511,903,0,1,0
94,680,450,0,1,0
95,222,944,0,1,0
96,730,931,0,1,0
97,591,493,0,1,0
98,106,74,0,1,0
99,655,156,0,1,0
100,205,292,0,1,0
101,815,417,1,0,0
102,706,870,1,0,1
103,9,33,0,0,1
104,675,476,1,0,1
105,583,611,1,0,0
106,852,253,1,0,0
107,618,234,0,1,0
108,889,421,0,1,0
109,830,616,0,0,1
110,347,855,1,0,0
111,1,776,0,1,0
112,773,478,0,1,0
113,862,366,0,1,0
114,579,353,0,1,0
115,899,536,0,1,0
116,112,975,1,0,0
117,688,836,0,1,0
118,413,0,1,0,0
119,167,751,1,0,0
120,671,525,1,0,1
121,868,510,0,1,0
122,4,481,1,0,0
123,671,99,1,0,0
124,304,331,1,0,0
125,821,629,1,0,1
126,808,7,0,1,0
127,639,796,1,1,0
128,207,763,1,0,0
129,531,9,0,1,0
130,421,801,1,0,0
131,9,180,1,0,0
132,926,249,0,1,0
133,24,278,0,1,0
134,658,573,0,1,0
135,343,390,0,1,0
136,199,275,0,1,0
137,586,589,1,0,0
138,647,722,1,0,1
139,622,165,1,0,1
140,1,421,0,1,0
141,623,683,1,1,0
142,510,373,1,0,0
143,783,102,0,1,0
144,405,682,1,0,0
145,195,47,0,1,0
146,530,541,1,0,0
147,437,675,1,0,0
148,725,348,0,1,0
149,285,172,0,1,0
150,109,218,1,0,1
151,671,414,0,1,0
152,379,425,1,1,0
153,339,363,0,1,0
154,9,901,1,0,0
155,102,147,0,1,0
156,588,561,1,0,0
157,188,277,0,1,0
158,383,720,1,0,0
159,844,591,0,1,0
160,814,716,0,1,0
161,144,567,0,1,0
162,760,788,1,0,0
163,626,177,0,1,0
164,56,543,0,1,0
165,536,821,0,1,0
166,901,279,1,1,0
167,255,230,0,1,0
168,238,1,1,0,0
169,860,939,1,0,0
170,516,699,1,0,0
171,917,531,0,1,0
172,124,244,1,0,0
173,0,926,1,0,0
174,90,909,1,0,0
175,50,73,1,0,0
176,606,402,0,1,0
177,380,441,0,1,0
178,402,633,0,1,0
179,709,9,0,1,0
180,518,83,0,1,0
181,978,597,0,1,0
182,438,922,0,1,0
183,802,251,1,0,0
184,284,311,1,0,0
185,530,37,1,0,0
186,823,352,1,0,1
187,694,464,0,1,0
188,430,964,1,0,0
189,844,75,1,0,0
190,938,531,0,1,0
191,956,977,1,0,0
192,940,227,0,1,0
193,482,250,0,1,0
194,997,537,0,1,0
195,534,307,0,1,0
196,5,676,1,0,1
197,971,936,1,0,0
198,812,939,0,1,0
199,827,584,0,1,0
200,520,583,1,0,0
201,176,791,1,0,0
202,266,849,0,1,0
203,947,0,1,0,0
204,48,751,1,0,0
205,673,933,0,1,0
206,222,317,1,0,0
207,777,313,0,1,0
208,256,576,1,1,0
209,760,101,1,1,0
210,233,990,1,0,0
211,730,779,1,0,0
212,86,613,0,1,0
213,605,811,0,1,0
214,990,506,1,0,0
215,546,764,1,0,0
216,307,66,0,1,0
217,380,266,0,1,0
218,606,419,0,1,0
219,309,10,1,1,0
220,8,785,1,1,0
221,774,152,0,1,0
222,2,550,1,1,0
223,380,144,0,1,0
224,288,429,0,1,0
225,663,659,0,1,0
226,394,568,1,0,0
227,529,676,1,0,0
228,928,714,0,1,0
229,435,364,1,0,0
230,258,167,0,1,0
231,951,154,1,0,0
232,813,142,1,0,0
233,252,756,1,0,0
234,394,627,0,1,0
235,634,509,0,1,0
236,332,874,1,1,0
237,308,0,1,1,0
238,507,396,1,0,0
239,243,894,0,1,0
240,259,84,0,0,1
241,291,853,0,1,0
242,312,242,0,1,0
243,191,305,1,0,1
244,259,891,0,1,0
245,831,616,1,0,1
246,722,150,1,1,0
247,534,881,0,1,0
248,321,6,0,1,0
249,666,812,0,1,0
250,842,561,0,1,0
251,880,696,1,0,1
252,723,681,0,1,0
253,602,51,1,0,0
254,126,238,1,0,0
255,91,474,0,1,0
256,647,390,1,0,0
257,715,590,0,1,0
258,554,586,1,0,0
259,760,824,1,1,0
260,846,504,0,1,0
261,514,572,1,0,0
262,2,515,0,1,0
263,924,631,0,1,0
264,120,614,0,1,0
265,162,350,0,1,0
266,96,886,1,0,0
267,300,58,1,1,0
268,761,135,0,1,0
269,892,0,1,0,0
270,829,670,1,1,0
271,738,237,1,0,0
272,847,950,1,0,1
273,511,715,1,0,0
274,143,438,1,0,1
275,172,946,0,1,0
276,477,61,0,0,1
277,626,665,1,0,0
278,510,509,1,0,0
279,384,3,1,0,0
280,265,231,1,1,0
281,157,725,1,0,0
282,497,681,1,0,0
283,970,888,1,0,0
284,799,701,0,1,0
285,821,8,1,0,0
286,873,954,1,0,1
287,4,39,0,1,0
288,4,695,1,1,0
289,196,750,1,0,0
290,540,360,0,1,0
291,863,126,1,0,1
292,55,858,1,0,0
293,2,244,1,0,0
294,28,880,1,0,0
295,238,681,1,1,0
296,215,706,1,0,0
297,358,144,0,1,0
298,713,742,0,1,0
299,91,283,1,1,0
300,464,738,1,0,1
301,676,572,1,0,1
302,114,187,0,0,1
303,5,498,0,1,0
304,560,270,0,1,0
305,942,5,1,0,0
306,716,126,0,1,0
307,615,261,1,0,1
308,838,10,1,0,0
309,490,292,1,0,1
310,900,331,0,1,0
311,740,476,0,1,0
312,211,768,0,1,0
313,352,8,1,0,0
314,8,244,1,0,0
315,855,706,0,1,0
316,3,790,0,1,0
317,766,750,0,0,1
318,564,720,1,0,0
319,61,990,1,0,0
320,659,858,1,0,0
321,813,608,1,0,1
322,800,734,0,1,0
323,774,609,1,0,1
324,5,503,0,1,0
325,607,825,0,1,0
326,363,77,1,1,0
327,840,491,1,1,0
328,125,456,1,1,0
329,153,471,0,1,0
330,646,810,1,1,0
331,4,150,0,1,0
332,714,921,0,1,0
333,220,902,0,1,0
334,274,431,0,1,0
335,816,692,0,1,0
336,828,309,0,1,0
337,450,116,0,1,0
338,758,0,0,1,0
339,0,707,1,0,0
340,897,642,0,1,0
341,790,695,0,1,0
342,474,663,1,0,0
343,557,2,0,1,0
344,980,946,1,0,0
345,472,571,1,0,0
346,234,272,1,1,0
347,327,475,0,1,0
348,299,438,0,1,0
349,807,165,1,0,0
350,115,817,1,1,0
351,518,271,1,0,1
352,390,872,1,1,0
353,836,744,1,1,0
354,920,892,0,1,0
355,61,744,1,1,0
356,120,684,1,1,0
357,96,431,0,1,0
358,542,621,1,0,0
359,616,947,0,1,0
360,336,387,0,1,0
361,5,816,1,0,0
362,713,3,0,1,0
363,680,341,1,1,0
364,846,891,0,1,0
365,850,876,0,1,0
366,340,152,0,1,0
367,420,662,1,0,0
368,217,416,0,1,0
369,141,470,1,0,1
370,665,863,0,1,0
371,1,886,1,0,0
372,736,582,1,0,1
373,367,949,0,1,0
374,858,857,0,1,0
375,473,152,0,1,0
376,203,797,1,0,0
377,461,834,0,1,0
378,482,658,1,0,0
379,126,782,1,0,0
380,781,366,0,1,0
381,841,678,1,0,1
382,752,388,0,1,0
383,462,10,1,0,0
384,829,184,1,0,0
385,438,7,1,0,1
386,885,762,0,1,0
387,293,128,1,0,0
388,751,7,0,1,0
389,379,139,1,0,1
390,3,21,0,1,0
391,72,903,1,0,0
392,200,105,0,1,0
393,255,847,0,1,0
394,761,551,0,1,0
395,257,6,1,0,0
396,88,505,1,1,0
397,949,818,1,0,0
398,195,159,0,1,0
399,668,78,1,0,0
400,513,401,1,0,0
401,738,580,0,0,1
402,296,463,0,1,0
403,309,62,0,1,0
404,254,571,1,1,0
405,890,163,1,0,0
406,779,472,1,1,0
407,323,505,0,1,0
408,6,755,1,0,0
409,608,109,1,0,0
410,269,674,1,0,1
411,447,10,1,0,1
412,515,338,1,0,0
413,737,843,0,1,0
414,256,807,0,1,0
415,490,194,1,1,0
416,140,554,0,1,0
417,504,898,0,1,0
418,313,852,0,1,0
419,377,322,0,1,0
420,707,491,1,1,0
421,865,757,0,1,0
422,61,717,1,0,1
423,351,111,1,0,1
424,148,331,0,1,0
425,155,370,0,1,0
426,34,814,0,1,0
427,338,595,1,1,0
428,980,2,1,0,0
429,581,972,0,1,0
430,355,113,1,0,0
431,594,700,1,1,0
432,885,297,1,0,0
433,851,491,1,1,0
434,391,789,1,0,0
435,832,391,1,0,0
436,488,10,1,0,0
437,843,629,0,1,0
438,514,596,1,0,0
439,878,194,1,0,0
440,289,76,0,1,0
441,759,552,1,0,1
442,416,495,1,0,0
443,237,319,1,0,0
444,194,195,1,0,0
445,254,461,0,1,0
446,793,666,0,1,0
447,407,942,0,1,0
448,710,114,1,0,0
449,100,267,1,0,0
450,906,302,0,1,0
451,301,5,0,1,0
452,983,117,1,1,0
453,215,713,1,0,0
454,554,682,1,0,0
455,589,292,0,1,0
456,990,900,1,0,0
457,626,366,0,1,0
458,351,781,0,1,0
459,10,840,1,0,0
460,978,9,1,0,0
461,400,442,1,0,0
462,606,556,1,0,1
463,835,438,1,0,0
464,583,842,0,1,0
465,832,543,0,1,0
466,317,172,1,0,0
467,487,407,1,0,0
468,27,4,1,0,1
469,681,377,0,1,0
470,689,5,0,1,0
471,23,533,0,1,0
472,854,9,1,0,0
473,2,564,1,1,0
474,269,88,0,0,1
475,336,6,1,0,1
476,367,367,1,1,0
477,491,498,1,0,0
478,382,882,1,0,1
479,811,241,1,0,0
480,849,422,1,0,0
481,285,257,1,0,1
482,237,842,1,0,1
483,514,890,0,1,0
484,932,733,0,1,0
485,630,623,0,1,0
486,335,451,0,1,0
487,120,633,1,1,0
488,358,790,1,0,0
489,584,337,1,0,1
490,900,843,1,0,1
491,392,314,0,1,0
492,990,15,1,0,0
493,754,98,1,1,0
494,563,253,0,1,0
495,136,612,0,1,0
496,97,100,1,0,0
497,609,476,0,1,0
498,166,744,1,0,0
499,928,253,1,0,1
500,319,213,1,0,1
501,120,958,1,0,0
502,567,8,0,1,0
503,754,1,0,1,0
504,253,356,1,0,0
505,655,473,1,0,1
506,728,699,1,0,1
507,623,345,0,1,0
508,419,72,0,1,0
509,73,618,0,1,0
510,553,9,1,0,1
511,853,553,0,1,0
512,905,218,1,0,0
513,105,674,1,1,0
514,648,186,0,1,0
515,112,93,0,1,0
516,824,430,1,0,0
517,594,126,0,1,0
518,622,263,0,1,0
519,411,101,0,1,0
520,754,647,0,1,0
521,912,127,1,1,0
522,286,589,1,1,0
523,461,698,1,0,0
524,844,864,0,1,0
525,574,382,1,0,0
526,3,37,0,1,0
527,414,392,1,0,0
528,754,3,0,1,0
529,337,533,1,0,1
530,923,587,1,0,1
531,485,726,1,0,0
532,102,903,0,1,0
533,105,182,0,1,0
534,846,476,1,0,0
535,218,885,0,1,0
536,853,665,0,1,0
537,394,590,1,0,0
538,404,99,0,1,0
539,571,339,1,1,0
540,513,653,1,0,0
541,545,678,1,0,0
542,662,469,1,1,0
543,5,46,1,0,0
544,349,270,1,0,0
545,52,8,1,0,0
546,118,384,0,1,0
547,452,455,1,0,0
548,79,733,1,0,0
549,607,534,0,1,0
550,803,398,0,1,0
551,239,968,1,0,0
552,891,310,1,0,1
553,381,833,1,0,0
554,477,704,1,0,0
555,193,854,0,1,0
556,367,652,0,1,0
557,297,988,0,1,0
558,826,584,1,0,1
559,721,493,0,1,0
560,726,645,1,0,0
561,688,714,0,1,0
562,886,606,0,1,0
563,407,945,0,1,0
564,1,142,1,0,1
565,221,688,1,0,0
566,228,93,0,1,0
567,239,351,1,0,0
568,766,128,0,1,0
569,155,935,1,0,0
570,800,640,1,0,1
571,280,628,1,0,0
572,529,267,0,1,0
573,227,599,1,1,0
574,898,469,1,0,0
575,518,176,0,1,0
576,105,877,1,0,0
577,320,840,1,0,0
578,174,193,1,1,0
579,744,123,0,1,0
580,194,796,1,0,0
581,3,370,1,0,0
582,365,322,1,1,0
583,523,917,0,1,0
584,278,198,1,0,1
585,171,549,1,0,0
586,798,296,1,1,0
587,801,4,0,1,0
588,205,508,1,0,0
589,569,749,1,0,0
590,534,340,0,1,0
591,801,384,1,1,0
592,835,891,0,1,0
593,266,687,0,1,0
594,754,599,0,1,0
595,549,905,1,0,1
596,316,842,0,1,0
597,758,526,0,1,0
598,142,268,1,0,0
599,104,433,0,1,0
600,903,261,0,1,0
601,752,766,0,1,0
602,752,510,0,1,0
603,7,429,0,1,0
604,561,71,0,1,0
605,381,409,0,1,0
606,811,0,1,1,0
607,123,305,0,1,0
608,566,645,1,0,0
609,309,343,1,0,0
610,782,908,1,0,0
611,410,219,1,0,0
612,246,866,0,1,0
613,73,536,0,1,0
614,642,795,1,1,0
615,507,9,0,1,0
616,956,772,1,0,0
617,717,592,0,1,0
618,468,219,0,1,0
619,690,222,0,1,0
620,941,76,0,1,0
621,497,349,1,0,0
622,539,7,0,1,0
623,169,317,1,1,0
624,704,345,1,0,1
625,287,504,1,0,0
626,5,20,0,1,0
627,135,326,0,1,0
628,833,1,1,0,0
629,672,725,0,1,0
630,743,492,0,1,0
631,913,974,1,0,0
632,977,798,1,0,0
633,217,305,0,1,0
634,883,272,0,1,0
635,499,895,0,1,0
636,806,868,0,1,0
637,129,435,0,1,0
638,354,514,1,0,0
639,631,349,1,0,1
640,109,750,1,0,0
641,988,579,0,1,0
642,2,967,0,1,0
643,890,595,0,1,0
644,441,284,0,1,0
645,77,202,0,1,0
646,584,275,0,1,0
647,5,644,0,1,0
648,71,328,0,1,0
649,695,442,0,1,0
650,954,990,1,0,0
651,810,333,0,1,0
652,219,433,1,1,0
653,219,4,1,0,0
654,9,824,1,0,0
655,508,8,0,1,0
656,457,419,1,0,0
657,595,213,0,1,0
658,287,743,0,1,0
659,230,53,1,1,0
660,296,116,1,0,1
661,335,646,1,1,0
662,337,44,1,0,0
663,724,413,0,1,0
664,90,690,1,0,0
665,223,548,1,1,0
666,107,396,0,1,0
667,624,156,1,1,0
668,889,628,0,1,0
669,921,6,1,0,0
670,188,307,0,1,0
671,778,703,1,1,0
672,900,678,0,1,0
673,815,300,1,0,1
674,680,255,0,1,0
675,612,562,1,0,0
676,842,804,1,0,0
677,885,903,1,1,0
678,460,408,1,0,0
679,8,147,0,1,0
680,544,489,1,0,0
681,489,2,1,0,0
682,203,691,1,0,0
683,65,604,0,1,0
684,204,86,0,1,0
685,368,143,1,0,1
686,894,111,0,1,0
687,827,511,1,0,1
688,579,774,0,1,0
689,793,709,1,1,0
690,605,599,1,0,0
691,280,747,0,1,0
692,800,777,0,1,0
693,533,872,0,1,0
694,756,282,1,0,0
695,619,435,0,1,0
696,794,378,1,0,1
697,597,366,0,1,0
698,208,446,1,0,1
699,165,741,1,0,0
700,716,329,1,1,0
701,62,947,1,0,0
702,555,382,1,0,0
703,397,6,1,0,0
704,325,881,0,1,0
705,5,645,0,1,0
706,556,923,1,0,1
707,480,699,1,0,0
708,858,281,0,1,0
709,536,10,0,1,0
710,667,187,0,1,0
711,433,585,1,0,0
712,6,579,1,0,0
713,876,871,0,1,0
714,849,435,1,0,0
715,582,4,0,1,0
716,76,794,1,0,0
717,789,704,1,1,0
718,379,429,1,1,0
719,610,902,0,1,0
720,360,414,0,1,0
721,812,128,1,0,0
722,936,162,1,0,0
723,901,893,0,1,0
724,88,826,0,1,0
725,534,172,1,1,0
726,371,441,0,1,0
727,4,951,1,0,0
728,446,780,1,1,0
729,9,523,0,1,0
730,140,246,1,0,0
731,129,729,1,0,0
732,532,855,1,0,1
733,394,158,1,0,1
734,2,268,1,0,0
735,257,546,0,1,0
736,505,511,1,0,0
737,199,4,1,0,0
738,57,852,1,0,0
739,135,701,1,1,0
740,66,161,0,1,0
741,937,3,1,0,0
742,718,849,0,1,0
743,318,665,0,1,0
744,878,608,0,1,0
745,433,811,1,0,1
746,155,313,1,1,0
747,4,520,1,0,1
748,483,629,1,0,0
749,919,144,1,0,0
750,990,874,1,0,0
751,896,54,1,0,0
752,321,452,1,0,1
753,0,945,1,0,0
754,533,254,0,1,0
755,488,489,1,0,0
756,880,500,0,1,0
757,888,800,0,1,0
758,502,800,0,1,0
759,8,160,1,0,1
760,617,210,0,1,0
761,541,942,0,1,0
762,650,576,0,1,0
763,867,473,1,0,0
764,334,1,0,1,0
765,427,725,1,1,0
766,743,437,0,1,0
767,209,681,1,0,0
768,946,0,1,0,0
769,351,10,1,0,0
770,364,159,1,0,1
771,314,514,0,1,0
772,851,709,0,1,0
773,862,590,0,1,0
774,864,520,0,1,0
775,595,722,0,1,0
776,857,328,1,1,0
777,190,79,0,1,0
778,932,666,1,0,0
779,118,8,1,0,0
780,232,801,0,1,0
781,661,528,0,1,0
782,357,113,1,1,0
783,191,288,1,1,0
784,289,964,1,0,1
785,773,76,1,0,1
786,878,75,1,0,0
787,621,851,0,1,0
788,10,911,1,0,0
789,77,947,1,0,0
790,563,117,0,1,0
791,212,642,0,1,0
792,2,983,1,0,0
793,21,690,0,1,0
794,246,608,0,1,0
795,931,698,1,0,1
796,443,659,1,0,0
797,909,309,0,1,0
798,865,545,0,1,0
799,836,431,1,0,0
800,499,505,1,0,0
801,249,204,1,0,0
802,371,296,0,1,0
803,254,159,0,1,0
804,501,4,0,1,0
805,751,267,1,0,0
806,915,399,0,1,0
807,419,129,1,0,1
808,789,579,0,1,0
809,975,227,0,1,0
810,848,651,0,1,0
811,657,432,0,1,0
812,883,607,0,1,0
813,222,614,1,1,0
814,823,10,1,0,0
815,536,381,1,0,0
816,537,177,0,1,0
817,374,823,1,0,0
818,701,546,1,0,1
819,870,916,0,1,0
820,142,700,1,1,0
821,531,85,0,1,0
822,288,638,0,1,0
823,959,862,0,1,0
824,69,711,1,0,0
825,563,775,1,1,0
826,399,6,1,0,0
827,616,885,0,1,0
828,581,944,0,1,0
829,740,507,0,1,0
830,568,684,1,0,0
831,573,597,1,0,0
832,229,421,0,1,0
833,161,1,0,1,0
834,10,194,1,0,0
835,771,473,0,1,0
836,458,267,1,0,1
837,933,755,1,0,0
838,73,400,1,0,1
839,939,953,1,0,0
840,231,549,0,1,0
841,380,706,1,0,0
842,281,976,0,1,0
843,514,590,1,0,0
844,142,377,1,0,1
845,693,188,0,1,0
846,436,270,0,1,0
847,221,710,1,0,0
848,876,790,0,1,0
849,946,816,0,1,0
850,593,9,0,1,0
851,396,596,1,0,0
852,252,846,1,0,1
853,129,682,0,1,0
854,469,212,0,1,0
855,253,430,0,1,0
856,426,872,0,1,0
857,298,775,1,0,0
858,405,414,1,0,0
859,965,107,0,1,0
860,409,924,0,1,0
861,790,911,0,1,0
862,4,280,1,0,0
863,769,60,1,0,0
864,176,341,0,1,0
865,256,542,1,0,1
866,72,237,1,0,0
867,56,199,0,1,0
868,716,693,0,1,0
869,608,401,0,1,0
870,671,888,1,1,0
871,298,731,0,1,0
872,126,278,1,0,0
873,920,448,0,1,0
874,703,360,0,1,0
875,927,933,1,0,0
876,934,725,0,1,0
877,246,301,1,0,0
878,947,532,0,1,0
879,597,750,1,0,0
880,352,930,0,1,0
881,501,480,1,0,0
882,1,31,1,0,1
883,855,303,0,1,0
884,5,672,0,1,0
885,538,843,0,1,0
886,481,184,0,1,0
887,349,722,0,1,0
888,570,202,0,1,0
889,159,50,1,0,1
890,592,700,0,1,0
891,479,307,0,1,0
892,943,686,1,0,1
893,47,848,1,0,0
894,504,975,1,0,0
895,93,0,1,0,0
896,870,293,1,0,0
897,737,238,1,0,0
898,346,216,0,1,0
899,101,953,1,0,0
900,500,376,1,0,0
901,587,8,0,1,0
902,288,731,1,0,1
903,674,666,1,0,0
904,918,698,0,1,0
905,660,524,0,1,0
906,2,112,1,0,0
907,248,770,1,1,0
908,175,624,0,1,0
909,99,944,1,0,0
910,990,389,1,0,1
911,219,219,0,1,0
912,603,695,0,1,0
913,604,687,0,1,0
914,554,187,0,1,0
915,584,403,0,1,0
916,793,961,0,1,0
917,376,878,1,0,1
918,2,403,1,0,0
919,525,367,1,0,0
920,585,631,1,0,0
921,343,854,1,0,1
922,584,795,0,1,0
923,669,412,1,0,1
924,605,169,1,0,0
925,427,834,0,1,0
926,969,604,0,1,0
927,217,10,1,0,0
928,654,517,0,1,0
929,854,479,1,1,0
930,418,10,1,0,0
931,917,631,0,1,0
932,183,75,0,1,0
933,521,578,1,0,0
934,918,927,1,1,0
935,170,87,1,0,1
936,778,6,0,1,0
937,676,319,1,0,0
938,475,495,1,0,0
939,415,507,1,0,0
940,395,884,0,1,0
941,92,330,0,1,0
942,710,189,1,0,1
943,696,177,0,1,0
944,887,20,1,0,0
945,188,384,1,1,0
946,517,873,0,1,0
947,637,856,0,1,0
948,0,908,1,0,0
949,932,501,0,1,0
950,381,638,1,1,0
951,244,553,0,1,0
952,428,2,0,1,0
953,526,648,1,0,0
954,578,535,0,1,0
955,180,0,1,1,0
956,314,217,0,1,0
957,403,242,1,0,0
958,435,246,0,1,0
959,774,674,0,1,0
960,628,918,0,1,0
961,221,647,0,1,0
962,731,990,1,0,1
963,237,383,0,1,0
964,61,5,1,0,0
965,361,158,0,1,0
966,523,203,1,1,0
967,1,793,0,1,0
968,243,267,1,1,0
969,146,27,0,1,0
970,2,673,0,1,0
971,456,573,1,0,0
972,517,200,0,1,0
973,742,801,0,1,0
974,1,719,1,0,0
975,395,459,1,0,0
976,810,692,1,0,1
977,322,642,0,1,0
978,544,166,0,1,0
979,257,802,0,1,0
980,748,389,0,1,0
981,609,897,0,1,0
982,475,245,0,1,0
983,425,471,1,0,0
984,246,412,0,1,0
985,413,290,0,1,0
986,597,930,0,1,0
987,721,1,1,1,0
988,494,298,0,1,0
989,132,656,0,1,0
990,60,574,1,0,1
991,629,158,0,1,0
992,240,82,0,1,0
993,5,24,0,1,0
994,195,187,0,1,0
995,694,901,0,1,0
996,600,631,1,0,0
997,95,156,1,0,1
998,705,592,0,1,0
999,706,558,0,1,0
