Index,x,y,alive,infected,immune
0,786,302,0,1,0
1,17,679,1,0,1
2,966,201,0,0,1
3,516,831,1,0,1
4,888,774,0,1,0
5,438,114,0,1,0
6,467,79,0,1,0
7,2,559,0,1,0
8,294,784,1,0,1
9,877,583,0,1,0
10,415,139,0,1,0
11,633,151,0,1,0
12,502,967,0,1,0
13,77,308,0,1,0
14,862,281,0,1,0
15,61,753,0,1,0
16,496,295,1,0,1
17,762,673,0,1,0
18,986,181,0,1,0
19,610,818,0,1,0
20,942,583,0,1,0
21,305,371,0,1,0
22,420,831,0,1,0
23,245,89,1,0,1
24,212,403,0,1,0
25,2,153,0,1,0
26,795,9,0,1,0
27,688,443,0,1,0
28,81,127,0,1,0
29,479,883,0,1,0
30,718,725,0,1,0
31,561,8,0,1,0
32,771,909,1,0,1
33,959,293,1,0,1
34,268,852,0,1,0
35,281,2,0,1,0
36,629,7,1,0,1
37,919,683,0,1,0
38,0,585,0,1,0
39,415,765,0,1,0
40,178,47,0,1,0
41,653,546,1,0,1
42,485,181,1,0,1
43,118,412,0,1,0
44,470,296,0,1,0
45,211,110,0,1,0
46,549,910,1,0,1
47,792,590,0,1,0
48,726,340,0,1,0
49,451,159,0,1,0
50,494,908,0,1,0
51,840,683,0,1,0
52,87,399,0,1,0
53,148,362,0,1,0
54,297,798,0,1,0
55,559,292,0,0,1
56,692,172,0,1,0
57,534,256,0,1,0
58,189,388,0,1,0
59,990,407,0,1,0
60,225,601,0,1,0
61,594,9,0,1,0
62,367,969,0,1,0
63,156,424,0,1,0
64,5,962,0,1,0
65,1,349,1,0,1
66,50,796,0,1,0
67,796,819,0,1,0
68,629,762,0,1,0
69,728,915,0,1,0
70,578,835,0,1,0
71,747,10,0,1,0
72,557,765,0,1,0
73,611,763,0,1,0
74,335,1,0,1,0
75,990,163,1,0,1
76,122,355,0,1,0
77,424,247,1,0,1
78,370,750,1,0,1
79,927,83,0,1,0
80,123,517,0,1,0
81,766,848,0,1,0
82,123,109,0,1,0
83,275,917,0,1,0
84,369,549,0,1,0
85,210,329,0,1,0
86,372,671,1,0,1
87,836,606,0,1,0
88,536,157,0,1,0
89,647,904,0,1,0
90,264,219,0,1,0
91,237,500,0,1,0
92,273,493,0,1,0
93,510,922,0,1,0
94,664,421,0,1,0
95,220,918,0,1,0
96,768,941,0,1,0
97,546,536,0,1,0
98,145,47,0,1,0
99,672,174,0,1,0
100,216,264,0,1,0
101,735,376,1,1,0
102,688,891,1,0,1
103,6,33,0,0,1
104,668,470,1,0,1
105,585,587,1,0,0
106,867,244,1,1,0
107,605,205,0,1,0
108,879,397,0,1,0
109,813,602,0,0,1
110,338,863,1,1,0
111,5,776,0,1,0
112,752,452,0,1,0
113,841,367,0,1,0
114,577,326,0,1,0
115,915,527,0,1,0
116,81,970,1,0,0
117,716,858,0,1,0
118,413,6,1,0,0
119,201,748,1,0,0
120,704,504,1,0,1
121,876,526,0,1,0
122,4,481,1,0,0
123,685,95,1,0,0
124,281,400,0,1,0
125,826,616,1,0,1
126,808,1,0,1,0
127,676,766,0,1,0
128,213,751,1,0,1
129,531,5,0,1,0
130,446,858,0,1,0
131,4,180,1,0,0
132,911,274,0,1,0
133,1,274,0,1,0
134,652,612,0,1,0
135,317,437,0,1,0
136,207,206,0,1,0
137,575,561,1,0,0
138,609,697,1,0,1
139,620,163,1,0,1
140,2,421,0,1,0
141,635,673,1,0,1
142,559,402,1,1,0
143,784,146,0,1,0
144,376,619,0,1,0
145,183,75,0,1,0
146,513,567,1,0,0
147,469,679,1,0,0
148,761,325,0,1,0
149,298,182,0,1,0
150,102,193,1,0,1
151,658,410,0,1,0
152,371,436,1,0,1
153,314,358,0,1,0
154,6,901,1,0,0
155,76,120,0,1,0
156,583,567,1,0,0
157,229,291,0,1,0
158,411,707,1,0,0
159,873,598,0,1,0
160,801,731,0,1,0
161,155,569,0,1,0
162,798,798,0,1,0
163,642,194,0,1,0
164,56,542,0,1,0
165,541,860,0,1,0
166,858,320,0,1,0
167,245,217,0,1,0
168,238,8,0,1,0
169,883,992,1,0,0
170,520,685,1,1,0
171,959,520,0,1,0
172,126,246,1,0,0
173,1,926,1,0,0
174,126,904,1,1,0
175,49,70,1,0,0
176,610,395,0,1,0
177,393,426,0,1,0
178,410,636,0,1,0
179,709,6,0,1,0
180,513,83,0,1,0
181,972,599,0,1,0
182,443,884,0,1,0
183,745,252,1,0,0
184,319,321,1,0,0
185,525,37,1,0,0
186,861,329,1,0,1
187,689,481,0,1,0
188,394,990,0,1,0
189,847,81,1,0,0
190,952,523,0,1,0
191,950,1,0,1,0
192,919,225,0,1,0
193,457,220,0,1,0
194,3,537,0,1,0
195,513,328,0,1,0
196,1,676,1,0,1
197,966,990,1,0,0
198,780,916,0,1,0
199,846,578,0,1,0
200,514,602,1,0,0
201,180,797,1,0,0
202,234,855,0,1,0
203,947,6,0,1,0
204,39,725,1,0,0
205,661,935,0,1,0
206,187,310,1,1,0
207,765,296,0,1,0
208,278,633,0,1,0
209,794,50,1,0,1
210,233,990,1,0,0
211,735,775,0,1,0
212,77,592,0,1,0
213,591,787,0,1,0
214,990,506,1,0,0
215,533,724,1,0,0
216,307,72,0,1,0
217,370,259,0,1,0
218,625,417,0,1,0
219,309,10,1,0,1
220,4,785,0,0,1
221,727,164,0,1,0
222,5,550,0,1,0
223,389,147,0,1,0
224,262,465,0,1,0
225,665,658,0,1,0
226,328,541,1,1,0
227,490,666,1,0,0
228,951,709,0,1,0
229,442,330,1,0,0
230,268,149,0,1,0
231,961,178,1,0,0
232,815,140,1,0,0
233,215,770,0,1,0
234,447,640,0,1,0
235,662,493,0,1,0
236,342,883,0,1,0
237,308,6,0,1,0
238,533,397,1,0,0
239,227,881,0,1,0
240,265,98,0,0,1
241,269,914,0,1,0
242,327,255,0,1,0
243,214,362,1,0,1
244,234,853,0,1,0
245,835,607,1,0,1
246,753,181,1,0,1
247,555,866,0,1,0
248,321,6,0,1,0
249,676,798,0,1,0
250,868,565,0,1,0
251,889,643,1,0,1
252,707,649,0,1,0
253,666,38,1,0,0
254,180,257,1,0,0
255,98,469,0,1,0
256,655,410,1,1,0
257,724,598,0,1,0
258,571,608,1,0,0
259,784,811,1,0,1
260,826,467,0,1,0
261,544,540,1,0,0
262,9,515,0,1,0
263,888,632,0,1,0
264,102,598,0,1,0
265,167,390,0,1,0
266,94,938,1,0,0
267,249,52,0,0,1
268,724,148,0,1,0
269,892,3,1,0,0
270,861,672,1,0,1
271,754,271,1,0,0
272,875,963,1,0,1
273,492,672,1,0,0
274,126,410,1,0,1
275,138,981,0,1,0
276,506,131,0,0,1
277,665,580,1,1,0
278,528,483,1,0,0
279,384,2,1,0,0
280,276,254,0,1,0
281,183,702,0,1,0
282,468,626,1,0,0
283,990,904,1,0,0
284,816,744,0,1,0
285,821,0,0,1,0
286,873,955,1,0,1
287,0,39,0,1,0
288,4,695,0,1,0
289,116,758,1,1,0
290,554,398,0,1,0
291,824,122,1,0,1
292,65,861,1,0,0
293,8,244,0,1,0
294,54,854,1,1,0
295,230,673,0,1,0
296,258,727,1,1,0
297,332,139,0,1,0
298,689,725,0,1,0
299,110,266,1,0,1
300,463,703,1,0,1
301,702,561,1,0,1
302,129,151,0,0,1
303,7,498,0,1,0
304,549,280,0,1,0
305,942,1,1,1,0
306,716,134,0,1,0
307,596,288,1,0,1
308,838,10,1,0,0
309,453,285,1,0,1
310,853,323,0,1,0
311,749,489,0,1,0
312,227,757,0,1,0
313,352,8,1,0,0
314,3,244,0,1,0
315,858,746,0,1,0
316,6,790,0,1,0
317,759,759,0,0,1
318,599,761,0,1,0
319,61,990,1,0,0
320,709,865,0,1,0
321,794,601,1,0,1
322,795,766,0,1,0
323,826,638,1,0,1
324,6,503,0,1,0
325,571,859,0,1,0
326,342,74,0,1,0
327,810,500,0,1,0
328,135,479,0,1,0
329,108,447,0,1,0
330,625,777,0,1,0
331,8,150,0,1,0
332,696,932,0,1,0
333,182,916,0,1,0
334,226,403,0,1,0
335,806,676,0,1,0
336,835,298,0,1,0
337,384,98,0,1,0
338,758,5,0,1,0
339,3,707,1,0,0
340,928,646,0,1,0
341,816,681,0,1,0
342,486,665,1,0,0
343,557,1,0,1,0
344,955,963,1,0,0
345,443,577,1,0,0
346,196,262,1,0,1
347,328,460,0,1,0
348,332,449,0,1,0
349,771,149,1,1,0
350,73,829,1,0,1
351,498,280,1,0,1
352,340,878,0,1,0
353,828,808,0,1,0
354,894,946,0,1,0
355,9,791,1,0,1
356,94,710,0,1,0
357,117,419,0,1,0
358,550,595,1,0,0
359,624,926,0,1,0
360,373,352,0,1,0
361,5,816,0,1,0
362,713,7,0,1,0
363,620,323,1,0,1
364,886,883,0,1,0
365,829,839,0,1,0
366,351,191,0,1,0
367,433,625,0,1,0
368,220,397,0,1,0
369,176,441,1,0,1
370,657,877,0,1,0
371,2,886,1,0,0
372,755,616,1,0,1
373,374,970,0,1,0
374,866,911,0,1,0
375,508,158,0,1,0
376,205,798,0,1,0
377,508,858,0,1,0
378,503,646,1,0,0
379,109,788,1,0,0
380,810,402,0,1,0
381,837,669,1,0,1
382,712,411,0,1,0
383,462,10,1,0,0
384,819,156,1,0,0
385,438,7,1,0,1
386,880,757,0,1,0
387,311,105,1,0,0
388,751,0,0,1,0
389,375,140,1,0,1
390,6,21,0,1,0
391,89,903,1,0,0
392,204,71,0,1,0
393,291,825,0,1,0
394,743,560,0,1,0
395,257,0,1,0,0
396,75,518,0,1,0
397,3,827,0,1,0
398,223,154,0,1,0
399,661,101,1,0,0
400,541,442,1,0,0
401,730,538,0,0,1
402,358,492,0,1,0
403,306,93,0,1,0
404,173,568,0,1,0
405,906,148,1,0,0
406,758,474,0,1,0
407,318,493,0,1,0
408,6,755,1,0,0
409,594,85,0,1,0
410,299,654,1,0,1
411,447,10,1,0,1
412,527,315,1,1,0
413,747,785,0,1,0
414,242,828,0,1,0
415,497,235,1,0,1
416,144,526,0,1,0
417,541,883,0,1,0
418,292,844,0,1,0
419,401,261,0,1,0
420,722,541,0,1,0
421,878,746,0,1,0
422,62,714,1,0,1
423,301,78,1,0,1
424,151,346,0,1,0
425,154,383,0,1,0
426,57,796,0,1,0
427,341,553,1,0,1
428,980,8,1,0,0
429,556,959,0,1,0
430,351,134,0,1,0
431,576,711,0,1,0
432,892,288,0,1,0
433,843,486,1,0,1
434,392,806,1,0,0
435,816,390,0,1,0
436,488,10,1,0,0
437,802,618,0,1,0
438,499,617,1,0,0
439,871,186,1,0,0
440,312,77,0,1,0
441,746,576,1,0,1
442,448,484,1,0,0
443,216,255,0,1,0
444,113,208,0,0,1
445,265,453,0,1,0
446,809,703,0,1,0
447,416,934,0,1,0
448,689,82,1,0,0
449,98,264,1,0,0
450,896,304,0,1,0
451,301,5,0,1,0
452,958,121,1,0,1
453,192,675,1,0,0
454,609,664,1,1,0
455,608,252,0,1,0
456,990,900,1,0,0
457,640,393,0,1,0
458,332,794,0,1,0
459,10,840,1,0,0
460,978,2,1,0,0
461,421,411,1,0,1
462,605,552,1,0,1
463,840,519,1,1,0
464,529,827,0,1,0
465,830,511,0,1,0
466,279,155,1,1,0
467,459,418,1,0,0
468,27,6,1,0,1
469,727,394,0,1,0
470,689,4,0,1,0
471,2,530,0,1,0
472,854,6,1,0,0
473,7,564,1,0,1
474,258,80,0,0,1
475,336,8,1,0,1
476,350,366,0,1,0
477,485,472,1,0,0
478,381,869,1,0,1
479,790,232,1,0,0
480,839,444,0,1,0
481,275,226,1,0,1
482,254,803,1,0,1
483,555,915,0,1,0
484,914,754,0,1,0
485,627,615,0,1,0
486,333,474,0,1,0
487,130,581,0,0,1
488,359,797,1,0,0
489,607,383,1,0,1
490,890,831,1,0,1
491,373,318,0,1,0
492,990,15,1,0,0
493,778,103,0,1,0
494,559,245,0,1,0
495,120,561,0,1,0
496,149,140,0,1,0
497,611,435,0,1,0
498,136,749,1,1,0
499,908,259,1,0,1
500,315,225,1,0,1
501,119,949,1,0,0
502,567,1,0,1,0
503,754,5,0,1,0
504,242,357,0,1,0
505,633,457,1,0,1
506,728,706,1,0,1
507,611,352,0,1,0
508,343,104,0,1,0
509,91,644,0,1,0
510,553,9,1,0,1
511,866,534,0,1,0
512,887,182,1,0,0
513,87,674,1,0,1
514,648,174,0,1,0
515,108,103,0,1,0
516,825,376,0,1,0
517,609,158,0,1,0
518,637,238,0,1,0
519,396,92,0,1,0
520,723,659,0,1,0
521,918,92,0,1,0
522,312,592,1,0,1
523,473,712,1,0,0
524,810,859,0,1,0
525,616,422,1,1,0
526,5,37,0,1,0
527,406,411,1,1,0
528,754,8,0,1,0
529,314,569,1,0,1
530,910,535,1,0,1
531,489,718,1,0,0
532,105,897,0,1,0
533,72,207,0,1,0
534,832,421,0,1,0
535,225,871,0,1,0
536,874,667,0,1,0
537,363,553,0,1,0
538,422,167,0,1,0
539,574,372,1,0,1
540,520,706,0,1,0
541,529,694,1,1,0
542,670,473,0,1,0
543,9,46,0,1,0
544,315,303,1,0,0
545,52,0,1,0,0
546,128,417,0,1,0
547,424,417,1,1,0
548,67,739,1,0,0
549,600,557,0,1,0
550,762,372,0,1,0
551,260,942,1,0,0
552,888,307,1,0,1
553,384,848,1,1,0
554,508,752,1,0,0
555,162,874,0,1,0
556,337,572,0,1,0
557,299,3,0,1,0
558,853,563,1,0,1
559,727,529,0,1,0
560,764,654,0,1,0
561,695,751,0,1,0
562,875,616,0,1,0
563,435,990,0,1,0
564,3,142,1,0,1
565,204,718,1,0,0
566,184,103,0,1,0
567,269,342,0,1,0
568,763,95,0,1,0
569,175,956,0,1,0
570,826,630,1,0,1
571,291,617,1,1,0
572,544,304,0,1,0
573,221,538,1,0,1
574,882,490,0,1,0
575,493,191,0,1,0
576,62,894,1,0,0
577,314,843,1,0,1
578,169,168,0,1,0
579,762,138,0,1,0
580,226,795,1,0,0
581,1,370,1,0,0
582,367,321,0,1,0
583,500,939,0,1,0
584,304,205,1,0,1
585,130,551,0,1,0
586,789,343,0,1,0
587,801,1,0,1,0
588,250,557,0,1,0
589,534,781,0,1,0
590,449,316,0,1,0
591,832,350,1,0,1
592,828,855,0,1,0
593,278,685,0,1,0
594,758,584,0,1,0
595,555,908,1,0,1
596,322,828,0,1,0
597,744,572,0,1,0
598,143,323,0,1,0
599,101,375,0,1,0
600,932,251,0,1,0
601,716,770,0,1,0
602,753,473,0,1,0
603,1,429,0,1,0
604,532,66,0,1,0
605,378,410,0,1,0
606,811,9,1,0,1
607,144,326,0,1,0
608,565,661,1,0,0
609,314,378,0,1,0
610,764,931,0,1,0
611,433,269,0,1,0
612,325,884,0,1,0
613,60,536,0,1,0
614,618,744,1,0,1
615,507,9,0,1,0
616,934,801,1,0,0
617,726,617,0,1,0
618,459,225,0,1,0
619,654,215,0,1,0
620,0,76,0,1,0
621,529,317,0,1,0
622,539,6,0,1,0
623,148,337,0,1,0
624,707,377,1,0,1
625,252,487,1,1,0
626,6,20,0,1,0
627,186,344,0,1,0
628,833,1,1,0,0
629,641,641,0,1,0
630,755,495,0,1,0
631,910,953,1,1,0
632,990,792,1,0,0
633,204,289,0,1,0
634,855,302,0,1,0
635,511,884,0,1,0
636,789,847,0,1,0
637,160,477,0,1,0
638,370,549,1,0,0
639,640,356,1,0,1
640,133,738,1,1,0
641,1,586,0,1,0
642,2,967,0,1,0
643,928,567,0,1,0
644,460,268,0,1,0
645,84,198,0,1,0
646,596,232,0,1,0
647,7,644,0,1,0
648,70,296,0,1,0
649,719,401,0,1,0
650,954,990,1,1,0
651,797,322,0,1,0
652,259,414,0,1,0
653,219,5,1,0,0
654,2,824,0,1,0
655,508,0,0,1,0
656,398,409,0,1,0
657,638,224,0,1,0
658,289,706,0,1,0
659,262,54,1,0,1
660,285,125,1,0,1
661,334,606,1,0,1
662,325,92,1,1,0
663,700,425,0,1,0
664,118,629,0,1,0
665,227,527,0,1,0
666,129,412,0,1,0
667,558,133,0,1,0
668,912,644,0,1,0
669,921,4,1,0,0
670,221,370,0,1,0
671,819,686,0,1,0
672,894,655,0,1,0
673,801,299,1,0,1
674,682,318,0,1,0
675,615,567,1,0,0
676,824,864,1,1,0
677,869,929,0,1,0
678,474,377,1,0,0
679,1,147,0,1,0
680,544,493,1,0,0
681,489,4,1,0,0
682,191,727,1,0,0
683,25,605,0,1,0
684,185,79,0,1,0
685,389,161,1,0,1
686,890,113,0,1,0
687,810,534,1,0,1
688,564,789,0,1,0
689,818,714,1,0,1
690,612,573,1,0,0
691,286,752,0,1,0
692,854,746,0,1,0
693,482,887,0,1,0
694,715,262,1,0,0
695,643,402,0,1,0
696,777,396,1,0,1
697,563,342,0,1,0
698,185,451,1,0,1
699,162,694,1,1,0
700,778,312,1,0,1
701,98,918,1,0,0
702,512,409,0,1,0
703,397,0,1,0,0
704,274,838,0,1,0
705,4,645,0,1,0
706,590,957,1,0,1
707,506,691,1,0,0
708,862,250,0,1,0
709,536,10,0,1,0
710,691,173,0,1,0
711,419,586,1,0,0
712,2,579,0,1,0
713,894,837,0,1,0
714,873,421,0,1,0
715,582,5,0,1,0
716,68,835,0,1,0
717,768,722,1,0,1
718,391,385,1,0,1
719,644,884,0,1,0
720,393,408,0,1,0
721,820,84,1,0,0
722,973,151,1,0,0
723,909,915,0,1,0
724,117,841,0,1,0
725,538,198,0,1,0
726,331,475,0,1,0
727,1,951,1,0,0
728,482,818,0,0,1
729,4,523,0,1,0
730,193,208,1,1,0
731,151,723,0,1,0
732,518,824,1,0,1
733,433,150,1,0,1
734,7,268,0,1,0
735,188,584,0,1,0
736,515,472,1,0,0
737,199,9,1,0,0
738,60,833,1,1,0
739,129,710,0,1,0
740,88,136,0,1,0
741,937,4,1,1,0
742,705,816,0,1,0
743,352,619,0,1,0
744,847,614,0,1,0
745,472,851,1,0,1
746,165,324,1,0,1
747,0,520,1,0,1
748,496,664,1,0,0
749,917,133,1,0,0
750,990,874,1,0,0
751,943,78,0,1,0
752,310,472,1,0,1
753,0,945,1,0,0
754,540,246,0,1,0
755,484,507,1,0,0
756,869,502,0,1,0
757,897,816,0,1,0
758,502,783,0,1,0
759,7,160,1,0,1
760,612,216,0,1,0
761,554,947,0,1,0
762,655,526,0,1,0
763,821,507,0,1,0
764,334,7,0,1,0
765,384,754,1,0,1
766,719,472,0,1,0
767,265,772,1,1,0
768,946,9,0,1,0
769,351,10,1,0,0
770,380,140,1,0,1
771,336,483,0,1,0
772,857,687,0,1,0
773,893,616,0,1,0
774,858,545,0,1,0
775,588,706,0,1,0
776,861,350,1,0,1
777,153,95,0,1,0
778,924,642,0,1,0
779,118,4,1,0,0
780,233,828,0,1,0
781,648,581,0,1,0
782,386,117,0,1,0
783,178,232,1,0,1
784,228,1,1,0,1
785,745,79,1,0,1
786,882,121,1,1,0
787,584,870,0,1,0
788,10,911,1,0,0
789,81,919,1,0,0
790,538,125,0,1,0
791,189,653,0,1,0
792,0,983,1,0,0
793,9,688,0,1,0
794,223,582,0,1,0
795,917,715,1,0,1
796,426,699,1,0,0
797,948,242,0,1,0
798,900,525,0,1,0
799,864,487,0,1,0
800,482,498,1,0,0
801,269,172,1,1,0
802,401,299,0,1,0
803,270,171,0,1,0
804,501,5,0,1,0
805,775,228,1,0,0
806,882,401,0,1,0
807,399,115,1,0,1
808,813,633,0,1,0
809,7,242,0,1,0
810,839,692,0,1,0
811,688,412,0,1,0
812,858,639,0,1,0
813,168,630,1,0,1
814,823,10,0,1,0
815,513,356,0,1,0
816,523,160,0,1,0
817,398,866,1,1,0
818,703,567,1,0,1
819,803,922,0,1,0
820,146,674,0,1,0
821,531,113,0,1,0
822,247,659,0,1,0
823,990,839,0,1,0
824,43,715,1,0,0
825,539,792,0,1,0
826,399,3,1,0,0
827,635,884,0,1,0
828,605,952,0,1,0
829,723,487,0,1,0
830,619,687,0,1,0
831,592,583,1,0,0
832,253,436,0,1,0
833,161,1,0,1,0
834,10,194,1,0,0
835,770,510,0,1,0
836,438,297,1,0,1
837,919,758,1,0,0
838,43,422,1,0,1
839,964,965,1,0,0
840,224,556,0,1,0
841,388,704,1,0,0
842,264,978,0,1,0
843,560,594,1,0,0
844,142,353,1,0,1
845,703,161,0,1,0
846,451,253,0,1,0
847,202,648,1,1,0
848,894,822,0,1,0
849,984,841,0,1,0
850,593,8,0,1,0
851,433,615,1,1,0
852,310,810,1,0,1
853,168,688,0,1,0
854,484,180,0,1,0
855,187,414,0,1,0
856,415,885,0,1,0
857,312,777,1,0,0
858,396,430,1,1,0
859,929,135,0,1,0
860,394,868,0,1,0
861,787,929,0,1,0
862,0,280,0,1,0
863,761,43,1,0,0
864,188,340,0,1,0
865,283,553,1,0,1
866,94,231,0,1,0
867,75,200,0,1,0
868,676,695,0,1,0
869,662,426,0,1,0
870,674,839,1,0,1
871,353,723,0,1,0
872,58,214,0,1,0
873,902,515,0,1,0
874,668,367,0,1,0
875,902,933,0,1,0
876,947,727,0,1,0
877,231,269,0,1,0
878,923,562,0,1,0
879,593,763,1,1,0
880,359,960,0,1,0
881,480,498,1,0,0
882,2,31,1,0,1
883,854,312,0,1,0
884,6,672,0,1,0
885,567,877,0,1,0
886,480,148,0,1,0
887,353,719,0,1,0
888,571,218,0,1,0
889,156,34,1,0,1
890,588,705,0,1,0
891,499,281,0,1,0
892,945,672,1,0,1
893,17,858,1,0,0
894,516,990,1,1,0
895,93,6,1,0,0
896,860,297,0,1,0
897,749,207,1,0,0
898,306,229,0,1,0
899,95,960,1,0,0
900,492,364,1,1,0
901,587,0,0,1,0
902,262,755,1,0,1
903,634,671,0,1,0
904,965,695,0,1,0
905,645,495,0,1,0
906,0,112,1,0,0
907,235,780,1,0,1
908,196,597,0,1,0
909,72,941,1,0,0
910,990,389,1,0,1
911,184,279,0,1,0
912,601,656,0,1,0
913,604,710,0,1,0
914,571,221,0,1,0
915,628,380,0,1,0
916,797,955,0,1,0
917,390,882,1,0,1
918,8,403,1,0,0
919,557,379,1,1,0
920,595,642,1,0,0
921,309,828,1,0,1
922,624,804,0,1,0
923,669,460,1,0,1
924,584,137,0,1,0
925,430,853,0,1,0
926,987,660,0,1,0
927,217,10,1,0,0
928,668,530,0,1,0
929,850,499,1,0,1
930,418,10,1,0,0
931,930,640,0,1,0
932,167,82,0,1,0
933,491,561,1,0,0
934,927,971,0,1,0
935,145,77,1,0,1
936,778,0,0,1,0
937,670,290,1,1,0
938,438,457,1,0,0
939,386,518,1,0,0
940,384,897,0,1,0
941,103,295,0,1,0
942,707,204,1,0,1
943,707,155,0,1,0
944,905,17,1,0,0
945,167,383,1,0,1
946,483,876,0,1,0
947,641,838,0,1,0
948,7,908,1,0,0
949,937,508,0,1,0
950,379,577,1,0,1
951,243,594,0,1,0
952,428,9,0,1,0
953,498,651,1,0,0
954,606,513,0,1,0
955,180,4,0,1,0
956,341,202,0,1,0
957,400,235,1,0,0
958,400,292,0,1,0
959,791,663,0,1,0
960,615,963,0,1,0
961,237,646,0,1,0
962,731,990,1,0,1
963,273,347,0,1,0
964,61,3,1,0,0
965,339,137,0,1,0
966,507,266,1,0,1
967,7,793,0,1,0
968,270,296,0,0,1
969,68,21,0,1,0
970,0,673,0,1,0
971,490,591,1,0,0
972,500,136,0,1,0
973,750,795,0,1,0
974,6,719,1,0,0
975,344,438,0,1,0
976,821,654,1,0,1
977,311,643,0,1,0
978,504,155,0,1,0
979,263,782,0,1,0
980,707,394,0,1,0
981,635,884,0,1,0
982,458,226,0,1,0
983,445,493,1,0,0
984,225,433,0,1,0
985,446,319,0,1,0
986,586,972,0,1,0
987,721,6,1,0,1
988,521,298,0,1,0
989,122,685,0,1,0
990,69,570,1,0,1
991,680,132,0,1,0
992,218,54,0,1,0
993,5,24,0,1,0
994,190,173,0,1,0
995,707,862,0,1,0
996,638,608,1,1,0
997,74,94,1,0,1
998,722,604,0,1,0
999,709,547,0,1,0
