Index,x,y,alive,infected,immune
0,809,251,1,1,0
1,77,648,1,1,0
2,925,273,1,1,0
3,540,865,1,1,0
4,910,705,1,1,0
5,455,184,1,1,0
6,491,54,1,1,0
7,978,502,1,1,0
8,315,735,1,1,0
9,855,622,0,1,0
10,321,178,1,1,0
11,700,144,0,1,0
12,559,927,1,1,0
13,80,275,0,1,0
14,817,331,0,1,0
15,100,822,1,1,0
16,520,280,1,1,0
17,816,624,1,1,0
18,983,151,1,1,0
19,586,831,1,1,0
20,964,673,1,1,0
21,391,340,1,1,0
22,482,744,1,1,0
23,218,95,1,1,0
24,193,362,1,1,0
25,1,153,1,1,0
26,703,950,1,1,0
27,671,501,1,1,0
28,130,199,1,1,0
29,528,911,1,1,0
30,727,676,1,1,0
31,555,23,1,1,0
32,806,855,1,1,0
33,976,413,1,1,0
34,212,922,1,1,0
35,281,994,1,1,0
36,629,5,1,1,0
37,855,817,0,1,0
38,55,532,1,1,0
39,431,686,1,1,0
40,104,92,1,1,0
41,627,504,1,1,0
42,528,193,1,1,0
43,100,425,0,1,0
44,456,283,1,1,0
45,190,111,0,1,0
46,499,875,1,1,0
47,748,565,0,1,0
48,732,335,1,1,0
49,441,150,1,1,0
50,495,897,1,1,0
51,879,827,1,1,0
52,140,370,1,1,0
53,175,383,1,1,0
54,303,908,1,1,0
55,597,229,1,1,0
56,740,158,1,1,0
57,636,285,1,1,0
58,147,402,1,1,0
59,984,416,1,1,0
60,272,563,1,1,0
61,594,9,1,1,0
62,395,963,1,1,0
63,115,514,1,1,0
64,9,962,1,1,0
65,944,375,1,1,0
66,92,840,1,1,0
67,761,816,1,1,0
68,694,715,1,1,0
69,658,912,1,1,0
70,579,833,1,1,0
71,740,61,1,1,0
72,616,785,1,1,0
73,654,681,0,1,0
74,335,3,0,1,0
75,967,105,1,1,0
76,87,327,1,1,0
77,459,221,1,1,0
78,288,759,1,1,0
79,901,124,1,1,0
80,116,502,1,1,0
81,824,772,1,1,0
82,240,97,1,1,0
83,219,828,1,1,0
84,346,547,1,1,0
85,222,395,1,1,0
86,369,754,1,1,0
87,855,591,1,1,0
88,547,157,1,1,0
89,617,955,1,1,0
90,388,215,1,1,0
91,262,543,1,1,0
92,241,378,1,1,0
93,489,882,1,1,0
94,616,425,1,1,0
95,153,969,1,1,0
96,736,914,1,1,0
97,626,527,1,1,0
98,35,17,0,1,0
99,684,152,1,1,0
100,240,294,1,0,0
101,822,404,1,0,0
102,693,813,1,0,0
103,7,33,1,0,0
104,664,402,1,0,0
105,557,549,1,0,0
106,831,211,1,0,0
107,654,201,1,0,0
108,818,371,1,0,0
109,764,617,1,0,0
110,325,860,1,0,0
111,9,776,1,0,0
112,768,447,1,0,0
113,864,338,1,0,0
114,561,291,1,0,0
115,863,564,1,0,0
116,95,977,1,0,0
117,751,795,1,0,0
118,416,16,1,0,0
119,189,765,1,0,0
120,677,452,1,0,0
121,860,503,1,0,0
122,956,499,1,0,0
123,671,108,1,0,0
124,248,324,1,0,0
125,837,644,1,0,0
126,808,0,1,0,0
127,641,842,1,0,0
128,201,722,1,0,0
129,525,21,1,0,0
130,428,765,1,0,0
131,1,180,1,0,0
132,923,215,1,0,0
133,58,269,1,0,0
134,730,554,1,0,0
135,317,528,1,0,0
136,205,256,1,0,0
137,556,600,1,0,0
138,649,707,1,0,0
139,560,144,1,1,0
140,984,418,1,1,0
141,550,800,1,0,0
142,502,372,1,0,0
143,753,72,1,1,0
144,368,695,1,0,0
145,218,122,1,0,0
146,544,488,1,0,0
147,444,612,1,0,0
148,770,331,1,0,0
149,307,179,1,0,0
150,61,219,1,0,0
151,632,360,1,0,0
152,399,436,1,0,0
153,360,289,1,0,0
154,22,893,1,0,0
155,155,138,1,0,0
156,547,584,1,0,0
157,169,271,1,0,0
158,363,702,1,0,0
159,882,619,1,0,0
160,814,737,1,0,0
161,131,585,1,0,0
162,727,755,1,0,0
163,624,201,1,0,0
164,40,595,1,0,0
165,584,874,1,0,0
166,876,302,1,0,0
167,355,204,1,0,0
168,245,960,1,0,0
169,906,943,1,0,0
170,484,730,1,0,0
171,965,552,1,0,0
172,104,242,1,0,0
173,9,926,1,0,0
174,36,854,1,0,0
175,115,118,1,0,0
176,603,361,1,0,0
177,361,413,1,0,0
178,360,575,1,0,0
179,728,18,1,0,0
180,573,101,1,0,0
181,909,636,1,0,0
182,422,972,1,0,0
183,738,273,1,0,0
184,404,298,1,0,0
185,475,103,1,0,0
186,757,380,1,0,0
187,650,449,1,0,0
188,397,928,1,0,0
189,817,127,1,0,0
190,978,605,1,0,0
191,898,924,1,0,0
192,949,226,1,0,0
193,479,208,1,0,0
194,907,526,1,0,0
195,528,258,1,0,0
196,1,676,1,0,0
197,943,931,1,0,0
198,781,869,1,0,0
199,835,569,1,0,0
200,556,537,1,0,0
201,259,781,1,0,0
202,303,887,1,0,0
203,980,980,1,0,0
204,43,724,1,0,0
205,656,964,1,0,0
206,220,317,1,0,0
207,740,308,1,0,0
208,234,621,1,0,0
209,767,119,1,0,0
210,254,959,1,0,0
211,696,767,1,0,0
212,57,552,1,0,0
213,597,744,1,0,0
214,933,496,1,0,0
215,547,800,1,0,0
216,215,86,1,0,0
217,410,284,1,0,0
218,641,417,1,0,0
219,313,20,1,0,0
220,20,787,1,0,0
221,786,113,1,0,0
222,6,550,1,0,0
223,328,196,1,0,0
224,267,519,1,0,0
225,691,661,1,0,0
226,405,586,1,0,0
227,545,569,1,0,0
228,954,738,1,0,0
229,406,354,1,0,0
230,310,145,1,0,0
231,914,198,1,0,0
232,800,126,1,0,0
233,177,781,1,0,0
234,411,620,1,0,0
235,635,518,1,0,0
236,345,832,1,0,0
237,318,971,1,0,0
238,450,373,1,0,0
239,225,918,1,0,0
240,240,63,1,0,0
241,314,937,1,0,0
242,254,179,1,0,0
243,161,353,1,0,0
244,294,860,1,0,0
245,906,600,1,0,0
246,725,122,1,0,0
247,581,870,1,0,0
248,351,935,1,0,0
249,694,904,1,0,0
250,814,610,1,1,0
251,893,661,1,0,0
252,738,676,1,1,0
253,664,49,1,0,0
254,126,249,1,0,0
255,163,462,1,0,0
256,634,354,1,0,0
257,715,570,1,0,0
258,586,538,1,0,0
259,725,824,1,0,0
260,796,528,1,0,0
261,436,521,1,0,0
262,0,515,1,0,0
263,922,606,1,0,0
264,97,657,1,0,0
265,113,333,1,0,0
266,108,935,1,0,0
267,289,22,1,0,0
268,712,206,1,0,0
269,897,978,1,0,0
270,790,725,1,0,0
271,791,172,1,0,0
272,860,820,1,0,0
273,531,728,1,0,0
274,128,388,1,0,0
275,157,943,1,0,0
276,467,46,1,0,0
277,576,656,1,0,0
278,477,517,1,0,0
279,384,2,1,0,0
280,216,252,1,0,0
281,211,735,1,0,0
282,512,723,1,0,0
283,929,831,1,0,0
284,758,697,1,0,0
285,821,9,1,0,0
286,833,915,1,0,0
287,28,29,1,0,0
288,25,721,1,0,0
289,250,749,1,0,0
290,536,393,1,0,0
291,942,78,1,0,0
292,51,867,1,0,0
293,5,244,1,0,0
294,69,873,1,0,0
295,240,668,1,0,0
296,251,701,1,0,0
297,414,188,1,0,0
298,720,740,1,0,0
299,34,304,1,0,0
300,441,720,1,0,0
301,703,578,1,0,0
302,133,167,1,0,0
303,985,499,1,1,0
304,516,293,1,0,0
305,960,30,1,0,0
306,796,96,1,0,0
307,671,216,1,0,0
308,840,33,1,0,0
309,553,341,1,0,0
310,945,323,1,0,0
311,716,491,1,0,0
312,248,787,1,0,0
313,352,996,1,0,0
314,31,243,1,0,0
315,905,686,1,0,0
316,993,790,1,0,0
317,735,664,1,1,0
318,518,624,1,0,0
319,40,981,1,0,0
320,663,822,1,0,0
321,826,629,1,1,0
322,909,703,1,1,0
323,808,638,1,0,0
324,7,503,1,0,0
325,689,759,1,0,0
326,385,108,1,0,0
327,930,358,1,0,0
328,123,458,1,0,0
329,98,440,1,0,0
330,699,840,1,0,0
331,28,136,1,0,0
332,645,969,1,0,0
333,223,908,1,0,0
334,295,471,1,0,0
335,744,627,1,0,0
336,871,326,1,0,0
337,517,48,1,0,0
338,761,24,1,0,0
339,46,699,1,0,0
340,907,667,1,0,0
341,768,756,1,0,0
342,469,624,1,0,0
343,557,3,1,0,0
344,955,931,1,0,0
345,503,561,1,0,0
346,214,303,1,0,0
347,288,429,1,0,0
348,237,442,1,0,0
349,783,192,1,0,0
350,143,857,1,0,0
351,573,312,1,0,0
352,432,917,1,0,0
353,804,769,1,0,0
354,826,920,1,0,0
355,48,762,1,0,0
356,95,712,1,0,0
357,149,405,1,1,0
358,614,671,1,0,0
359,595,945,1,0,0
360,313,441,1,0,0
361,8,816,1,0,0
362,707,969,1,0,0
363,637,371,1,0,0
364,826,884,1,0,0
365,866,834,1,0,0
366,328,185,1,1,0
367,404,679,1,0,0
368,185,492,1,0,0
369,98,426,1,0,0
370,708,909,1,0,0
371,24,885,1,0,0
372,784,516,1,0,0
373,364,898,1,0,0
374,879,812,1,0,0
375,446,133,1,0,0
376,173,793,1,0,0
377,534,863,1,1,0
378,558,580,1,0,0
379,167,795,1,0,0
380,726,325,1,1,0
381,857,758,1,0,0
382,843,368,1,0,0
383,462,10,1,0,0
384,811,150,1,0,0
385,385,939,1,0,0
386,834,710,1,0,0
387,295,110,1,0,0
388,755,965,1,0,0
389,389,157,1,0,0
390,48,21,1,0,0
391,45,920,1,0,0
392,145,104,1,0,0
393,304,831,1,0,0
394,726,496,1,0,0
395,248,963,1,0,0
396,50,503,1,0,0
397,926,803,1,0,0
398,183,132,1,0,0
399,661,89,1,0,0
400,494,424,1,0,0
401,678,509,1,0,0
402,300,492,1,0,0
403,255,64,1,0,0
404,267,640,1,0,0
405,879,243,1,0,0
406,739,413,1,0,0
407,364,495,1,0,0
408,973,765,1,0,0
409,645,99,1,0,0
410,313,717,1,0,0
411,417,64,1,0,0
412,454,368,1,0,0
413,734,855,1,0,0
414,201,789,1,0,0
415,508,243,1,0,0
416,136,564,1,0,0
417,455,867,1,0,0
418,259,867,1,0,0
419,321,298,1,0,0
420,729,480,1,0,0
421,827,772,1,1,0
422,87,638,1,0,0
423,418,84,1,0,0
424,110,332,1,0,0
425,141,374,1,0,0
426,37,820,1,0,0
427,391,570,1,0,0
428,980,6,1,0,0
429,597,947,1,0,0
430,360,77,1,0,0
431,550,729,1,0,0
432,853,264,1,0,0
433,824,398,1,0,0
434,372,774,1,0,0
435,849,425,1,0,0
436,496,14,1,0,0
437,842,654,1,0,0
438,499,603,1,0,0
439,839,218,1,0,0
440,300,48,1,0,0
441,753,545,1,0,0
442,391,530,1,0,0
443,281,329,1,0,0
444,143,217,1,0,0
445,254,462,1,0,0
446,784,708,1,0,0
447,445,885,1,0,0
448,689,106,1,0,0
449,140,279,1,0,0
450,881,289,1,0,0
451,339,917,1,0,0
452,961,71,1,0,0
453,140,700,1,0,0
454,576,728,1,0,0
455,572,367,1,0,0
456,966,900,1,0,0
457,622,268,1,0,0
458,320,770,1,0,0
459,10,840,1,0,0
460,978,0,1,0,0
461,403,501,1,0,0
462,650,543,1,0,0
463,790,428,1,0,0
464,536,749,1,0,0
465,783,586,1,0,0
466,248,103,1,0,0
467,507,455,1,0,0
468,21,28,1,0,0
469,673,366,1,0,0
470,662,945,1,0,0
471,15,553,1,0,0
472,854,2,1,0,0
473,986,561,1,0,0
474,290,169,1,0,0
475,362,15,1,0,0
476,377,351,1,0,0
477,452,485,1,0,0
478,351,908,1,0,0
479,788,244,1,0,0
480,882,473,1,0,0
481,288,267,1,0,0
482,226,906,1,0,0
483,558,841,1,0,0
484,933,691,1,0,0
485,660,539,1,0,0
486,261,471,1,0,0
487,104,589,1,0,0
488,323,777,1,0,0
489,578,298,1,0,0
490,937,879,1,0,0
491,429,229,1,0,0
492,981,27,1,0,0
493,795,70,1,0,0
494,581,294,1,0,0
495,98,655,1,0,0
496,92,116,1,0,0
497,610,467,1,0,0
498,118,781,1,0,0
499,941,222,1,0,0
500,324,221,1,0,0
501,132,951,1,0,0
502,598,961,1,0,0
503,754,6,1,0,0
504,199,326,1,0,0
505,631,562,1,0,0
506,783,774,1,0,0
507,629,272,1,0,0
508,388,84,1,0,0
509,161,629,1,0,0
510,517,953,1,0,0
511,815,592,1,0,0
512,895,191,1,0,0
513,118,714,1,0,0
514,593,121,1,0,0
515,140,178,1,0,0
516,865,419,1,0,0
517,593,78,1,0,0
518,625,281,1,0,0
519,455,124,1,0,0
520,802,667,1,0,0
521,843,146,1,0,0
522,377,587,1,0,0
523,519,655,1,0,0
524,872,960,1,0,0
525,555,387,1,0,0
526,39,57,1,0,0
527,435,379,1,0,0
528,760,20,1,0,0
529,246,534,1,0,0
530,878,587,1,0,0
531,473,716,1,0,0
532,168,930,1,0,0
533,135,210,1,0,0
534,854,426,1,0,0
535,240,851,1,0,0
536,860,673,1,0,0
537,386,607,1,0,0
538,395,72,1,0,0
539,521,364,1,0,0
540,528,626,1,0,0
541,555,661,1,0,0
542,732,442,1,0,0
543,958,92,1,0,0
544,330,253,1,0,0
545,89,933,1,0,0
546,117,388,1,0,0
547,361,476,1,0,0
548,21,729,1,0,0
549,644,520,1,0,0
550,786,357,1,0,0
551,176,949,1,0,0
552,767,345,1,0,0
553,363,831,1,0,0
554,483,719,1,0,0
555,121,892,1,0,0
556,322,624,1,0,0
557,353,950,1,0,0
558,857,671,1,0,0
559,808,521,1,0,0
560,734,596,1,0,0
561,616,628,1,0,0
562,862,554,1,0,0
563,412,920,1,0,0
564,35,151,1,0,0
565,254,730,1,0,0
566,302,137,1,0,0
567,258,264,1,0,0
568,704,152,1,0,0
569,140,938,1,0,0
570,870,588,1,0,0
571,288,635,1,0,0
572,570,271,1,0,0
573,228,653,1,0,0
574,877,472,1,0,0
575,484,188,1,0,0
576,120,841,1,0,0
577,322,859,1,0,0
578,256,153,1,0,0
579,708,128,1,0,0
580,163,747,1,0,0
581,9,370,1,0,0
582,397,290,1,0,0
583,539,929,1,0,0
584,294,152,1,0,0
585,195,555,1,0,0
586,780,271,1,0,0
587,801,0,1,0,0
588,219,490,1,0,0
589,506,763,1,0,0
590,540,352,1,0,0
591,822,481,1,0,0
592,860,816,1,1,0
593,250,752,1,0,0
594,804,621,1,1,0
595,539,964,1,0,0
596,289,887,1,0,0
597,759,421,1,0,0
598,187,235,1,0,0
599,172,472,1,0,0
600,884,316,1,0,0
601,784,830,1,0,0
602,743,537,1,0,0
603,1,429,1,0,0
604,607,136,1,0,0
605,354,444,1,0,0
606,820,983,1,0,0
607,141,405,1,0,0
608,579,603,1,0,0
609,257,317,1,0,0
610,758,889,1,0,0
611,331,232,1,0,0
612,257,937,1,0,0
613,90,545,1,0,0
614,670,865,1,0,0
615,487,967,1,0,0
616,923,759,1,0,0
617,680,532,1,0,0
618,478,226,1,0,0
619,639,213,1,0,0
620,946,83,1,0,0
621,436,363,1,0,0
622,479,970,1,0,0
623,179,321,1,0,0
624,828,405,1,0,0
625,342,569,1,0,0
626,978,25,1,0,0
627,139,282,1,0,0
628,852,969,1,0,0
629,620,720,1,0,0
630,829,500,1,0,0
631,939,929,1,0,0
632,971,803,1,0,0
633,196,249,1,0,0
634,821,286,1,0,0
635,491,894,1,1,0
636,826,857,1,0,0
637,129,411,1,0,0
638,314,496,1,0,0
639,680,403,1,0,0
640,121,745,1,0,0
641,959,645,1,0,0
642,17,982,1,0,0
643,936,668,1,0,0
644,476,230,1,0,0
645,57,245,1,0,0
646,500,300,1,0,0
647,965,681,1,1,0
648,126,333,1,0,0
649,682,397,1,0,0
650,950,987,1,0,0
651,849,291,1,0,0
652,261,483,1,0,0
653,200,969,1,0,0
654,22,810,1,0,0
655,527,38,1,0,0
656,474,460,1,0,0
657,612,241,1,0,0
658,267,782,1,0,0
659,265,50,1,0,0
660,284,72,1,0,0
661,335,697,1,0,0
662,362,39,1,0,0
663,774,526,1,0,0
664,89,685,1,0,0
665,187,546,1,0,0
666,149,391,1,1,0
667,661,91,1,0,0
668,882,640,1,0,0
669,914,41,1,0,0
670,199,322,1,0,0
671,767,670,1,0,0
672,910,691,1,0,0
673,797,316,1,0,0
674,660,245,1,0,0
675,591,586,1,0,0
676,799,754,1,0,0
677,960,915,1,0,0
678,399,436,1,0,0
679,77,197,1,0,0
680,575,461,1,0,0
681,489,997,1,0,0
682,195,691,1,0,0
683,108,500,1,0,0
684,199,106,1,0,0
685,437,173,1,0,0
686,925,143,1,0,0
687,793,492,1,0,0
688,583,731,1,0,0
689,796,730,1,0,0
690,589,597,1,0,0
691,313,699,1,0,0
692,728,768,1,0,0
693,507,864,1,0,0
694,709,287,1,0,0
695,624,409,1,0,0
696,799,323,1,0,0
697,641,377,1,0,0
698,265,463,1,0,0
699,140,733,1,0,0
700,727,303,1,0,0
701,23,943,1,0,0
702,505,404,1,0,0
703,397,6,1,0,0
704,317,898,1,0,0
705,2,645,1,0,0
706,539,952,1,0,0
707,530,745,1,0,0
708,824,279,1,0,0
709,536,10,1,0,0
710,661,175,1,0,0
711,488,632,1,0,0
712,995,579,1,0,0
713,846,831,1,0,0
714,894,423,1,0,0
715,559,947,1,0,0
716,91,747,1,0,0
717,767,762,1,0,0
718,404,405,1,0,0
719,629,899,1,0,0
720,354,370,1,0,0
721,826,133,1,0,0
722,924,142,1,0,0
723,877,901,1,0,0
724,58,798,1,0,0
725,537,197,1,0,0
726,413,445,1,0,0
727,33,941,1,0,0
728,424,769,1,0,0
729,938,557,1,0,0
730,175,183,1,0,0
731,88,691,1,0,0
732,529,920,1,0,0
733,362,180,1,0,0
734,15,258,1,0,0
735,210,505,1,0,0
736,544,451,1,0,0
737,201,987,1,0,0
738,41,829,1,0,0
739,105,714,1,0,0
740,104,138,1,0,0
741,937,8,1,0,0
742,691,912,1,0,0
743,372,605,1,0,0
744,918,615,1,0,0
745,439,872,1,0,0
746,111,271,1,0,0
747,3,520,1,0,0
748,525,567,1,0,0
749,922,136,1,0,0
750,990,874,1,0,0
751,877,30,1,0,0
752,329,440,1,0,0
753,8,945,1,0,0
754,596,227,1,1,0
755,479,457,1,0,0
756,827,525,1,0,0
757,878,776,1,0,0
758,457,805,1,0,0
759,9,160,1,0,0
760,654,199,1,0,0
761,536,945,1,0,0
762,645,546,1,0,0
763,878,452,1,0,0
764,324,13,1,0,0
765,449,787,1,0,0
766,777,508,1,0,0
767,150,737,1,0,0
768,965,92,1,0,0
769,367,40,1,0,0
770,315,204,1,0,0
771,332,504,1,0,0
772,851,709,1,0,0
773,884,604,1,0,0
774,901,554,1,0,0
775,621,762,1,0,0
776,858,409,1,0,0
777,126,106,1,0,0
778,943,643,1,0,0
779,118,6,1,0,0
780,190,738,1,0,0
781,636,493,1,0,0
782,340,61,1,0,0
783,210,220,1,0,0
784,318,929,1,0,0
785,776,87,1,0,0
786,861,73,1,0,0
787,583,813,1,0,0
788,10,911,1,0,0
789,20,985,1,0,0
790,547,49,1,0,0
791,275,553,1,1,0
792,2,983,1,0,0
793,93,699,1,0,0
794,203,540,1,0,0
795,954,671,1,0,0
796,499,613,1,0,0
797,948,290,1,0,0
798,913,590,1,0,0
799,863,440,1,0,0
800,498,521,1,0,0
801,320,261,1,0,0
802,392,254,1,0,0
803,352,153,1,0,0
804,531,20,1,0,0
805,752,260,1,0,0
806,953,388,1,0,0
807,423,124,1,0,0
808,786,546,1,0,0
809,876,204,1,0,0
810,880,597,1,0,0
811,685,438,1,0,0
812,833,579,1,0,0
813,193,592,1,0,0
814,807,23,1,0,0
815,477,463,1,0,0
816,571,207,1,0,0
817,380,832,1,0,0
818,717,511,1,0,0
819,800,879,1,0,0
820,137,740,1,0,0
821,547,40,1,1,0
822,380,706,1,0,0
823,913,891,1,0,0
824,120,680,1,0,0
825,567,784,1,0,0
826,428,31,1,0,0
827,656,937,1,0,0
828,569,941,1,0,0
829,760,518,1,0,0
830,520,706,1,0,0
831,586,626,1,0,0
832,173,351,1,0,0
833,159,60,1,0,0
834,19,190,1,0,0
835,718,450,1,0,0
836,455,329,1,0,0
837,927,813,1,0,0
838,63,407,1,0,0
839,899,933,1,0,0
840,253,535,1,1,0
841,351,704,1,0,0
842,289,962,1,0,0
843,450,602,1,0,0
844,127,402,1,0,0
845,628,191,1,0,0
846,452,294,1,0,0
847,223,746,1,0,0
848,861,840,1,0,0
849,913,899,1,0,0
850,624,52,1,0,0
851,360,651,1,0,0
852,235,791,1,0,0
853,123,687,1,0,0
854,450,242,1,0,0
855,244,425,1,0,0
856,353,942,1,0,0
857,264,798,1,0,0
858,394,434,1,0,0
859,943,129,1,0,0
860,420,901,1,0,0
861,774,893,1,0,0
862,991,280,1,0,0
863,839,139,1,0,0
864,252,327,1,0,0
865,271,572,1,0,0
866,101,195,1,0,0
867,37,227,1,0,0
868,679,639,1,0,0
869,647,367,1,0,0
870,653,843,1,0,0
871,325,741,1,0,0
872,120,278,1,0,0
873,863,413,1,0,0
874,670,353,1,0,0
875,975,953,1,0,0
876,822,708,1,0,0
877,194,306,1,0,0
878,904,533,1,0,0
879,616,715,1,0,0
880,309,897,1,0,0
881,449,494,1,0,0
882,38,31,1,0,0
883,859,391,1,0,0
884,981,672,1,0,0
885,518,858,1,0,0
886,571,208,1,0,0
887,390,724,1,0,0
888,558,219,1,0,0
889,166,40,1,0,0
890,673,704,1,0,0
891,445,283,1,0,0
892,923,756,1,0,0
893,19,840,1,0,0
894,492,958,1,0,0
895,78,984,1,0,0
896,847,216,1,0,0
897,713,181,1,0,0
898,304,259,1,0,0
899,107,913,1,0,0
900,470,364,1,0,0
901,608,955,1,1,0
902,305,656,1,0,0
903,666,627,1,0,0
904,901,733,1,0,0
905,665,517,1,0,0
906,8,112,1,0,0
907,274,729,1,0,0
908,105,619,1,0,0
909,72,965,1,0,0
910,973,380,1,0,0
911,263,155,1,0,0
912,625,745,1,0,0
913,630,746,1,0,0
914,528,204,1,1,0
915,588,425,1,0,0
916,879,964,1,0,0
917,311,938,1,0,0
918,8,403,1,0,0
919,508,402,1,0,0
920,614,590,1,0,0
921,364,945,1,0,0
922,594,860,1,0,0
923,669,466,1,0,0
924,657,127,1,0,0
925,418,862,1,0,0
926,891,656,1,0,0
927,217,10,1,0,0
928,662,517,1,0,0
929,899,497,1,0,0
930,401,36,1,0,0
931,964,554,1,0,0
932,195,125,1,0,0
933,575,586,1,0,0
934,966,870,1,0,0
935,155,104,1,0,0
936,784,101,1,0,0
937,691,332,1,0,0
938,534,476,1,0,0
939,417,501,1,0,0
940,418,870,1,0,0
941,70,362,1,0,0
942,633,232,1,0,0
943,577,176,1,0,0
944,840,46,1,0,0
945,173,407,1,0,0
946,525,893,1,0,0
947,606,890,1,0,0
948,19,900,1,0,0
949,931,517,1,0,0
950,327,675,1,0,0
951,234,582,1,0,0
952,462,968,1,0,0
953,491,643,1,0,0
954,571,520,1,0,0
955,197,40,1,0,0
956,290,259,1,0,0
957,412,219,1,0,0
958,447,319,1,0,0
959,706,638,1,0,0
960,597,932,1,0,0
961,236,725,1,0,0
962,731,975,1,0,0
963,289,395,1,0,0
964,61,4,1,0,0
965,381,130,1,0,0
966,526,248,1,0,0
967,48,808,1,0,0
968,181,294,1,0,0
969,148,57,1,0,0
970,963,674,1,1,0
971,427,625,1,0,0
972,470,263,1,0,0
973,733,848,1,0,0
974,7,719,1,0,0
975,436,366,1,0,0
976,819,578,1,0,0
977,328,661,1,0,0
978,507,190,1,0,0
979,234,826,1,1,0
980,815,348,1,0,0
981,554,887,1,0,0
982,475,228,1,0,0
983,430,434,1,0,0
984,271,403,1,0,0
985,492,277,1,0,0
986,593,939,1,0,0
987,695,75,1,0,0
988,542,284,1,0,0
989,135,644,1,0,0
990,64,575,1,0,0
991,662,142,1,0,0
992,216,78,1,0,0
993,11,14,1,0,0
994,220,171,1,0,0
995,688,905,1,0,0
996,655,592,1,0,0
997,111,109,1,0,0
998,717,619,1,0,0
999,750,560,1,1,0
