Index,x,y,alive,infected,immune
0,781,298,0,1,0
1,5,697,1,0,1
2,966,200,0,0,1
3,534,902,1,0,1
4,954,770,0,1,0
5,392,93,0,1,0
6,490,88,0,1,0
7,0,559,0,1,0
8,323,795,1,0,1
9,867,589,0,1,0
10,436,158,0,1,0
11,612,102,0,1,0
12,515,3,0,1,0
13,39,314,0,1,0
14,876,238,0,1,0
15,95,754,0,1,0
16,481,331,1,0,1
17,768,735,0,1,0
18,966,139,0,1,0
19,641,835,0,1,0
20,941,557,0,1,0
21,331,312,0,1,0
22,421,799,0,1,0
23,243,147,1,0,1
24,197,390,0,1,0
25,1,153,0,1,0
26,795,7,0,1,0
27,731,391,0,1,0
28,106,131,0,1,0
29,498,883,0,1,0
30,667,679,0,1,0
31,561,2,0,1,0
32,770,860,1,0,1
33,953,289,1,0,1
34,271,840,0,1,0
35,281,5,0,1,0
36,629,2,1,0,1
37,936,676,0,1,0
38,7,585,0,1,0
39,349,759,0,1,0
40,209,29,0,1,0
41,632,551,1,0,1
42,511,163,1,0,1
43,147,422,0,1,0
44,479,269,0,1,0
45,238,126,0,1,0
46,540,912,1,0,1
47,743,573,0,1,0
48,759,339,0,1,0
49,494,169,0,1,0
50,530,918,0,1,0
51,853,713,0,1,0
52,129,398,0,1,0
53,151,352,0,1,0
54,321,797,0,1,0
55,551,281,0,0,1
56,718,191,0,1,0
57,554,267,0,1,0
58,169,373,0,1,0
59,990,407,0,1,0
60,183,645,0,1,0
61,594,1,0,1,0
62,427,951,0,1,0
63,132,435,0,1,0
64,2,962,0,1,0
65,7,349,1,0,1
66,11,811,0,1,0
67,792,813,0,1,0
68,662,792,0,1,0
69,701,914,0,1,0
70,620,779,0,1,0
71,747,10,0,1,0
72,529,763,0,1,0
73,595,762,0,1,0
74,335,8,0,1,0
75,990,163,1,0,1
76,138,353,0,1,0
77,433,261,1,0,1
78,331,753,1,0,1
79,958,79,0,1,0
80,135,509,0,1,0
81,750,863,0,1,0
82,133,113,0,1,0
83,276,944,0,1,0
84,374,556,0,1,0
85,199,315,0,1,0
86,387,647,1,0,1
87,860,587,0,1,0
88,586,98,0,1,0
89,622,971,0,1,0
90,241,171,0,1,0
91,188,508,0,1,0
92,272,526,0,1,0
93,530,921,0,1,0
94,621,358,0,1,0
95,229,913,0,1,0
96,764,866,0,1,0
97,514,571,0,1,0
98,113,49,0,1,0
99,712,208,0,1,0
100,236,265,0,1,0
101,752,431,1,0,1
102,682,914,1,0,1
103,7,33,0,0,1
104,655,444,1,0,1
105,565,590,1,1,0
106,857,279,0,1,0
107,636,190,0,1,0
108,893,365,0,1,0
109,820,555,0,0,1
110,364,885,1,0,1
111,2,776,0,1,0
112,799,442,0,1,0
113,864,342,0,1,0
114,550,273,0,1,0
115,892,554,0,1,0
116,51,905,1,0,0
117,686,824,0,1,0
118,413,0,1,0,0
119,193,711,0,1,0
120,686,499,1,0,1
121,879,526,0,1,0
122,6,481,1,0,0
123,636,47,1,0,0
124,244,414,0,1,0
125,857,577,1,0,1
126,808,6,0,1,0
127,684,764,0,1,0
128,216,760,1,0,1
129,531,2,0,1,0
130,459,891,0,1,0
131,4,180,1,0,0
132,904,272,0,1,0
133,2,274,0,1,0
134,655,608,0,1,0
135,311,473,0,1,0
136,187,166,0,1,0
137,548,543,1,1,0
138,604,726,1,0,1
139,598,161,1,0,1
140,4,421,0,1,0
141,606,615,1,0,1
142,550,368,0,1,0
143,772,183,0,1,0
144,422,625,0,1,0
145,158,72,0,1,0
146,498,594,1,0,0
147,459,681,1,1,0
148,763,343,0,1,0
149,289,190,0,1,0
150,156,201,1,0,1
151,676,368,0,1,0
152,375,449,1,0,1
153,332,338,0,1,0
154,9,901,1,0,0
155,57,147,0,1,0
156,545,576,1,0,0
157,195,288,0,1,0
158,429,728,1,1,0
159,837,645,0,1,0
160,794,728,0,1,0
161,143,579,0,1,0
162,834,810,0,1,0
163,688,208,0,1,0
164,84,550,0,1,0
165,541,892,0,1,0
166,831,321,0,1,0
167,247,214,0,1,0
168,238,3,0,1,0
169,883,7,1,0,0
170,554,663,1,0,1
171,969,516,0,1,0
172,147,347,0,1,0
173,8,926,1,0,0
174,190,842,0,1,0
175,91,39,1,0,0
176,598,419,0,1,0
177,396,421,0,1,0
178,376,664,0,1,0
179,709,0,0,1,0
180,529,122,0,1,0
181,943,628,0,1,0
182,448,890,0,1,0
183,719,271,1,0,0
184,366,318,1,1,0
185,542,62,1,0,0
186,854,296,1,0,1
187,718,419,0,1,0
188,394,990,0,1,0
189,847,55,1,0,0
190,955,524,0,1,0
191,950,4,0,1,0
192,919,224,0,1,0
193,449,208,0,1,0
194,9,537,0,1,0
195,544,274,0,1,0
196,6,676,1,0,1
197,966,990,0,1,0
198,723,957,0,1,0
199,823,556,0,1,0
200,547,589,1,0,0
201,187,849,1,1,0
202,195,845,0,1,0
203,947,7,0,1,0
204,18,724,1,0,0
205,670,876,0,1,0
206,175,298,1,0,1
207,792,370,0,1,0
208,288,589,0,1,0
209,792,49,1,0,1
210,233,990,1,0,0
211,722,789,0,1,0
212,23,584,0,1,0
213,577,842,0,1,0
214,990,506,1,0,0
215,515,734,1,0,0
216,348,85,0,1,0
217,454,265,0,1,0
218,670,421,0,1,0
219,309,10,1,0,1
220,0,785,0,0,1
221,746,177,0,1,0
222,0,550,0,1,0
223,421,112,0,1,0
224,301,452,0,1,0
225,640,676,0,1,0
226,337,569,1,0,1
227,482,632,1,0,0
228,959,723,0,1,0
229,452,296,1,0,1
230,303,121,0,1,0
231,5,120,1,0,1
232,813,162,0,1,0
233,206,748,0,1,0
234,425,634,0,1,0
235,670,485,0,1,0
236,377,840,0,1,0
237,308,1,0,1,0
238,534,419,1,1,0
239,250,881,0,1,0
240,193,120,0,0,1
241,288,931,0,1,0
242,273,243,0,1,0
243,185,353,1,0,1
244,254,825,0,1,0
245,813,605,1,0,1
246,772,214,1,0,1
247,539,849,0,1,0
248,321,7,0,1,0
249,691,789,0,1,0
250,865,600,0,1,0
251,919,680,1,0,1
252,710,635,0,1,0
253,659,89,1,0,0
254,159,225,1,0,0
255,110,451,0,1,0
256,652,408,0,0,1
257,718,610,0,1,0
258,583,601,0,1,0
259,797,832,1,0,1
260,831,425,0,1,0
261,565,509,0,1,0
262,9,515,0,1,0
263,868,620,0,1,0
264,57,615,0,1,0
265,191,380,0,1,0
266,34,926,1,0,0
267,253,16,0,0,1
268,754,101,0,1,0
269,892,1,1,0,0
270,831,693,1,0,1
271,749,306,1,0,0
272,895,939,1,0,1
273,487,671,0,1,0
274,114,346,1,0,1
275,112,1,0,1,0
276,507,167,0,0,1
277,705,644,1,0,1
278,504,528,1,0,0
279,384,8,1,0,0
280,218,220,0,1,0
281,217,690,0,1,0
282,519,630,1,0,1
283,990,904,1,0,0
284,873,791,0,1,0
285,821,8,0,1,0
286,856,980,1,0,1
287,0,39,0,1,0
288,5,695,0,1,0
289,154,702,0,1,0
290,577,363,0,1,0
291,850,116,1,0,1
292,23,869,1,0,0
293,6,244,0,1,0
294,36,878,1,0,1
295,236,638,0,1,0
296,240,699,0,1,0
297,319,126,0,1,0
298,663,746,0,1,0
299,66,252,1,0,1
300,439,735,1,0,1
301,720,586,1,0,1
302,164,158,0,0,1
303,7,498,0,1,0
304,536,257,0,1,0
305,942,5,0,1,0
306,729,106,0,1,0
307,574,290,1,0,1
308,838,10,1,0,0
309,460,251,1,0,1
310,843,324,0,1,0
311,762,504,0,1,0
312,210,770,0,1,0
313,352,0,1,0,0
314,5,244,0,1,0
315,905,762,0,1,0
316,6,790,0,1,0
317,809,738,0,0,1
318,578,788,0,1,0
319,61,990,1,0,0
320,739,851,0,1,0
321,764,563,1,0,1
322,795,808,0,1,0
323,820,650,1,0,1
324,0,503,0,1,0
325,582,836,0,1,0
326,287,62,0,1,0
327,800,477,0,1,0
328,117,492,0,1,0
329,103,439,0,1,0
330,609,784,0,1,0
331,7,150,0,1,0
332,733,930,0,1,0
333,206,862,0,1,0
334,210,390,0,1,0
335,777,658,0,1,0
336,854,343,0,1,0
337,411,129,0,1,0
338,758,4,0,1,0
339,0,707,1,0,0
340,894,677,0,1,0
341,831,633,0,1,0
342,533,655,0,1,0
343,557,8,0,1,0
344,963,946,1,0,0
345,485,576,1,0,0
346,170,240,1,0,1
347,295,480,0,1,0
348,257,495,0,1,0
349,797,98,0,1,0
350,85,825,1,0,1
351,486,275,1,0,1
352,348,907,0,1,0
353,849,776,0,1,0
354,875,925,0,1,0
355,1,791,1,0,1
356,150,682,0,1,0
357,111,408,0,1,0
358,566,596,1,0,0
359,673,890,0,1,0
360,369,331,0,1,0
361,7,816,0,1,0
362,713,9,0,1,0
363,614,356,1,0,1
364,843,880,0,1,0
365,819,835,0,1,0
366,373,173,0,1,0
367,459,633,0,1,0
368,252,378,0,1,0
369,166,477,1,0,1
370,672,876,0,1,0
371,1,886,1,0,0
372,760,619,1,0,1
373,367,6,0,1,0
374,883,898,0,1,0
375,521,139,0,1,0
376,208,817,0,1,0
377,506,878,0,1,0
378,531,635,1,0,0
379,125,839,1,0,0
380,837,431,0,1,0
381,840,653,1,0,1
382,714,458,0,1,0
383,462,10,1,0,0
384,837,152,1,0,0
385,438,4,1,0,1
386,873,802,0,1,0
387,317,135,1,1,0
388,751,5,0,1,0
389,393,98,1,0,1
390,4,21,0,1,0
391,56,893,1,0,0
392,183,48,0,1,0
393,277,835,0,1,0
394,754,569,0,1,0
395,257,6,1,0,0
396,72,482,0,1,0
397,3,827,0,1,0
398,239,213,0,1,0
399,694,138,1,0,0
400,557,442,1,0,0
401,741,478,0,0,1
402,352,487,0,1,0
403,310,58,0,1,0
404,132,563,0,1,0
405,926,135,1,1,0
406,704,439,0,1,0
407,306,498,0,1,0
408,3,755,1,0,0
409,563,84,0,1,0
410,314,645,1,0,1
411,447,10,1,0,1
412,541,302,0,1,0
413,753,779,0,1,0
414,214,838,0,1,0
415,481,200,1,0,1
416,169,523,0,1,0
417,587,927,0,1,0
418,300,860,0,1,0
419,396,235,0,1,0
420,730,505,0,1,0
421,881,758,0,1,0
422,26,700,1,0,1
423,285,71,1,0,1
424,186,406,0,1,0
425,157,387,0,1,0
426,57,752,0,1,0
427,312,516,1,0,1
428,980,7,1,0,0
429,585,990,0,1,0
430,364,177,0,1,0
431,576,721,0,1,0
432,874,279,0,1,0
433,808,485,1,0,1
434,418,822,0,1,0
435,850,381,0,1,0
436,488,10,1,0,0
437,789,631,0,1,0
438,512,652,1,0,0
439,874,181,1,0,0
440,283,13,0,1,0
441,749,570,1,0,1
442,429,464,1,0,0
443,242,277,0,1,0
444,118,228,0,0,1
445,287,463,0,1,0
446,793,636,0,1,0
447,401,916,0,1,0
448,655,113,1,0,0
449,87,290,1,0,0
450,904,303,0,1,0
451,301,5,0,1,0
452,956,140,1,0,1
453,229,656,1,0,1
454,645,604,0,1,0
455,622,203,0,1,0
456,990,900,1,0,0
457,648,383,0,1,0
458,334,833,0,1,0
459,10,840,1,0,0
460,978,5,1,0,0
461,454,372,1,0,1
462,621,585,1,0,1
463,832,574,1,0,1
464,582,825,0,1,0
465,842,505,0,1,0
466,231,219,1,0,1
467,463,468,1,0,0
468,27,9,1,0,1
469,743,377,0,1,0
470,689,7,0,1,0
471,7,530,0,1,0
472,854,5,1,0,0
473,1,564,1,0,1
474,294,81,0,0,1
475,336,0,1,0,1
476,321,334,0,1,0
477,561,531,1,0,0
478,413,870,1,0,1
479,768,239,1,0,0
480,824,450,0,1,0
481,234,232,1,0,1
482,238,810,1,0,1
483,527,954,0,1,0
484,876,745,0,1,0
485,636,597,0,1,0
486,326,454,0,1,0
487,97,535,0,0,1
488,347,837,1,1,0
489,586,398,1,0,1
490,872,809,1,0,1
491,418,350,0,1,0
492,990,15,1,0,0
493,741,104,0,1,0
494,546,216,0,1,0
495,89,585,0,1,0
496,138,173,0,1,0
497,651,449,0,1,0
498,180,804,1,0,1
499,954,203,1,0,1
500,334,218,1,0,1
501,94,932,1,0,0
502,567,9,0,1,0
503,754,7,0,1,0
504,227,304,0,1,0
505,615,456,1,0,1
506,693,675,1,0,1
507,618,400,0,1,0
508,340,123,0,1,0
509,121,641,0,1,0
510,553,0,1,0,1
511,921,516,0,1,0
512,884,209,1,0,0
513,56,653,1,0,1
514,649,212,0,1,0
515,153,91,0,1,0
516,845,386,0,1,0
517,590,181,0,1,0
518,682,238,0,1,0
519,379,111,0,1,0
520,747,695,0,1,0
521,893,67,0,1,0
522,275,556,1,0,1
523,457,756,1,1,0
524,817,868,0,1,0
525,610,411,1,0,1
526,0,37,0,1,0
527,461,394,1,0,1
528,754,1,0,1,0
529,297,532,1,0,1
530,938,493,1,0,1
531,472,745,1,0,0
532,141,907,0,1,0
533,56,241,0,1,0
534,842,374,0,1,0
535,257,869,0,1,0
536,883,671,0,1,0
537,365,554,0,1,0
538,445,129,0,1,0
539,610,378,1,0,1
540,465,698,0,1,0
541,474,704,0,1,0
542,670,471,0,1,0
543,7,46,0,1,0
544,299,286,1,0,0
545,52,4,0,1,0
546,130,411,0,1,0
547,438,419,0,1,0
548,81,807,0,0,1
549,639,591,0,1,0
550,769,352,0,1,0
551,245,929,0,1,0
552,920,251,1,0,1
553,373,794,1,0,1
554,518,749,1,1,0
555,197,854,0,1,0
556,349,602,0,1,0
557,299,6,0,1,0
558,853,568,1,0,1
559,680,536,0,1,0
560,772,650,0,1,0
561,701,729,0,1,0
562,829,612,0,1,0
563,435,990,0,1,0
564,9,142,1,0,1
565,202,729,0,1,0
566,169,99,0,1,0
567,226,347,0,1,0
568,745,123,0,1,0
569,210,5,0,1,0
570,784,652,1,0,1
571,249,604,0,1,0
572,603,333,0,1,0
573,195,502,1,0,1
574,895,526,0,1,0
575,532,182,0,1,0
576,54,888,1,0,0
577,339,800,1,0,1
578,188,160,0,1,0
579,746,139,0,1,0
580,200,757,0,1,0
581,5,370,1,0,0
582,357,314,0,1,0
583,505,965,0,1,0
584,325,236,1,0,1
585,138,511,0,1,0
586,791,329,0,1,0
587,801,4,0,1,0
588,265,594,0,1,0
589,562,771,0,1,0
590,438,318,0,1,0
591,798,385,1,0,1
592,816,825,0,1,0
593,274,703,0,1,0
594,788,595,0,1,0
595,585,871,1,0,1
596,327,853,0,1,0
597,756,591,0,1,0
598,154,343,0,1,0
599,98,377,0,1,0
600,923,247,0,1,0
601,722,811,0,1,0
602,718,467,0,1,0
603,2,429,0,1,0
604,498,94,0,1,0
605,377,369,0,1,0
606,811,5,1,0,1
607,126,292,0,1,0
608,532,626,1,0,0
609,380,407,0,1,0
610,763,934,0,1,0
611,450,237,0,1,0
612,323,851,0,1,0
613,22,508,0,1,0
614,592,748,1,0,1
615,507,8,0,1,0
616,908,798,1,0,0
617,708,587,0,1,0
618,417,252,0,1,0
619,668,224,0,1,0
620,2,76,0,1,0
621,531,310,0,1,0
622,539,4,0,1,0
623,167,374,0,1,0
624,698,363,1,0,1
625,262,498,0,1,0
626,4,20,0,1,0
627,132,332,0,1,0
628,833,1,1,0,0
629,660,650,0,1,0
630,737,483,0,1,0
631,903,914,0,1,0
632,990,792,1,0,0
633,172,249,0,1,0
634,851,253,0,1,0
635,548,878,0,1,0
636,766,805,0,1,0
637,197,434,0,1,0
638,352,555,1,0,0
639,635,329,1,0,1
640,188,770,0,1,0
641,1,586,0,1,0
642,3,967,0,1,0
643,939,591,0,1,0
644,518,256,0,1,0
645,44,205,0,1,0
646,629,203,0,1,0
647,0,644,0,1,0
648,99,248,0,1,0
649,699,391,0,1,0
650,954,990,0,1,0
651,774,334,0,1,0
652,269,419,0,1,0
653,219,0,0,1,0
654,5,824,0,1,0
655,508,9,0,1,0
656,397,375,0,1,0
657,673,237,0,1,0
658,298,721,0,1,0
659,275,46,1,0,1
660,296,97,1,0,1
661,334,613,1,0,1
662,354,153,1,0,1
663,690,380,0,1,0
664,134,615,0,1,0
665,242,536,0,1,0
666,144,413,0,1,0
667,585,99,0,1,0
668,936,657,0,1,0
669,921,0,1,0,0
670,264,361,0,1,0
671,780,667,0,1,0
672,912,672,0,1,0
673,731,294,1,0,1
674,724,313,0,1,0
675,687,596,0,1,0
676,809,898,0,1,0
677,882,904,0,1,0
678,486,387,1,0,0
679,1,147,0,1,0
680,551,493,0,1,0
681,489,2,1,0,0
682,137,740,0,1,0
683,2,604,0,1,0
684,204,47,0,1,0
685,389,225,1,0,1
686,846,122,0,1,0
687,805,562,1,0,1
688,554,784,0,1,0
689,780,738,1,0,1
690,590,581,0,1,0
691,211,708,0,1,0
692,755,759,0,1,0
693,422,859,0,1,0
694,672,296,1,0,0
695,673,417,0,1,0
696,836,426,1,0,1
697,559,312,0,1,0
698,198,451,1,0,1
699,125,684,0,1,0
700,756,309,1,0,1
701,98,944,1,0,0
702,536,419,0,1,0
703,397,8,1,0,0
704,308,862,0,1,0
705,1,645,0,1,0
706,550,8,1,0,1
707,488,709,0,1,0
708,873,293,0,1,0
709,536,10,0,1,0
710,675,172,0,1,0
711,385,585,0,1,0
712,1,579,0,1,0
713,875,816,0,1,0
714,878,431,0,1,0
715,582,3,0,1,0
716,109,875,0,1,0
717,785,726,1,0,1
718,421,384,1,0,1
719,652,890,0,1,0
720,434,404,0,1,0
721,864,86,0,1,0
722,980,147,0,1,0
723,912,889,0,1,0
724,116,842,0,1,0
725,584,171,0,1,0
726,311,505,0,1,0
727,9,951,1,0,0
728,481,858,0,0,1
729,0,523,0,1,0
730,232,238,0,1,0
731,142,722,0,1,0
732,514,784,1,0,1
733,441,160,1,0,1
734,6,268,0,1,0
735,161,584,0,1,0
736,553,496,1,1,0
737,199,9,1,0,0
738,40,837,0,1,0
739,147,688,0,1,0
740,96,110,0,1,0
741,937,5,0,1,0
742,690,813,0,1,0
743,364,642,0,1,0
744,833,589,0,1,0
745,463,853,1,0,1
746,152,287,1,0,1
747,7,520,1,0,1
748,485,670,0,1,0
749,944,110,0,1,0
750,990,874,1,0,0
751,914,116,0,1,0
752,283,520,1,0,1
753,6,945,1,0,0
754,496,237,0,1,0
755,546,549,0,1,0
756,830,498,0,1,0
757,840,816,0,1,0
758,505,785,0,1,0
759,5,160,1,0,1
760,556,189,0,1,0
761,562,959,0,1,0
762,609,506,0,1,0
763,803,503,0,1,0
764,334,0,0,1,0
765,386,729,1,0,1
766,739,438,0,1,0
767,252,743,1,0,1
768,946,5,0,1,0
769,351,10,1,0,0
770,433,185,1,0,1
771,308,461,0,1,0
772,859,660,0,1,0
773,908,612,0,1,0
774,841,565,0,1,0
775,577,676,0,1,0
776,818,373,1,0,1
777,126,73,0,1,0
778,877,665,0,1,0
779,118,5,0,1,0
780,247,791,0,1,0
781,664,554,0,1,0
782,358,167,0,1,0
783,149,222,1,0,1
784,228,7,1,0,1
785,724,143,1,0,1
786,820,164,1,0,1
787,648,870,0,1,0
788,10,911,1,0,0
789,105,905,1,0,0
790,532,122,0,1,0
791,180,650,0,1,0
792,2,983,1,0,0
793,0,688,0,1,0
794,221,594,0,1,0
795,924,710,1,0,1
796,410,720,1,1,0
797,984,204,0,1,0
798,950,505,0,1,0
799,867,481,0,1,0
800,483,456,1,0,0
801,233,159,0,1,0
802,376,301,0,1,0
803,268,132,0,1,0
804,501,3,0,1,0
805,811,260,1,0,0
806,879,426,0,1,0
807,397,125,1,0,1
808,849,592,0,1,0
809,0,242,0,1,0
810,861,621,0,1,0
811,660,436,0,1,0
812,913,655,0,1,0
813,118,626,1,0,1
814,823,10,0,1,0
815,521,389,0,1,0
816,537,161,0,1,0
817,366,875,0,1,0
818,716,490,1,0,1
819,795,938,0,1,0
820,184,731,0,1,0
821,525,71,0,1,0
822,266,658,0,1,0
823,990,839,0,1,0
824,29,662,1,0,0
825,517,805,0,1,0
826,399,2,1,0,0
827,680,906,0,1,0
828,605,915,0,1,0
829,759,480,0,1,0
830,608,675,0,1,0
831,604,609,0,1,0
832,224,442,0,1,0
833,161,7,0,1,0
834,10,194,1,1,0
835,792,545,0,1,0
836,447,320,1,0,1
837,876,795,0,1,0
838,4,381,1,0,1
839,963,0,0,1,0
840,245,542,0,1,0
841,412,669,0,1,0
842,286,5,0,1,0
843,551,600,1,0,0
844,134,381,1,0,1
845,669,155,0,1,0
846,441,255,0,1,0
847,237,616,0,1,0
848,873,813,0,1,0
849,990,856,0,1,0
850,593,4,0,1,0
851,405,587,0,1,0
852,321,777,1,0,1
853,200,650,0,1,0
854,448,227,0,1,0
855,187,386,0,1,0
856,416,916,0,1,0
857,284,739,1,0,0
858,413,419,0,0,1
859,917,152,0,1,0
860,389,872,0,1,0
861,780,944,0,1,0
862,3,280,0,1,0
863,766,46,1,0,0
864,213,391,0,1,0
865,222,552,1,0,1
866,99,242,0,1,0
867,47,212,0,1,0
868,647,725,0,1,0
869,694,432,0,1,0
870,653,805,1,0,1
871,349,709,0,1,0
872,2,208,0,1,0
873,888,515,0,1,0
874,623,352,0,1,0
875,917,953,0,1,0
876,955,702,0,1,0
877,220,272,0,1,0
878,919,540,0,1,0
879,621,726,1,0,1
880,336,951,0,1,0
881,488,538,1,0,0
882,2,31,1,0,1
883,853,305,0,1,0
884,4,672,0,1,0
885,554,838,0,1,0
886,499,115,0,1,0
887,360,720,0,1,0
888,584,223,0,1,0
889,174,10,1,0,1
890,599,667,0,1,0
891,451,316,0,1,0
892,961,662,1,0,1
893,5,851,1,0,0
894,516,990,0,1,0
895,93,4,1,0,0
896,906,258,0,1,0
897,777,239,1,0,0
898,304,229,0,1,0
899,65,963,1,0,0
900,425,400,1,0,1
901,587,3,0,1,0
902,279,757,1,0,1
903,639,712,0,1,0
904,970,712,0,1,0
905,621,528,0,1,0
906,2,112,1,0,0
907,251,769,1,0,1
908,214,559,0,1,0
909,72,990,1,0,0
910,990,389,1,0,1
911,201,268,0,1,0
912,600,677,0,1,0
913,579,743,0,1,0
914,551,241,0,1,0
915,603,357,0,1,0
916,759,0,0,1,0
917,365,887,1,0,1
918,1,403,1,0,0
919,563,413,0,1,0
920,594,719,0,1,0
921,320,818,1,0,1
922,632,760,0,1,0
923,638,487,1,0,1
924,513,152,0,1,0
925,437,853,0,1,0
926,6,660,0,1,0
927,217,10,0,1,0
928,714,520,0,1,0
929,827,490,1,0,1
930,418,10,1,0,0
931,920,619,0,1,0
932,160,50,0,1,0
933,525,569,1,1,0
934,943,923,0,1,0
935,189,124,1,0,1
936,778,5,0,1,0
937,638,275,0,1,0
938,441,467,1,0,0
939,358,522,0,1,0
940,370,970,0,1,0
941,118,300,0,1,0
942,718,162,1,0,1
943,745,193,0,1,0
944,967,34,0,1,0
945,204,407,1,0,1
946,539,903,0,1,0
947,656,840,0,1,0
948,7,908,1,0,0
949,3,458,0,1,0
950,383,576,1,0,1
951,229,640,0,1,0
952,428,4,0,1,0
953,508,703,1,0,1
954,590,541,0,1,0
955,180,2,0,1,0
956,329,163,0,1,0
957,366,222,1,0,1
958,423,238,0,1,0
959,801,678,0,1,0
960,602,940,0,1,0
961,201,614,0,1,0
962,731,990,1,0,1
963,243,347,0,1,0
964,61,0,1,1,0
965,378,129,0,1,0
966,507,267,1,0,1
967,1,793,0,1,0
968,281,291,0,0,1
969,63,10,0,1,0
970,2,673,0,1,0
971,513,641,1,0,0
972,537,179,0,1,0
973,797,767,0,1,0
974,4,719,1,0,0
975,362,427,0,1,0
976,835,705,1,0,1
977,313,611,0,1,0
978,466,192,0,1,0
979,252,791,0,1,0
980,707,385,0,1,0
981,606,876,0,1,0
982,464,247,0,1,0
983,435,494,1,0,0
984,204,445,0,1,0
985,411,321,0,1,0
986,590,1,0,1,0
987,721,1,1,0,1
988,522,274,0,1,0
989,99,635,0,1,0
990,87,595,1,0,1
991,723,141,0,1,0
992,262,44,0,1,0
993,7,24,0,1,0
994,141,163,0,1,0
995,725,883,0,1,0
996,673,648,0,1,0
997,20,84,1,0,1
998,696,653,0,1,0
999,698,549,0,1,0
