Index,x,y,alive,infected,immune
0,781,332,0,1,0
1,0,697,1,0,1
2,966,161,0,0,1
3,562,914,1,0,1
4,990,815,0,1,0
5,381,138,0,1,0
6,503,81,0,1,0
7,4,559,0,1,0
8,345,791,1,0,1
9,841,603,0,1,0
10,425,115,0,1,0
11,616,118,0,1,0
12,515,9,0,1,0
13,43,350,0,1,0
14,849,227,0,1,0
15,74,795,0,1,0
16,481,353,1,0,1
17,796,691,0,1,0
18,954,139,0,1,0
19,678,802,0,1,0
20,953,562,0,1,0
21,302,311,0,1,0
22,401,806,0,1,0
23,245,167,1,0,1
24,200,422,0,1,0
25,5,153,0,1,0
26,795,9,0,1,0
27,666,395,0,1,0
28,100,105,0,1,0
29,510,904,0,1,0
30,709,639,0,1,0
31,561,6,0,1,0
32,712,857,1,0,1
33,8,275,1,0,1
34,248,846,0,1,0
35,281,8,0,1,0
36,629,3,1,0,1
37,930,672,0,1,0
38,3,585,0,1,0
39,369,768,0,1,0
40,217,8,0,1,0
41,617,543,1,0,1
42,531,210,1,0,1
43,138,426,0,1,0
44,495,264,0,1,0
45,209,120,0,1,0
46,528,932,1,0,1
47,776,538,0,1,0
48,715,313,0,1,0
49,485,164,0,1,0
50,524,909,0,1,0
51,852,697,0,1,0
52,124,380,0,1,0
53,204,338,0,1,0
54,265,751,0,1,0
55,558,281,0,0,1
56,686,168,0,1,0
57,518,309,0,1,0
58,182,340,0,1,0
59,990,407,0,1,0
60,180,660,0,1,0
61,594,4,0,1,0
62,458,924,0,1,0
63,150,414,0,1,0
64,2,962,0,1,0
65,8,349,1,0,1
66,22,825,0,1,0
67,787,813,0,1,0
68,618,794,0,1,0
69,682,915,0,1,0
70,584,842,0,1,0
71,747,10,0,1,0
72,533,770,0,1,0
73,561,771,0,1,0
74,335,5,0,1,0
75,990,163,1,0,1
76,82,301,0,1,0
77,415,258,1,0,1
78,319,758,1,0,1
79,950,45,0,1,0
80,126,538,0,1,0
81,746,822,0,1,0
82,111,100,0,1,0
83,275,931,0,1,0
84,354,550,0,1,0
85,200,282,0,1,0
86,358,636,1,0,1
87,893,560,0,1,0
88,629,96,0,1,0
89,613,7,0,1,0
90,249,146,0,1,0
91,190,494,0,1,0
92,271,551,0,1,0
93,486,954,0,1,0
94,614,337,0,1,0
95,227,883,0,1,0
96,761,867,0,1,0
97,498,551,0,1,0
98,129,65,0,1,0
99,721,200,0,1,0
100,266,250,0,1,0
101,774,454,1,0,1
102,663,930,1,0,1
103,5,33,0,0,1
104,627,433,1,0,1
105,581,570,1,0,1
106,868,246,0,1,0
107,626,221,0,1,0
108,858,329,0,1,0
109,814,572,0,0,1
110,365,862,1,0,1
111,3,776,0,1,0
112,810,398,0,1,0
113,852,289,0,1,0
114,581,261,0,1,0
115,887,547,0,1,0
116,42,905,1,0,0
117,711,826,0,1,0
118,413,3,1,0,0
119,203,724,0,1,0
120,720,481,1,0,1
121,874,528,0,1,0
122,0,481,1,0,0
123,615,34,1,0,0
124,276,428,0,1,0
125,860,563,1,0,1
126,808,8,0,1,0
127,688,747,0,1,0
128,243,762,1,0,1
129,531,3,0,1,0
130,472,900,0,1,0
131,3,180,1,1,0
132,903,254,0,1,0
133,6,274,0,1,0
134,637,579,0,1,0
135,340,432,0,1,0
136,200,157,0,1,0
137,545,563,0,1,0
138,631,742,1,0,1
139,635,166,1,0,1
140,1,421,0,1,0
141,615,633,1,0,1
142,496,391,0,1,0
143,820,192,0,1,0
144,407,616,0,1,0
145,158,95,0,1,0
146,484,574,1,0,0
147,487,690,0,1,0
148,738,358,0,1,0
149,268,196,0,1,0
150,148,216,1,0,1
151,712,328,0,1,0
152,424,455,1,0,1
153,330,369,0,1,0
154,6,901,1,0,0
155,65,148,0,1,0
156,583,607,0,1,0
157,209,280,0,1,0
158,435,742,0,1,0
159,888,617,0,1,0
160,764,732,0,1,0
161,112,569,0,1,0
162,794,780,0,1,0
163,666,195,0,1,0
164,71,554,0,1,0
165,530,904,0,1,0
166,843,269,0,1,0
167,272,167,0,1,0
168,238,5,0,1,0
169,883,5,1,0,0
170,580,665,1,0,1
171,970,504,0,1,0
172,149,395,0,1,0
173,4,926,1,0,0
174,183,870,0,1,0
175,65,73,1,0,0
176,575,430,0,1,0
177,393,393,0,1,0
178,388,630,0,1,0
179,709,4,0,1,0
180,479,143,0,1,0
181,990,639,0,1,0
182,493,875,0,1,0
183,711,272,1,0,0
184,348,332,1,0,1
185,522,76,1,1,0
186,853,265,1,0,1
187,775,481,0,1,0
188,394,990,0,1,0
189,851,63,1,0,0
190,903,523,0,1,0
191,950,5,0,1,0
192,902,252,0,1,0
193,493,251,0,1,0
194,8,537,0,1,0
195,572,267,0,1,0
196,3,676,1,0,1
197,966,990,0,1,0
198,722,936,0,1,0
199,789,574,0,1,0
200,526,646,1,0,0
201,174,893,0,1,0
202,212,823,0,1,0
203,947,6,0,1,0
204,6,719,1,1,0
205,748,873,0,1,0
206,203,282,1,0,1
207,737,382,0,1,0
208,251,619,0,1,0
209,769,51,1,0,1
210,233,990,1,0,0
211,724,793,0,1,0
212,18,600,0,1,0
213,610,870,0,1,0
214,990,506,0,1,0
215,512,644,0,1,0
216,371,76,0,1,0
217,497,298,0,1,0
218,678,389,0,1,0
219,309,10,1,0,1
220,2,785,0,0,1
221,738,199,0,1,0
222,6,550,0,1,0
223,441,75,0,1,0
224,269,473,0,1,0
225,663,701,0,1,0
226,292,535,1,0,1
227,496,667,1,1,0
228,958,726,0,1,0
229,468,307,1,0,1
230,325,153,0,1,0
231,2,120,1,0,1
232,793,122,0,1,0
233,215,741,0,1,0
234,453,651,0,1,0
235,689,488,0,1,0
236,415,837,0,1,0
237,308,2,0,1,0
238,489,362,1,0,1
239,255,925,0,1,0
240,171,142,0,0,1
241,262,922,0,1,0
242,261,236,0,1,0
243,179,308,1,0,1
244,235,805,0,1,0
245,833,624,1,0,1
246,755,186,1,0,1
247,578,827,0,1,0
248,321,5,0,1,0
249,663,806,0,1,0
250,896,615,0,1,0
251,904,695,1,0,1
252,662,595,0,1,0
253,655,116,1,0,0
254,112,232,1,0,0
255,118,429,0,1,0
256,622,414,0,0,1
257,775,600,0,1,0
258,599,577,0,1,0
259,804,831,1,0,1
260,782,418,0,1,0
261,586,503,0,1,0
262,7,515,0,1,0
263,889,675,0,1,0
264,33,628,0,1,0
265,199,383,0,1,0
266,36,895,1,0,0
267,279,48,0,0,1
268,770,105,0,1,0
269,892,8,1,0,0
270,781,721,1,0,1
271,738,338,1,1,0
272,824,964,1,0,1
273,464,681,0,1,0
274,93,358,1,0,1
275,112,6,0,1,0
276,505,164,0,0,1
277,713,697,1,0,1
278,527,535,1,1,0
279,384,4,1,0,0
280,251,213,0,1,0
281,210,723,0,1,0
282,487,662,1,0,1
283,990,904,1,0,0
284,850,782,0,1,0
285,821,6,0,1,0
286,830,941,1,0,1
287,8,39,0,1,0
288,5,695,0,1,0
289,151,681,0,1,0
290,557,406,0,1,0
291,849,118,1,0,1
292,45,847,1,0,0
293,9,244,0,1,0
294,8,907,1,0,1
295,224,632,0,1,0
296,246,689,0,1,0
297,343,89,0,1,0
298,650,778,0,1,0
299,64,295,1,0,1
300,492,715,1,0,1
301,675,584,1,0,1
302,207,152,0,0,1
303,8,498,0,1,0
304,558,217,0,1,0
305,942,1,0,1,0
306,767,77,0,1,0
307,569,231,1,0,1
308,838,10,1,0,0
309,427,214,1,0,1
310,862,312,0,1,0
311,796,542,0,1,0
312,223,800,0,1,0
313,352,3,0,1,0
314,1,244,0,1,0
315,885,760,0,1,0
316,0,790,0,1,0
317,801,764,0,0,1
318,525,782,0,1,0
319,61,990,1,0,0
320,732,871,0,1,0
321,757,583,1,0,1
322,767,820,0,1,0
323,830,628,1,0,1
324,2,503,0,1,0
325,586,845,0,1,0
326,261,57,0,1,0
327,808,480,0,1,0
328,147,449,0,1,0
329,83,384,0,1,0
330,615,797,0,1,0
331,3,150,0,1,0
332,692,975,0,1,0
333,231,856,0,1,0
334,174,394,0,1,0
335,745,725,0,1,0
336,870,330,0,1,0
337,434,131,0,1,0
338,758,1,0,1,0
339,6,707,1,1,0
340,867,698,0,1,0
341,857,619,0,1,0
342,567,677,0,1,0
343,557,0,0,1,0
344,980,939,1,0,0
345,509,580,1,0,0
346,171,208,1,0,1
347,276,492,0,1,0
348,263,458,0,1,0
349,748,102,0,1,0
350,119,840,1,0,1
351,501,243,1,0,1
352,357,970,0,1,0
353,855,773,0,1,0
354,817,910,0,1,0
355,0,791,1,0,1
356,122,667,0,1,0
357,89,418,0,1,0
358,574,575,0,1,0
359,635,915,0,1,0
360,391,323,0,1,0
361,1,816,0,1,0
362,713,5,0,1,0
363,603,367,1,0,1
364,879,843,0,1,0
365,829,854,0,1,0
366,312,183,0,1,0
367,433,585,0,1,0
368,258,400,0,1,0
369,155,470,1,0,1
370,636,863,0,1,0
371,3,886,1,1,0
372,771,640,1,0,1
373,367,1,0,1,0
374,881,933,0,1,0
375,513,162,0,1,0
376,175,835,0,1,0
377,500,895,0,1,0
378,513,633,1,1,0
379,105,883,0,1,0
380,820,450,0,1,0
381,855,640,1,0,1
382,702,477,0,1,0
383,462,10,1,0,0
384,849,171,1,0,0
385,438,1,1,0,1
386,904,774,0,1,0
387,276,142,0,1,0
388,751,6,0,1,0
389,399,134,1,0,1
390,9,21,0,1,0
391,20,894,1,0,0
392,195,73,0,1,0
393,227,810,0,1,0
394,751,561,0,1,0
395,257,4,1,0,0
396,54,492,0,1,0
397,5,827,0,1,0
398,244,234,0,1,0
399,719,90,1,1,0
400,541,434,1,0,0
401,741,469,0,0,1
402,345,547,0,1,0
403,361,82,0,1,0
404,110,580,0,1,0
405,918,101,0,0,1
406,708,440,0,1,0
407,285,486,0,1,0
408,2,755,1,0,0
409,592,79,0,1,0
410,304,649,1,0,1
411,447,10,1,0,1
412,523,278,0,1,0
413,793,786,0,1,0
414,221,858,0,1,0
415,479,190,1,0,1
416,172,472,0,1,0
417,599,898,0,1,0
418,288,898,0,1,0
419,413,279,0,1,0
420,738,486,0,1,0
421,884,756,0,1,0
422,14,679,1,0,1
423,274,42,1,0,1
424,188,378,0,1,0
425,115,376,0,1,0
426,95,790,0,1,0
427,301,558,1,0,1
428,980,8,1,0,0
429,585,990,0,1,0
430,371,168,0,1,0
431,619,665,0,1,0
432,891,254,0,1,0
433,785,447,1,0,1
434,431,840,0,1,0
435,851,421,0,1,0
436,488,10,1,0,0
437,786,637,0,1,0
438,528,664,0,1,0
439,860,149,0,1,0
440,281,7,0,1,0
441,713,574,1,0,1
442,425,427,1,0,0
443,274,302,0,1,0
444,156,203,0,0,1
445,284,479,0,1,0
446,778,616,0,1,0
447,393,919,0,1,0
448,664,82,1,0,0
449,54,287,1,0,0
450,887,290,0,1,0
451,301,0,0,1,0
452,939,153,1,0,1
453,274,700,1,0,1
454,620,633,0,1,0
455,593,173,0,1,0
456,990,900,1,0,0
457,653,363,0,1,0
458,319,792,0,1,0
459,10,840,1,1,0
460,978,3,1,0,0
461,471,374,1,0,1
462,644,608,1,0,1
463,840,574,1,0,1
464,587,870,0,1,0
465,862,520,0,1,0
466,223,240,1,0,1
467,481,434,1,0,0
468,27,1,1,0,1
469,721,373,0,1,0
470,689,2,0,1,0
471,1,530,0,1,0
472,854,5,1,0,0
473,8,564,1,0,1
474,315,97,0,0,1
475,336,4,1,0,1
476,331,378,0,1,0
477,542,534,0,1,0
478,439,827,1,0,1
479,722,256,1,0,0
480,844,436,0,1,0
481,240,245,1,0,1
482,238,834,1,0,1
483,515,6,0,1,0
484,892,721,0,1,0
485,594,575,0,1,0
486,325,516,0,1,0
487,106,525,0,0,1
488,359,817,0,1,0
489,612,414,1,0,1
490,860,783,1,0,1
491,426,319,0,1,0
492,990,15,1,0,0
493,751,102,0,1,0
494,589,178,0,1,0
495,75,572,0,1,0
496,135,178,0,1,0
497,632,515,0,1,0
498,190,810,1,0,1
499,931,196,1,0,1
500,327,242,1,0,1
501,119,957,1,0,0
502,567,5,0,1,0
503,754,0,0,1,0
504,225,308,0,1,0
505,622,457,1,0,1
506,700,666,1,0,1
507,603,389,0,1,0
508,331,133,0,1,0
509,161,638,0,1,0
510,553,0,1,0,1
511,990,529,0,1,0
512,880,171,1,0,0
513,6,676,1,0,1
514,681,180,0,1,0
515,141,123,0,1,0
516,881,391,0,1,0
517,603,186,0,1,0
518,694,243,0,1,0
519,367,104,0,1,0
520,721,676,0,1,0
521,954,99,0,1,0
522,251,522,1,0,1
523,440,727,0,1,0
524,808,841,0,1,0
525,578,402,1,0,1
526,8,37,0,1,0
527,477,421,1,0,1
528,754,9,0,1,0
529,293,549,1,0,1
530,934,484,1,0,1
531,437,732,0,1,0
532,144,918,0,1,0
533,41,208,0,1,0
534,852,366,0,1,0
535,290,827,0,1,0
536,830,694,0,1,0
537,388,585,0,1,0
538,425,131,0,1,0
539,600,417,1,0,1
540,478,644,0,1,0
541,440,693,0,1,0
542,682,518,0,1,0
543,1,46,0,1,0
544,312,278,1,0,0
545,52,2,0,1,0
546,125,385,0,1,0
547,454,393,0,1,0
548,58,828,0,0,1
549,620,582,0,1,0
550,791,354,0,1,0
551,224,925,0,1,0
552,968,275,1,0,1
553,365,813,1,0,1
554,485,761,0,1,0
555,218,861,0,1,0
556,331,611,0,1,0
557,299,7,0,1,0
558,833,549,1,0,1
559,739,520,0,1,0
560,800,656,0,1,0
561,684,754,0,1,0
562,824,596,0,1,0
563,435,990,0,1,0
564,5,142,1,0,1
565,192,705,0,1,0
566,172,94,0,1,0
567,277,348,0,1,0
568,748,156,0,1,0
569,210,8,0,1,0
570,735,653,1,0,1
571,255,636,0,1,0
572,636,347,0,1,0
573,174,527,1,0,1
574,875,544,0,1,0
575,533,190,0,1,0
576,22,863,1,0,0
577,360,842,1,0,1
578,182,171,0,1,0
579,742,116,0,1,0
580,200,754,0,1,0
581,8,370,1,0,0
582,329,332,0,1,0
583,474,982,0,1,0
584,308,215,1,0,1
585,176,505,0,1,0
586,816,295,0,1,0
587,801,8,0,1,0
588,268,570,0,1,0
589,552,777,0,1,0
590,395,372,0,1,0
591,812,396,1,0,1
592,785,842,0,1,0
593,245,679,0,1,0
594,809,565,0,1,0
595,590,907,1,0,1
596,328,827,0,1,0
597,795,607,0,1,0
598,179,309,0,1,0
599,93,330,0,1,0
600,919,271,0,1,0
601,743,790,0,1,0
602,708,430,0,1,0
603,5,429,0,1,0
604,521,64,0,1,0
605,386,388,0,1,0
606,811,3,1,0,1
607,164,261,0,1,0
608,491,628,1,1,0
609,391,440,0,1,0
610,749,943,0,1,0
611,407,247,0,1,0
612,344,827,0,1,0
613,19,522,0,1,0
614,618,767,1,0,1
615,507,2,0,1,0
616,910,822,1,0,0
617,719,607,0,1,0
618,438,287,0,1,0
619,705,218,0,1,0
620,2,76,0,1,0
621,516,302,0,1,0
622,539,3,0,1,0
623,133,377,0,1,0
624,653,380,1,0,1
625,238,473,0,1,0
626,0,20,0,1,0
627,105,333,0,1,0
628,833,9,1,0,0
629,629,646,0,1,0
630,739,485,0,1,0
631,907,861,0,1,0
632,990,792,1,0,0
633,149,223,0,1,0
634,873,259,0,1,0
635,562,870,0,1,0
636,760,787,0,1,0
637,179,475,0,1,0
638,352,516,1,1,0
639,693,326,1,0,1
640,163,738,0,1,0
641,1,586,0,1,0
642,9,967,0,1,0
643,925,614,0,1,0
644,519,262,0,1,0
645,91,198,0,1,0
646,630,191,0,1,0
647,3,644,0,1,0
648,101,240,0,1,0
649,753,389,0,1,0
650,954,990,0,1,0
651,767,318,0,1,0
652,264,467,0,1,0
653,219,5,0,1,0
654,6,824,0,1,0
655,508,9,0,1,0
656,375,414,0,1,0
657,676,225,0,1,0
658,330,739,0,1,0
659,248,40,1,0,1
660,286,104,1,0,1
661,337,640,1,0,1
662,346,162,1,0,1
663,687,409,0,1,0
664,133,578,0,1,0
665,234,565,0,1,0
666,154,435,0,1,0
667,572,101,0,1,0
668,942,618,0,1,0
669,921,6,1,1,0
670,215,334,0,1,0
671,783,683,0,1,0
672,918,684,0,1,0
673,746,266,1,0,1
674,725,324,0,1,0
675,656,544,0,1,0
676,833,877,0,1,0
677,899,876,0,1,0
678,533,375,1,1,0
679,0,147,0,1,0
680,553,445,0,1,0
681,489,2,1,0,0
682,143,728,0,1,0
683,5,604,0,1,0
684,204,66,0,1,0
685,375,267,1,0,1
686,823,137,0,1,0
687,801,522,1,0,1
688,567,802,0,1,0
689,818,760,1,0,1
690,620,577,0,1,0
691,227,735,0,1,0
692,800,762,0,1,0
693,413,838,0,1,0
694,652,322,1,0,0
695,710,427,0,1,0
696,837,465,1,0,1
697,565,361,0,1,0
698,165,448,1,0,1
699,118,712,0,1,0
700,758,254,1,0,1
701,100,944,1,0,0
702,557,406,0,1,0
703,397,1,1,0,0
704,284,885,0,1,0
705,4,645,0,1,0
706,550,8,1,0,1
707,479,704,0,1,0
708,877,321,0,1,0
709,536,10,0,1,0
710,664,159,0,1,0
711,355,582,0,1,0
712,9,579,0,1,0
713,877,786,0,1,0
714,872,420,0,1,0
715,582,8,0,1,0
716,101,870,0,1,0
717,788,739,1,0,1
718,428,392,1,0,1
719,637,895,0,1,0
720,449,376,0,1,0
721,874,77,0,1,0
722,966,141,0,1,0
723,934,870,0,1,0
724,105,877,0,1,0
725,588,186,0,1,0
726,285,509,0,1,0
727,1,951,1,0,0
728,507,908,0,0,1
729,4,523,0,1,0
730,194,257,0,1,0
731,108,710,0,1,0
732,498,744,1,0,1
733,430,116,1,0,1
734,9,268,0,1,0
735,161,545,0,1,0
736,594,480,0,1,0
737,199,5,1,0,0
738,90,873,0,1,0
739,150,708,0,1,0
740,93,98,0,1,0
741,937,1,0,1,0
742,688,780,0,1,0
743,304,613,0,1,0
744,816,637,0,1,0
745,428,858,1,0,1
746,147,257,1,0,1
747,4,520,1,0,1
748,513,675,0,1,0
749,936,92,0,1,0
750,990,874,1,0,0
751,925,91,0,1,0
752,307,509,1,0,1
753,7,945,1,0,0
754,499,218,0,1,0
755,538,587,0,1,0
756,822,522,0,1,0
757,820,829,0,1,0
758,537,772,0,1,0
759,1,160,1,0,1
760,548,201,0,1,0
761,579,8,0,1,0
762,587,537,0,1,0
763,803,475,0,1,0
764,334,0,0,1,0
765,373,705,1,0,1
766,745,460,0,1,0
767,218,758,1,0,1
768,946,2,0,1,0
769,351,10,1,1,0
770,413,177,1,0,1
771,281,447,0,1,0
772,837,662,0,1,0
773,893,652,0,1,0
774,859,571,0,1,0
775,577,674,0,1,0
776,773,399,1,0,1
777,99,115,0,1,0
778,895,658,0,1,0
779,118,2,0,1,0
780,268,821,0,1,0
781,687,575,0,1,0
782,356,157,0,1,0
783,160,278,1,0,1
784,228,5,1,0,1
785,718,157,1,0,1
786,829,160,1,0,1
787,681,853,0,1,0
788,10,911,1,0,0
789,90,890,1,0,0
790,512,96,0,1,0
791,192,650,0,1,0
792,6,983,1,0,0
793,8,688,0,1,0
794,231,582,0,1,0
795,925,743,1,0,1
796,402,735,0,1,0
797,983,186,0,1,0
798,936,490,0,1,0
799,914,443,0,1,0
800,482,482,1,0,0
801,234,162,0,1,0
802,367,254,0,1,0
803,258,110,0,1,0
804,501,0,0,1,0
805,792,256,1,0,0
806,893,386,0,1,0
807,426,114,1,0,1
808,840,573,0,1,0
809,4,242,0,1,0
810,868,593,0,1,0
811,679,458,0,1,0
812,902,649,0,1,0
813,124,602,1,0,1
814,823,10,0,1,0
815,544,345,0,1,0
816,562,111,0,1,0
817,367,883,0,1,0
818,785,486,1,0,1
819,822,890,0,1,0
820,190,714,0,1,0
821,521,49,0,1,0
822,283,669,0,1,0
823,990,839,0,1,0
824,1,640,0,1,0
825,539,769,0,1,0
826,399,6,1,0,0
827,663,895,0,1,0
828,585,900,0,1,0
829,748,459,0,1,0
830,638,655,0,1,0
831,598,578,0,1,0
832,187,434,0,1,0
833,161,6,0,1,0
834,10,194,0,1,0
835,809,591,0,1,0
836,403,293,1,0,1
837,911,785,0,1,0
838,2,381,1,0,1
839,963,4,0,1,0
840,215,536,0,1,0
841,399,678,0,1,0
842,286,5,0,1,0
843,605,578,1,1,0
844,130,367,1,0,1
845,664,154,0,1,0
846,414,265,0,1,0
847,217,629,0,1,0
848,848,856,0,1,0
849,990,856,0,1,0
850,593,5,0,1,0
851,402,574,0,1,0
852,323,790,1,0,1
853,179,653,0,1,0
854,406,207,0,1,0
855,233,402,0,1,0
856,436,864,0,1,0
857,270,751,0,1,0
858,413,437,0,0,1
859,887,167,0,1,0
860,382,830,0,1,0
861,748,968,0,1,0
862,6,280,0,1,0
863,793,7,0,1,0
864,243,414,0,1,0
865,191,560,1,0,1
866,87,246,0,1,0
867,7,186,0,1,0
868,683,715,0,1,0
869,657,451,0,1,0
870,716,814,1,0,1
871,345,702,0,1,0
872,7,208,0,1,0
873,862,529,0,1,0
874,623,426,0,1,0
875,912,3,0,1,0
876,937,668,0,1,0
877,259,295,0,1,0
878,916,506,0,1,0
879,642,714,1,0,1
880,349,972,0,1,0
881,462,523,1,0,0
882,3,31,1,0,1
883,866,267,0,1,0
884,9,672,0,1,0
885,520,822,0,1,0
886,504,120,0,1,0
887,321,700,0,1,0
888,649,243,0,1,0
889,174,10,1,0,1
890,602,686,0,1,0
891,458,290,0,1,0
892,994,666,1,0,1
893,8,851,1,0,0
894,516,990,0,1,0
895,93,1,1,0,0
896,896,270,0,1,0
897,789,116,0,1,0
898,320,209,0,1,0
899,93,3,1,0,0
900,447,417,1,0,1
901,587,1,0,1,0
902,270,766,1,0,1
903,631,694,0,1,0
904,8,710,0,1,0
905,659,521,0,1,0
906,7,112,1,0,0
907,277,794,1,0,1
908,254,586,0,1,0
909,72,990,1,0,0
910,990,389,1,0,1
911,256,264,0,1,0
912,566,683,0,1,0
913,607,721,0,1,0
914,568,235,0,1,0
915,607,323,0,1,0
916,759,5,0,1,0
917,404,875,1,0,1
918,8,403,1,0,0
919,596,444,0,1,0
920,619,708,0,1,0
921,325,840,1,0,1
922,633,731,0,1,0
923,683,502,1,0,1
924,541,161,0,1,0
925,398,864,0,1,0
926,2,660,0,1,0
927,217,10,0,1,0
928,735,558,0,1,0
929,821,521,1,0,1
930,418,10,1,0,0
931,941,617,0,1,0
932,207,40,0,1,0
933,564,507,1,0,1
934,8,890,0,1,0
935,192,149,1,0,1
936,778,3,0,1,0
937,631,250,0,1,0
938,399,479,1,0,0
939,369,542,0,1,0
940,352,3,0,1,0
941,150,318,0,1,0
942,752,177,1,0,1
943,735,194,0,1,0
944,934,57,0,1,0
945,235,403,1,0,1
946,517,874,0,1,0
947,686,849,0,1,0
948,8,908,1,0,0
949,6,458,0,1,0
950,394,589,1,0,1
951,208,647,0,1,0
952,428,3,0,1,0
953,495,696,1,0,1
954,595,527,0,1,0
955,180,8,0,1,0
956,358,186,0,1,0
957,364,225,1,0,1
958,428,220,0,1,0
959,793,672,0,1,0
960,627,913,0,1,0
961,176,608,0,1,0
962,731,990,1,0,1
963,267,324,0,1,0
964,61,2,1,0,1
965,343,101,0,1,0
966,550,310,1,0,1
967,2,793,0,1,0
968,273,322,0,0,1
969,63,10,0,1,0
970,1,673,0,1,0
971,472,615,1,0,0
972,564,136,0,1,0
973,809,746,0,1,0
974,4,719,1,1,0
975,353,407,0,1,0
976,866,724,1,0,1
977,303,620,0,1,0
978,408,156,0,1,0
979,249,820,0,1,0
980,686,381,0,1,0
981,625,893,0,1,0
982,448,288,0,1,0
983,430,483,1,0,0
984,195,439,0,1,0
985,432,342,0,1,0
986,590,1,0,1,0
987,721,6,1,0,1
988,519,266,0,1,0
989,101,671,0,1,0
990,128,568,1,0,1
991,728,109,0,1,0
992,292,39,0,1,0
993,5,24,0,1,0
994,132,157,0,1,0
995,713,896,0,1,0
996,717,639,0,1,0
997,4,81,1,0,1
998,705,632,0,1,0
999,667,545,0,1,0
