Index,x,y,alive,infected,immune
0,802,317,0,1,0
1,6,697,1,0,1
2,951,188,0,0,1
3,552,894,1,0,1
4,967,808,0,1,0
5,408,123,0,1,0
6,488,96,0,1,0
7,2,559,0,1,0
8,340,775,1,0,1
9,859,599,0,1,0
10,436,146,0,1,0
11,583,109,0,1,0
12,515,9,0,1,0
13,44,345,0,1,0
14,862,237,0,1,0
15,103,774,0,1,0
16,488,352,1,0,1
17,781,710,0,1,0
18,957,149,0,1,0
19,656,806,0,1,0
20,951,538,0,1,0
21,325,321,0,1,0
22,414,807,0,1,0
23,245,155,1,0,1
24,207,401,0,1,0
25,2,153,0,1,0
26,795,7,0,1,0
27,693,401,0,1,0
28,112,132,0,1,0
29,499,902,0,1,0
30,683,678,0,1,0
31,561,8,0,1,0
32,743,870,1,0,1
33,963,275,1,0,1
34,265,842,0,1,0
35,281,7,0,1,0
36,629,1,1,0,1
37,945,663,0,1,0
38,3,585,0,1,0
39,382,758,0,1,0
40,225,28,0,1,0
41,661,553,1,0,1
42,522,189,1,0,1
43,150,425,0,1,0
44,478,281,0,1,0
45,209,129,0,1,0
46,550,904,1,0,1
47,745,535,0,1,0
48,742,342,0,1,0
49,497,149,0,1,0
50,522,933,0,1,0
51,858,694,0,1,0
52,145,386,0,1,0
53,173,343,0,1,0
54,295,781,0,1,0
55,559,262,0,0,1
56,708,178,0,1,0
57,545,270,0,1,0
58,158,370,0,1,0
59,990,407,0,1,0
60,176,673,0,1,0
61,594,8,0,1,0
62,437,924,0,1,0
63,153,427,0,1,0
64,7,962,0,1,0
65,6,349,1,0,1
66,28,819,0,1,0
67,798,806,0,1,0
68,625,780,0,1,0
69,678,932,0,1,0
70,597,822,0,1,0
71,747,10,0,1,0
72,508,773,0,1,0
73,585,752,0,1,0
74,335,5,0,1,0
75,990,163,1,0,1
76,118,334,0,1,0
77,425,257,1,0,1
78,330,750,1,0,1
79,965,67,0,1,0
80,122,506,0,1,0
81,749,854,0,1,0
82,122,106,0,1,0
83,287,943,0,1,0
84,363,555,0,1,0
85,211,303,0,1,0
86,393,629,1,0,1
87,856,578,0,1,0
88,621,111,0,1,0
89,613,7,0,1,0
90,249,165,0,1,0
91,225,503,0,1,0
92,287,528,0,1,0
93,521,955,0,1,0
94,631,333,0,1,0
95,213,904,0,1,0
96,780,865,0,1,0
97,507,572,0,1,0
98,120,55,0,1,0
99,712,198,0,1,0
100,253,264,0,1,0
101,744,428,1,0,1
102,667,910,1,0,1
103,7,33,0,0,1
104,659,424,1,0,1
105,589,578,1,1,0
106,867,284,0,1,0
107,641,211,0,1,0
108,897,329,0,1,0
109,808,571,0,0,1
110,370,892,1,0,1
111,7,776,0,1,0
112,803,431,0,1,0
113,877,315,0,1,0
114,560,266,0,1,0
115,880,567,0,1,0
116,55,903,1,0,0
117,709,837,0,1,0
118,413,7,1,0,0
119,205,724,0,1,0
120,684,464,1,0,1
121,850,530,0,1,0
122,3,481,1,0,0
123,632,26,1,0,0
124,278,415,0,1,0
125,863,556,1,0,1
126,808,5,0,1,0
127,677,760,0,1,0
128,240,765,1,0,1
129,531,1,0,1,0
130,477,880,0,1,0
131,6,180,1,0,0
132,909,254,0,1,0
133,9,274,0,1,0
134,634,620,0,1,0
135,318,453,0,1,0
136,190,151,0,1,0
137,551,532,0,1,0
138,631,752,1,0,1
139,606,164,1,0,1
140,6,421,0,1,0
141,605,635,1,0,1
142,541,373,0,1,0
143,798,188,0,1,0
144,400,621,0,1,0
145,174,87,0,1,0
146,478,589,1,0,0
147,464,697,0,1,0
148,749,348,0,1,0
149,277,198,0,1,0
150,157,225,1,0,1
151,690,339,0,1,0
152,390,458,1,0,1
153,342,347,0,1,0
154,3,901,1,0,0
155,74,162,0,1,0
156,559,568,1,1,0
157,198,278,0,1,0
158,437,723,0,1,0
159,855,627,0,1,0
160,796,735,0,1,0
161,147,586,0,1,0
162,820,795,0,1,0
163,664,209,0,1,0
164,87,561,0,1,0
165,538,912,0,1,0
166,818,309,0,1,0
167,260,190,0,1,0
168,238,6,0,1,0
169,883,5,1,0,0
170,561,678,1,0,1
171,971,510,0,1,0
172,147,380,0,1,0
173,3,926,1,0,0
174,186,832,0,1,0
175,82,33,1,0,0
176,586,435,0,1,0
177,390,400,0,1,0
178,404,660,0,1,0
179,709,2,0,1,0
180,513,127,0,1,0
181,973,626,0,1,0
182,455,866,0,1,0
183,724,277,1,0,0
184,349,320,1,1,0
185,530,78,1,0,0
186,851,278,1,0,1
187,741,449,0,1,0
188,394,990,0,1,0
189,838,68,1,0,0
190,924,523,0,1,0
191,950,0,0,1,0
192,909,229,0,1,0
193,478,228,0,1,0
194,4,537,0,1,0
195,538,265,0,1,0
196,2,676,1,0,1
197,966,990,0,1,0
198,718,960,0,1,0
199,806,551,0,1,0
200,517,602,1,0,0
201,188,871,0,1,0
202,189,824,0,1,0
203,947,6,0,1,0
204,9,719,1,0,0
205,699,880,0,1,0
206,176,266,1,0,1
207,769,374,0,1,0
208,275,599,0,1,0
209,788,37,1,0,1
210,233,990,1,0,0
211,701,796,0,1,0
212,34,598,0,1,0
213,584,852,0,1,0
214,990,506,1,0,0
215,489,693,1,1,0
216,357,90,0,1,0
217,465,298,0,1,0
218,695,378,0,1,0
219,309,10,1,0,1
220,5,785,0,0,1
221,747,211,0,1,0
222,4,550,0,1,0
223,422,102,0,1,0
224,286,462,0,1,0
225,654,686,0,1,0
226,328,541,1,0,1
227,494,658,1,0,0
228,955,716,0,1,0
229,451,315,1,0,1
230,321,154,0,1,0
231,8,120,1,0,1
232,792,135,0,1,0
233,209,739,0,1,0
234,417,653,0,1,0
235,689,494,0,1,0
236,380,853,0,1,0
237,308,8,0,1,0
238,477,394,1,1,0
239,242,899,0,1,0
240,187,132,0,0,1
241,271,949,0,1,0
242,252,232,0,1,0
243,189,340,1,0,1
244,267,812,0,1,0
245,831,591,1,0,1
246,787,217,1,0,1
247,553,823,0,1,0
248,321,5,0,1,0
249,691,791,0,1,0
250,884,611,0,1,0
251,905,666,1,0,1
252,695,619,0,1,0
253,669,114,1,0,0
254,122,237,1,0,0
255,127,438,0,1,0
256,656,410,0,0,1
257,758,606,0,1,0
258,587,579,0,1,0
259,806,827,1,0,1
260,801,453,0,1,0
261,563,499,0,1,0
262,4,515,0,1,0
263,863,628,0,1,0
264,58,621,0,1,0
265,183,372,0,1,0
266,37,889,1,0,0
267,252,28,0,0,1
268,755,119,0,1,0
269,892,3,1,0,0
270,810,703,1,0,1
271,753,302,1,0,0
272,848,950,1,0,1
273,456,691,0,1,0
274,131,348,1,0,1
275,112,1,0,1,0
276,511,160,0,0,1
277,711,656,1,0,1
278,524,516,1,0,0
279,384,2,1,0,0
280,239,201,0,1,0
281,197,732,0,1,0
282,506,650,1,0,1
283,990,904,1,0,0
284,871,792,0,1,0
285,821,0,0,1,0
286,831,958,1,0,1
287,1,39,0,1,0
288,0,695,0,1,0
289,155,700,0,1,0
290,576,377,0,1,0
291,859,112,1,0,1
292,29,853,1,0,0
293,4,244,0,1,0
294,52,908,1,0,1
295,239,654,0,1,0
296,250,710,0,1,0
297,323,115,0,1,0
298,678,759,0,1,0
299,54,281,1,0,1
300,462,737,1,0,1
301,707,586,1,0,1
302,188,154,0,0,1
303,7,498,0,1,0
304,542,222,0,1,0
305,942,1,0,1,0
306,761,103,0,1,0
307,568,284,1,0,1
308,838,10,1,0,0
309,452,240,1,0,1
310,865,332,0,1,0
311,786,544,0,1,0
312,215,773,0,1,0
313,352,8,1,0,0
314,2,244,0,1,0
315,908,735,0,1,0
316,8,790,0,1,0
317,786,747,0,0,1
318,549,803,0,1,0
319,61,990,1,0,0
320,737,866,0,1,0
321,751,571,1,0,1
322,788,815,0,1,0
323,833,648,1,0,1
324,2,503,0,1,0
325,596,838,0,1,0
326,279,74,0,1,0
327,792,481,0,1,0
328,138,491,0,1,0
329,85,417,0,1,0
330,613,791,0,1,0
331,1,150,0,1,0
332,710,954,0,1,0
333,235,871,0,1,0
334,206,392,0,1,0
335,780,663,0,1,0
336,863,331,0,1,0
337,425,124,0,1,0
338,758,1,0,1,0
339,0,707,1,0,0
340,884,675,0,1,0
341,867,633,0,1,0
342,547,672,0,1,0
343,557,2,0,1,0
344,953,927,1,0,0
345,482,579,1,0,0
346,178,233,1,0,1
347,270,486,0,1,0
348,250,480,0,1,0
349,792,102,0,1,0
350,101,823,1,0,1
351,482,265,1,0,1
352,358,948,0,1,0
353,842,757,0,1,0
354,834,907,0,1,0
355,4,791,1,0,1
356,144,675,0,1,0
357,88,423,0,1,0
358,583,560,0,1,0
359,657,892,0,1,0
360,369,318,0,1,0
361,4,816,0,1,0
362,713,3,0,1,0
363,613,365,1,0,1
364,842,868,0,1,0
365,844,858,0,1,0
366,351,174,0,1,0
367,441,603,0,1,0
368,260,397,0,1,0
369,192,512,1,0,1
370,647,880,0,1,0
371,0,886,1,0,0
372,767,622,1,0,1
373,367,2,0,1,0
374,887,900,0,1,0
375,519,149,0,1,0
376,207,836,0,1,0
377,501,893,0,1,0
378,502,652,1,1,0
379,110,876,0,1,0
380,833,448,0,1,0
381,851,665,1,0,1
382,715,463,0,1,0
383,462,10,1,0,0
384,835,174,1,0,0
385,438,4,1,0,1
386,890,777,0,1,0
387,301,150,0,1,0
388,751,7,0,1,0
389,412,108,1,0,1
390,3,21,0,1,0
391,33,885,1,0,0
392,177,51,0,1,0
393,264,809,0,1,0
394,759,559,0,1,0
395,257,8,1,0,0
396,51,492,0,1,0
397,8,827,0,1,0
398,245,242,0,1,0
399,724,115,1,1,0
400,542,453,1,0,0
401,735,486,0,0,1
402,352,498,0,1,0
403,323,84,0,1,0
404,105,552,0,1,0
405,914,106,1,1,0
406,692,435,0,1,0
407,272,473,0,1,0
408,0,755,1,0,0
409,573,85,0,1,0
410,326,669,1,0,1
411,447,10,1,0,1
412,535,301,0,1,0
413,752,788,0,1,0
414,234,872,0,1,0
415,486,213,1,0,1
416,183,491,0,1,0
417,571,916,0,1,0
418,290,879,0,1,0
419,409,258,0,1,0
420,726,495,0,1,0
421,897,753,0,1,0
422,35,692,1,0,1
423,284,69,1,0,1
424,206,395,0,1,0
425,129,378,0,1,0
426,63,784,0,1,0
427,304,543,1,0,1
428,980,6,1,0,0
429,585,990,0,1,0
430,334,167,0,1,0
431,610,702,0,1,0
432,877,287,0,1,0
433,814,480,1,0,1
434,434,812,0,1,0
435,839,382,0,1,0
436,488,10,1,0,0
437,808,618,0,1,0
438,507,662,1,1,0
439,860,151,0,1,0
440,281,8,0,1,0
441,710,582,1,0,1
442,415,469,1,0,0
443,279,293,0,1,0
444,128,225,0,0,1
445,287,455,0,1,0
446,783,636,0,1,0
447,410,911,0,1,0
448,647,88,1,0,0
449,57,272,1,0,0
450,906,288,0,1,0
451,301,2,0,1,0
452,952,149,1,0,1
453,254,690,1,0,1
454,621,630,0,1,0
455,594,198,0,1,0
456,990,900,1,0,0
457,646,359,0,1,0
458,315,810,0,1,0
459,10,840,1,0,0
460,978,0,1,0,0
461,461,384,1,0,1
462,625,615,1,0,1
463,829,568,1,0,1
464,583,860,0,1,0
465,848,493,0,1,0
466,228,214,1,0,1
467,469,451,1,0,0
468,27,4,1,0,1
469,735,361,0,1,0
470,689,3,0,1,0
471,5,530,0,1,0
472,854,9,1,0,0
473,0,564,1,0,1
474,308,85,0,0,1
475,336,2,1,0,1
476,320,358,0,1,0
477,553,531,0,1,0
478,421,850,1,0,1
479,719,246,1,0,0
480,816,448,0,1,0
481,229,232,1,0,1
482,242,830,1,0,1
483,541,973,0,1,0
484,878,732,0,1,0
485,633,598,0,1,0
486,334,484,0,1,0
487,102,528,0,0,1
488,357,822,0,1,0
489,597,390,1,0,1
490,878,811,1,0,1
491,402,345,0,1,0
492,990,15,1,0,0
493,752,107,0,1,0
494,568,207,0,1,0
495,91,597,0,1,0
496,143,174,0,1,0
497,635,476,0,1,0
498,186,816,1,0,1
499,928,205,1,0,1
500,329,226,1,0,1
501,90,930,1,0,0
502,567,2,0,1,0
503,754,8,0,1,0
504,220,307,0,1,0
505,625,455,1,0,1
506,683,675,1,0,1
507,634,382,0,1,0
508,343,152,0,1,0
509,148,645,0,1,0
510,553,5,1,0,1
511,950,509,0,1,0
512,882,199,1,0,0
513,38,672,1,0,1
514,661,177,0,1,0
515,145,112,0,1,0
516,849,380,0,1,0
517,580,177,0,1,0
518,688,242,0,1,0
519,376,109,0,1,0
520,715,688,0,1,0
521,918,83,0,1,0
522,272,562,1,0,1
523,455,738,1,1,0
524,810,856,0,1,0
525,599,395,1,0,1
526,1,37,0,1,0
527,463,410,1,0,1
528,754,5,0,1,0
529,289,538,1,0,1
530,910,509,1,0,1
531,472,729,1,1,0
532,119,908,0,1,0
533,73,224,0,1,0
534,833,366,0,1,0
535,261,860,0,1,0
536,866,681,0,1,0
537,388,558,0,1,0
538,426,124,0,1,0
539,603,388,1,0,1
540,458,653,0,1,0
541,466,706,0,1,0
542,658,486,0,1,0
543,5,46,0,1,0
544,309,285,1,0,0
545,52,3,0,1,0
546,125,414,0,1,0
547,428,405,0,1,0
548,65,820,0,0,1
549,644,574,0,1,0
550,768,359,0,1,0
551,231,925,0,1,0
552,955,260,1,0,1
553,357,826,1,0,1
554,471,760,1,1,0
555,214,843,0,1,0
556,345,620,0,1,0
557,299,2,0,1,0
558,860,543,1,0,1
559,700,536,0,1,0
560,767,652,0,1,0
561,686,745,0,1,0
562,815,601,0,1,0
563,435,990,0,1,0
564,4,142,1,0,1
565,195,723,0,1,0
566,172,108,0,1,0
567,243,348,0,1,0
568,749,141,0,1,0
569,210,4,0,1,0
570,755,648,1,0,1
571,266,626,0,1,0
572,619,347,0,1,0
573,173,529,1,0,1
574,894,535,0,1,0
575,509,212,0,1,0
576,45,874,1,0,0
577,325,812,1,0,1
578,167,160,0,1,0
579,734,132,0,1,0
580,220,777,0,1,0
581,0,370,1,0,0
582,366,311,0,1,0
583,517,968,0,1,0
584,314,227,1,0,1
585,159,507,0,1,0
586,779,351,0,1,0
587,801,6,0,1,0
588,291,597,0,1,0
589,574,794,0,1,0
590,420,361,0,1,0
591,816,394,1,0,1
592,803,845,0,1,0
593,251,716,0,1,0
594,803,598,0,1,0
595,587,896,1,0,1
596,339,826,0,1,0
597,779,606,0,1,0
598,149,335,0,1,0
599,91,365,0,1,0
600,921,264,0,1,0
601,709,803,0,1,0
602,710,471,0,1,0
603,6,429,0,1,0
604,503,94,0,1,0
605,382,356,0,1,0
606,811,4,1,0,1
607,142,297,0,1,0
608,507,619,1,0,0
609,411,432,0,1,0
610,780,936,0,1,0
611,437,247,0,1,0
612,321,862,0,1,0
613,31,507,0,1,0
614,581,774,1,0,1
615,507,1,0,1,0
616,909,816,1,0,0
617,723,602,0,1,0
618,451,275,0,1,0
619,689,232,0,1,0
620,0,76,0,1,0
621,521,289,0,1,0
622,539,3,0,1,0
623,159,370,0,1,0
624,690,364,1,0,1
625,259,499,0,1,0
626,7,20,0,1,0
627,119,340,0,1,0
628,833,0,1,0,0
629,637,654,0,1,0
630,748,459,0,1,0
631,888,877,0,1,0
632,990,792,1,0,0
633,160,241,0,1,0
634,854,254,0,1,0
635,543,871,0,1,0
636,750,795,0,1,0
637,192,448,0,1,0
638,366,544,1,1,0
639,660,343,1,0,1
640,165,762,0,1,0
641,5,586,0,1,0
642,6,967,0,1,0
643,914,618,0,1,0
644,537,272,0,1,0
645,50,198,0,1,0
646,629,208,0,1,0
647,4,644,0,1,0
648,91,230,0,1,0
649,721,381,0,1,0
650,954,990,0,1,0
651,736,334,0,1,0
652,262,457,0,1,0
653,219,8,0,1,0
654,3,824,0,1,0
655,508,9,0,1,0
656,375,399,0,1,0
657,673,220,0,1,0
658,298,747,0,1,0
659,255,58,1,0,1
660,283,111,1,0,1
661,316,616,1,0,1
662,364,173,1,0,1
663,681,396,0,1,0
664,132,595,0,1,0
665,238,559,0,1,0
666,139,406,0,1,0
667,567,82,0,1,0
668,937,640,0,1,0
669,921,3,1,0,0
670,253,368,0,1,0
671,774,683,0,1,0
672,922,691,0,1,0
673,720,277,1,0,1
674,734,325,0,1,0
675,668,571,0,1,0
676,817,880,0,1,0
677,901,876,0,1,0
678,503,405,1,1,0
679,0,147,0,1,0
680,545,482,0,1,0
681,489,4,1,0,0
682,144,717,0,1,0
683,2,604,0,1,0
684,208,48,0,1,0
685,392,243,1,0,1
686,843,112,0,1,0
687,796,562,1,0,1
688,592,789,0,1,0
689,801,749,1,0,1
690,611,568,0,1,0
691,205,732,0,1,0
692,778,764,0,1,0
693,429,854,0,1,0
694,673,327,1,0,0
695,695,415,0,1,0
696,835,432,1,0,1
697,565,338,0,1,0
698,185,474,1,0,1
699,109,696,0,1,0
700,778,292,1,0,1
701,108,934,1,0,0
702,540,417,0,1,0
703,397,3,1,0,0
704,298,862,0,1,0
705,6,645,0,1,0
706,550,8,1,0,1
707,499,707,0,1,0
708,853,281,0,1,0
709,536,10,0,1,0
710,664,179,0,1,0
711,361,595,0,1,0
712,3,579,0,1,0
713,865,801,0,1,0
714,888,435,0,1,0
715,582,6,0,1,0
716,83,860,0,1,0
717,768,742,1,0,1
718,410,379,1,0,1
719,620,897,0,1,0
720,452,385,0,1,0
721,870,73,0,1,0
722,963,141,0,1,0
723,917,871,0,1,0
724,118,869,0,1,0
725,582,165,0,1,0
726,293,510,0,1,0
727,3,951,1,0,0
728,508,893,0,0,1
729,7,523,0,1,0
730,224,241,0,1,0
731,124,711,0,1,0
732,489,759,1,0,1
733,434,178,1,0,1
734,7,268,0,1,0
735,180,566,0,1,0
736,578,480,0,1,0
737,199,0,1,0,0
738,55,850,0,1,0
739,158,697,0,1,0
740,106,102,0,1,0
741,937,4,0,1,0
742,696,806,0,1,0
743,340,642,0,1,0
744,799,603,0,1,0
745,449,857,1,0,1
746,141,271,1,0,1
747,7,520,1,0,1
748,508,651,0,1,0
749,955,114,0,1,0
750,990,874,1,0,0
751,906,92,0,1,0
752,306,519,1,0,1
753,2,945,1,0,0
754,483,233,0,1,0
755,543,580,0,1,0
756,809,518,0,1,0
757,820,798,0,1,0
758,503,780,0,1,0
759,3,160,1,0,1
760,527,192,0,1,0
761,579,998,0,1,0
762,614,536,0,1,0
763,776,482,0,1,0
764,334,3,0,1,0
765,379,731,1,0,1
766,748,459,0,1,0
767,256,751,1,0,1
768,946,1,0,1,0
769,351,10,1,0,0
770,445,184,1,0,1
771,296,445,0,1,0
772,815,660,0,1,0
773,894,637,0,1,0
774,854,575,0,1,0
775,563,686,0,1,0
776,799,407,1,0,1
777,112,82,0,1,0
778,871,658,0,1,0
779,118,8,0,1,0
780,261,814,0,1,0
781,669,572,0,1,0
782,346,153,0,1,0
783,168,257,1,0,1
784,228,6,1,0,1
785,708,120,1,0,1
786,799,158,1,0,1
787,647,859,0,1,0
788,10,911,1,0,0
789,117,892,1,0,0
790,511,109,0,1,0
791,207,624,0,1,0
792,8,983,1,0,0
793,1,688,0,1,0
794,222,581,0,1,0
795,926,722,1,0,1
796,399,706,1,1,0
797,974,176,0,1,0
798,940,500,0,1,0
799,925,460,0,1,0
800,495,463,1,0,0
801,228,169,0,1,0
802,364,265,0,1,0
803,270,152,0,1,0
804,501,3,0,1,0
805,807,246,1,0,0
806,880,408,0,1,0
807,415,105,1,0,1
808,840,590,0,1,0
809,5,242,0,1,0
810,867,610,0,1,0
811,649,458,0,1,0
812,898,649,0,1,0
813,124,639,1,0,1
814,823,10,0,1,0
815,545,358,0,1,0
816,545,137,0,1,0
817,362,872,0,1,0
818,758,482,1,0,1
819,800,927,0,1,0
820,164,721,0,1,0
821,510,68,0,1,0
822,263,644,0,1,0
823,990,839,0,1,0
824,0,640,0,1,0
825,513,802,0,1,0
826,399,5,1,0,0
827,690,912,0,1,0
828,609,906,0,1,0
829,759,460,0,1,0
830,623,657,0,1,0
831,577,584,0,1,0
832,220,434,0,1,0
833,161,9,0,1,0
834,10,194,1,1,0
835,791,569,0,1,0
836,426,317,1,0,1
837,886,794,0,1,0
838,8,381,1,0,1
839,963,0,0,1,0
840,244,550,0,1,0
841,400,681,0,1,0
842,286,7,0,1,0
843,565,598,1,1,0
844,141,383,1,0,1
845,669,138,0,1,0
846,427,262,0,1,0
847,227,626,0,1,0
848,868,821,0,1,0
849,990,856,0,1,0
850,593,9,0,1,0
851,387,581,0,1,0
852,336,800,1,0,1
853,197,649,0,1,0
854,429,229,0,1,0
855,234,407,0,1,0
856,437,889,0,1,0
857,289,710,1,1,0
858,420,429,0,0,1
859,884,173,0,1,0
860,392,861,0,1,0
861,756,946,0,1,0
862,4,280,0,1,0
863,778,22,1,0,0
864,243,390,0,1,0
865,206,550,1,0,1
866,94,262,0,1,0
867,34,187,0,1,0
868,649,730,0,1,0
869,669,439,0,1,0
870,693,799,1,0,1
871,349,708,0,1,0
872,6,208,0,1,0
873,880,521,0,1,0
874,655,388,0,1,0
875,912,949,0,1,0
876,947,691,0,1,0
877,212,302,0,1,0
878,910,508,0,1,0
879,640,723,1,0,1
880,344,956,0,1,0
881,484,532,1,0,0
882,1,31,1,0,1
883,861,287,0,1,0
884,7,672,0,1,0
885,527,818,0,1,0
886,495,83,0,1,0
887,348,719,0,1,0
888,620,234,0,1,0
889,174,10,1,0,1
890,613,688,0,1,0
891,467,299,0,1,0
892,966,689,1,0,1
893,8,851,1,0,0
894,516,990,0,1,0
895,93,0,1,0,0
896,890,246,0,1,0
897,789,193,1,0,0
898,309,210,0,1,0
899,80,978,1,0,0
900,461,427,1,0,1
901,587,3,0,1,0
902,267,745,1,0,1
903,654,676,0,1,0
904,983,710,0,1,0
905,653,531,0,1,0
906,5,112,1,0,0
907,259,765,1,0,1
908,250,561,0,1,0
909,72,990,1,0,0
910,990,389,1,0,1
911,217,263,0,1,0
912,594,696,0,1,0
913,594,728,0,1,0
914,562,240,0,1,0
915,605,331,0,1,0
916,759,8,0,1,0
917,364,879,1,0,1
918,1,403,1,0,0
919,564,435,0,1,0
920,608,700,0,1,0
921,327,837,1,0,1
922,638,752,0,1,0
923,654,497,1,0,1
924,517,161,0,1,0
925,415,866,0,1,0
926,7,660,0,1,0
927,217,10,0,1,0
928,721,545,0,1,0
929,833,503,1,0,1
930,418,10,1,0,0
931,909,617,0,1,0
932,212,46,0,1,0
933,533,549,1,1,0
934,963,911,0,1,0
935,173,120,1,0,1
936,778,5,0,1,0
937,637,266,0,1,0
938,417,483,1,0,0
939,373,510,0,1,0
940,367,967,0,1,0
941,138,318,0,1,0
942,711,195,1,0,1
943,742,205,0,1,0
944,958,33,0,1,0
945,211,414,1,0,1
946,525,879,0,1,0
947,683,840,0,1,0
948,6,908,1,0,0
949,2,458,0,1,0
950,385,603,1,0,1
951,224,646,0,1,0
952,428,3,0,1,0
953,492,709,1,0,1
954,579,531,0,1,0
955,180,9,0,1,0
956,337,185,0,1,0
957,361,244,1,0,1
958,420,227,0,1,0
959,795,671,0,1,0
960,607,931,0,1,0
961,180,624,0,1,0
962,731,990,1,0,1
963,256,348,0,1,0
964,61,5,1,1,0
965,377,127,0,1,0
966,537,285,1,0,1
967,2,793,0,1,0
968,305,304,0,0,1
969,63,10,0,1,0
970,4,673,0,1,0
971,502,630,1,0,0
972,563,141,0,1,0
973,804,778,0,1,0
974,4,719,1,0,0
975,366,406,0,1,0
976,841,717,1,0,1
977,299,618,0,1,0
978,448,158,0,1,0
979,266,799,0,1,0
980,704,404,0,1,0
981,607,909,0,1,0
982,455,274,0,1,0
983,443,494,1,0,0
984,199,436,0,1,0
985,429,312,0,1,0
986,590,5,0,1,0
987,721,6,1,0,1
988,527,266,0,1,0
989,92,658,0,1,0
990,118,581,1,0,1
991,720,139,0,1,0
992,248,46,0,1,0
993,0,24,0,1,0
994,150,167,0,1,0
995,719,882,0,1,0
996,694,646,0,1,0
997,7,81,1,0,1
998,701,642,0,1,0
999,689,545,0,1,0
