Index,x,y,alive,infected,immune
0,793,313,0,1,0
1,24,625,1,0,1
2,941,219,0,0,1
3,526,858,1,0,1
4,878,720,0,1,0
5,444,140,0,1,0
6,456,62,0,1,0
7,7,559,0,1,0
8,298,787,1,0,1
9,870,596,0,1,0
10,414,140,0,1,0
11,662,175,0,1,0
12,542,959,0,1,0
13,68,305,0,1,0
14,841,280,0,1,0
15,88,796,0,1,0
16,521,305,1,0,1
17,792,600,0,1,0
18,974,196,0,1,0
19,612,845,0,1,0
20,968,596,0,1,0
21,342,377,0,1,0
22,474,787,0,1,0
23,263,62,1,0,1
24,214,403,0,1,0
25,2,153,0,1,0
26,795,4,0,1,0
27,671,459,0,1,0
28,122,144,0,1,0
29,516,898,0,1,0
30,707,732,0,1,0
31,561,0,0,1,0
32,766,868,1,0,1
33,951,368,1,0,1
34,238,891,0,1,0
35,281,3,0,1,0
36,629,4,1,0,1
37,907,732,0,1,0
38,32,550,0,1,0
39,425,740,0,1,0
40,170,59,0,1,0
41,688,492,1,0,1
42,508,150,1,0,1
43,133,413,0,1,0
44,428,284,0,1,0
45,185,135,0,1,0
46,539,885,1,0,1
47,737,600,0,1,0
48,713,318,0,1,0
49,405,156,0,1,0
50,509,922,0,1,0
51,895,710,0,1,0
52,100,400,0,1,0
53,137,378,0,1,0
54,275,876,0,1,0
55,565,334,0,0,1
56,716,192,0,1,0
57,530,262,0,1,0
58,151,391,0,1,0
59,990,407,0,1,0
60,231,551,0,1,0
61,594,6,0,1,0
62,343,953,0,1,0
63,165,450,0,1,0
64,3,962,0,1,0
65,993,349,1,0,1
66,63,831,0,1,0
67,796,810,0,1,0
68,612,734,0,1,0
69,690,933,0,1,0
70,589,792,0,1,0
71,755,29,0,1,0
72,579,831,0,1,0
73,613,737,0,1,0
74,335,9,0,1,0
75,990,163,1,0,1
76,150,339,0,1,0
77,426,264,1,0,1
78,348,713,1,0,1
79,918,96,0,1,0
80,100,510,0,1,0
81,821,831,0,1,0
82,199,171,0,1,0
83,225,918,0,1,0
84,347,554,0,1,0
85,199,365,0,1,0
86,383,701,1,0,1
87,849,621,0,1,0
88,550,175,0,1,0
89,625,920,0,1,0
90,315,194,0,1,0
91,218,503,0,1,0
92,263,451,0,1,0
93,490,899,0,1,0
94,667,439,0,1,0
95,201,951,0,1,0
96,719,955,0,1,0
97,619,511,0,1,0
98,85,41,0,1,0
99,662,164,0,1,0
100,211,286,1,1,0
101,823,404,1,0,0
102,690,861,1,0,1
103,6,33,0,0,1
104,648,498,1,0,1
105,555,583,1,0,0
106,878,232,1,0,0
107,621,222,0,1,0
108,890,423,0,1,0
109,817,601,1,1,0
110,336,845,1,0,0
111,1,776,0,1,0
112,758,463,1,1,0
113,860,355,0,1,0
114,568,351,0,1,0
115,882,522,0,1,0
116,130,977,1,0,0
117,689,830,0,1,0
118,413,2,1,0,0
119,181,747,1,0,0
120,680,510,1,1,0
121,866,507,0,1,0
122,3,481,1,0,0
123,675,111,1,0,0
124,298,331,1,0,0
125,851,635,1,0,1
126,808,1,0,1,0
127,656,782,1,0,0
128,212,731,1,0,0
129,531,0,0,1,0
130,421,790,1,0,0
131,6,180,1,0,0
132,931,258,0,1,0
133,51,258,0,1,0
134,652,580,0,1,0
135,330,408,1,1,0
136,214,251,1,1,0
137,567,598,1,0,0
138,685,738,1,1,0
139,591,146,1,0,1
140,9,421,0,1,0
141,606,684,1,0,0
142,501,364,1,0,0
143,769,105,0,1,0
144,387,687,1,0,0
145,198,40,0,1,0
146,518,533,1,0,0
147,433,649,1,0,0
148,707,357,0,1,0
149,290,185,0,1,0
150,101,198,1,0,1
151,673,383,1,1,0
152,385,417,1,1,0
153,345,361,0,1,0
154,9,901,1,0,0
155,105,147,0,1,0
156,575,557,1,0,0
157,162,283,0,1,0
158,363,713,1,0,0
159,850,602,0,1,0
160,799,722,0,1,0
161,139,557,1,1,0
162,732,762,1,0,0
163,624,182,0,1,0
164,82,551,0,1,0
165,538,839,0,1,0
166,881,254,1,0,0
167,278,203,0,1,0
168,238,3,1,0,0
169,860,939,1,0,0
170,524,694,1,0,0
171,929,542,0,1,0
172,144,230,1,0,0
173,1,926,1,0,0
174,90,874,1,0,0
175,45,81,1,0,0
176,601,384,0,1,0
177,377,431,0,1,0
178,375,640,1,1,0
179,709,9,1,1,0
180,547,93,1,1,0
181,971,603,0,1,0
182,429,914,1,1,0
183,788,242,1,0,0
184,302,300,1,0,0
185,535,61,1,0,0
186,805,377,1,0,1
187,679,478,0,1,0
188,427,950,1,0,0
189,841,105,1,0,0
190,965,552,1,0,0
191,943,979,1,0,0
192,944,238,0,1,0
193,492,249,0,1,0
194,972,536,0,1,0
195,514,280,0,1,0
196,2,676,1,0,1
197,972,929,1,0,0
198,769,898,1,0,0
199,812,605,0,1,0
200,540,589,1,0,0
201,170,782,1,0,0
202,287,852,0,1,0
203,947,4,1,0,0
204,26,740,1,0,0
205,666,943,0,1,0
206,224,328,1,0,0
207,764,298,1,1,0
208,252,595,1,0,0
209,775,104,1,1,0
210,233,990,1,0,0
211,730,779,1,0,0
212,97,597,0,1,0
213,601,784,0,1,0
214,990,506,1,0,0
215,534,762,1,0,0
216,291,56,0,1,0
217,349,241,0,1,0
218,625,426,0,1,0
219,309,10,1,0,0
220,8,785,1,1,0
221,759,141,0,1,0
222,1,550,1,1,0
223,364,163,0,1,0
224,287,440,0,1,0
225,644,652,1,0,0
226,385,551,1,0,0
227,518,669,1,0,0
228,941,722,0,1,0
229,431,347,1,0,0
230,261,183,1,1,0
231,941,158,1,0,0
232,810,143,1,0,0
233,248,755,1,0,0
234,374,633,0,1,0
235,636,497,0,1,0
236,338,874,1,0,0
237,308,2,1,0,0
238,502,399,1,0,0
239,230,901,0,1,0
240,249,87,0,0,1
241,277,875,0,1,0
242,328,229,0,1,0
243,207,311,1,0,1
244,258,889,0,1,0
245,853,609,1,0,1
246,733,142,1,1,0
247,544,839,0,1,0
248,321,4,0,1,0
249,680,820,0,1,0
250,865,585,0,1,0
251,871,699,1,0,1
252,715,697,0,1,0
253,602,58,1,0,0
254,162,249,1,0,0
255,106,482,0,1,0
256,639,381,1,0,0
257,724,588,0,1,0
258,557,568,1,0,0
259,777,833,1,1,0
260,845,504,0,1,0
261,500,543,1,0,0
262,9,515,0,1,0
263,956,639,0,1,0
264,90,611,0,1,0
265,194,347,0,1,0
266,98,879,1,0,0
267,292,68,1,1,0
268,765,141,0,1,0
269,892,1,1,0,0
270,817,683,1,1,0
271,737,219,1,0,0
272,851,968,1,0,1
273,527,705,1,0,0
274,158,451,1,0,1
275,166,920,0,1,0
276,447,60,0,0,1
277,623,662,1,0,0
278,520,519,1,0,0
279,384,1,1,0,0
280,225,269,1,1,0
281,168,722,1,0,0
282,515,687,1,0,0
283,964,876,1,0,0
284,788,730,1,1,0
285,821,8,1,0,0
286,879,942,1,0,1
287,3,39,0,1,0
288,6,695,1,0,0
289,214,732,1,0,0
290,550,351,1,1,0
291,914,113,1,1,0
292,54,852,1,0,0
293,9,244,1,0,0
294,31,861,1,0,0
295,228,670,1,0,0
296,202,704,1,0,0
297,372,154,0,1,0
298,731,730,0,1,0
299,90,287,1,1,0
300,459,749,1,0,1
301,675,572,1,1,0
302,109,175,0,0,1
303,8,498,0,1,0
304,585,257,0,1,0
305,942,5,1,0,0
306,732,124,0,1,0
307,595,277,1,0,1
308,838,10,1,0,0
309,497,308,1,0,1
310,913,328,1,1,0
311,727,471,1,1,0
312,201,765,1,1,0
313,352,8,1,0,0
314,8,244,1,0,0
315,878,706,0,1,0
316,5,790,0,1,0
317,769,742,0,0,1
318,553,699,1,0,0
319,61,990,1,0,0
320,646,855,1,0,0
321,798,634,1,0,1
322,815,737,0,1,0
323,773,617,1,0,1
324,4,503,0,1,0
325,621,812,0,1,0
326,350,89,1,0,0
327,859,482,1,0,0
328,133,485,1,1,0
329,150,461,1,1,0
330,679,797,1,0,0
331,4,150,0,1,0
332,712,918,0,1,0
333,225,907,0,1,0
334,247,420,1,1,0
335,816,703,0,1,0
336,814,285,0,1,0
337,446,105,0,1,0
338,758,9,0,1,0
339,0,707,1,0,0
340,879,622,0,1,0
341,806,675,1,1,0
342,490,657,1,0,0
343,557,4,0,1,0
344,969,954,1,0,0
345,468,577,1,0,0
346,228,275,1,1,0
347,323,481,0,1,0
348,286,441,0,1,0
349,786,159,1,0,0
350,97,810,1,1,0
351,544,284,1,0,1
352,416,860,1,1,0
353,811,725,1,1,0
354,911,900,0,1,0
355,65,748,1,1,0
356,119,691,1,0,0
357,99,424,0,1,0
358,541,624,1,0,0
359,612,941,0,1,0
360,327,409,0,1,0
361,3,816,1,0,0
362,713,0,0,1,0
363,664,355,1,1,0
364,844,893,0,1,0
365,832,847,0,1,0
366,330,118,0,1,0
367,427,680,1,0,0
368,237,421,1,1,0
369,152,482,1,0,1
370,666,887,0,1,0
371,5,886,1,0,0
372,723,553,1,0,1
373,359,936,0,1,0
374,855,852,0,1,0
375,485,166,0,1,0
376,165,807,1,0,0
377,485,823,0,1,0
378,488,645,1,0,0
379,120,778,1,0,0
380,776,355,0,1,0
381,820,689,1,0,1
382,755,394,0,1,0
383,462,10,1,0,0
384,851,168,1,0,0
385,438,4,1,1,0
386,891,750,0,1,0
387,290,139,1,0,0
388,751,3,0,1,0
389,390,146,1,0,1
390,7,21,0,1,0
391,80,912,1,0,0
392,185,110,0,1,0
393,257,838,0,1,0
394,744,540,0,1,0
395,257,5,1,0,0
396,77,493,1,0,0
397,939,829,1,0,0
398,204,146,0,1,0
399,687,56,1,0,0
400,531,417,1,0,0
401,734,579,0,0,1
402,305,480,1,1,0
403,310,75,1,1,0
404,260,610,1,0,0
405,889,175,1,0,0
406,786,462,1,1,0
407,328,502,0,1,0
408,0,755,1,0,0
409,611,108,1,0,0
410,274,684,1,0,1
411,447,10,1,1,0
412,512,337,1,0,0
413,729,853,0,1,0
414,246,789,0,1,0
415,503,212,1,1,0
416,115,546,0,1,0
417,499,910,0,1,0
418,307,854,0,1,0
419,379,315,0,1,0
420,719,465,1,1,0
421,847,749,0,1,0
422,39,678,1,1,0
423,364,72,1,1,0
424,122,317,0,1,0
425,153,365,0,1,0
426,46,810,0,1,0
427,359,604,1,0,0
428,980,5,1,0,0
429,572,972,0,1,0
430,335,105,1,0,0
431,584,699,1,1,0
432,900,291,1,0,0
433,853,468,1,0,0
434,390,788,1,0,0
435,819,394,1,0,0
436,488,10,1,0,0
437,825,630,0,1,0
438,499,578,1,0,0
439,861,202,1,0,0
440,287,71,0,1,0
441,756,531,1,0,1
442,429,495,1,0,0
443,240,310,1,0,0
444,185,222,1,0,0
445,275,451,1,1,0
446,803,691,0,1,0
447,435,925,0,1,0
448,706,101,1,0,0
449,100,251,1,0,0
450,918,335,1,1,0
451,300,979,0,1,0
452,964,110,1,1,0
453,195,724,1,0,0
454,551,685,1,0,0
455,607,291,0,1,0
456,990,900,1,0,0
457,635,343,0,1,0
458,333,764,0,1,0
459,10,840,1,0,0
460,978,8,1,0,0
461,390,462,1,0,0
462,608,555,1,0,1
463,828,440,1,0,0
464,572,848,0,1,0
465,824,536,0,1,0
466,300,151,1,0,0
467,483,424,1,0,0
468,27,1,1,0,1
469,666,382,0,1,0
470,689,4,0,1,0
471,32,527,0,1,0
472,854,1,1,0,0
473,6,564,1,1,0
474,255,109,0,0,1
475,336,8,1,0,1
476,355,380,1,0,0
477,491,493,1,0,0
478,364,881,1,0,1
479,821,242,1,0,0
480,856,423,1,0,0
481,293,259,1,1,0
482,234,869,1,0,1
483,495,901,0,1,0
484,946,717,0,1,0
485,652,606,0,1,0
486,322,444,0,1,0
487,110,645,1,1,0
488,348,804,1,0,0
489,575,346,1,0,1
490,905,849,1,0,1
491,380,302,0,1,0
492,990,15,1,0,0
493,783,102,1,1,0
494,587,257,0,1,0
495,135,618,0,1,0
496,93,91,1,0,0
497,620,479,0,1,0
498,153,741,1,0,0
499,947,235,1,0,1
500,330,219,1,1,0
501,111,950,1,0,0
502,567,5,0,1,0
503,754,2,0,1,0
504,259,331,1,0,0
505,660,475,1,0,1
506,737,727,1,1,0
507,602,338,0,1,0
508,429,92,0,1,0
509,89,617,0,1,0
510,553,7,1,0,1
511,874,529,0,1,0
512,914,208,1,0,0
513,109,698,1,0,0
514,628,170,0,1,0
515,134,107,0,1,0
516,835,431,1,0,0
517,598,119,0,1,0
518,613,272,0,1,0
519,413,129,0,1,0
520,787,645,0,1,0
521,873,129,1,0,0
522,313,611,1,1,0
523,479,699,1,0,0
524,832,880,0,1,0
525,567,386,1,0,0
526,9,37,0,1,0
527,421,391,1,0,0
528,754,5,0,1,0
529,332,545,1,0,1
530,931,604,1,0,1
531,463,728,1,0,0
532,125,897,0,1,0
533,116,172,0,1,0
534,839,459,1,0,0
535,239,869,0,1,0
536,847,653,0,1,0
537,386,584,1,0,0
538,424,95,1,1,0
539,564,353,1,1,0
540,510,657,1,0,0
541,559,665,1,0,0
542,681,473,1,1,0
543,967,59,1,0,0
544,342,273,1,0,0
545,55,967,1,0,0
546,126,387,0,1,0
547,437,432,1,0,0
548,62,730,1,0,0
549,609,540,0,1,0
550,801,417,0,1,0
551,228,957,1,0,0
552,888,318,1,0,1
553,397,827,1,0,0
554,463,716,1,0,0
555,180,872,0,1,0
556,326,632,1,1,0
557,312,970,0,1,0
558,820,590,1,0,1
559,754,488,0,1,0
560,728,639,1,0,0
561,650,718,0,1,0
562,862,620,0,1,0
563,390,917,0,1,0
564,7,142,1,0,1
565,232,707,1,0,0
566,221,124,0,1,0
567,258,352,1,0,0
568,742,109,0,1,0
569,174,948,1,0,0
570,802,614,1,0,1
571,275,646,1,0,0
572,543,279,0,1,0
573,239,618,1,0,0
574,890,451,1,0,0
575,514,184,0,1,0
576,114,876,1,0,0
577,326,837,1,0,0
578,198,165,1,1,0
579,731,138,0,1,0
580,202,800,1,0,0
581,2,370,1,0,0
582,368,342,1,0,0
583,511,927,0,1,0
584,268,177,1,1,0
585,165,558,1,0,0
586,815,280,1,0,0
587,801,5,0,1,0
588,193,499,1,0,0
589,563,741,1,0,0
590,552,363,0,1,0
591,808,393,1,0,0
592,815,870,0,1,0
593,270,697,0,1,0
594,755,599,0,1,0
595,540,900,1,0,1
596,302,843,0,1,0
597,754,534,1,1,0
598,147,254,1,0,0
599,122,450,0,1,0
600,911,247,0,1,0
601,772,772,0,1,0
602,748,508,0,1,0
603,6,429,0,1,0
604,576,93,0,1,0
605,371,421,0,1,0
606,811,991,1,1,0
607,139,330,0,1,0
608,575,638,1,0,0
609,291,342,1,0,0
610,764,883,1,0,0
611,396,245,1,0,0
612,250,870,0,1,0
613,81,519,0,1,0
614,637,800,1,1,0
615,507,4,0,1,0
616,939,761,1,0,0
617,715,590,0,1,0
618,463,239,0,1,0
619,666,237,0,1,0
620,956,98,0,1,0
621,499,353,1,0,0
622,539,2,0,1,0
623,178,312,1,1,0
624,719,364,1,1,0
625,281,516,1,0,0
626,7,20,0,1,0
627,142,318,0,1,0
628,833,7,1,0,0
629,665,743,0,1,0
630,735,487,0,1,0
631,909,985,1,0,0
632,977,820,1,0,0
633,208,305,0,1,0
634,890,271,1,1,0
635,467,928,0,1,0
636,785,860,0,1,0
637,146,432,0,1,0
638,368,506,1,0,0
639,616,352,1,0,1
640,125,769,1,0,0
641,981,592,0,1,0
642,6,967,0,1,0
643,875,592,0,1,0
644,432,278,0,1,0
645,87,200,0,1,0
646,561,264,1,0,0
647,4,644,0,1,0
648,66,333,0,1,0
649,696,438,0,1,0
650,954,990,1,0,0
651,811,318,1,1,0
652,228,407,1,1,0
653,219,8,1,0,0
654,8,824,1,0,0
655,508,8,0,1,0
656,455,418,1,0,0
657,601,199,0,1,0
658,297,730,0,1,0
659,206,43,1,0,0
660,312,91,1,0,1
661,336,630,1,1,0
662,348,63,1,0,0
663,747,436,0,1,0
664,103,710,1,0,0
665,222,555,1,1,0
666,123,407,0,1,0
667,613,141,1,0,0
668,893,629,0,1,0
669,921,3,1,0,0
670,174,295,0,1,0
671,780,710,1,0,0
672,897,687,0,1,0
673,819,295,1,0,1
674,693,267,0,1,0
675,603,570,1,0,0
676,814,799,1,0,0
677,919,894,1,0,0
678,453,405,1,0,0
679,5,147,0,1,0
680,543,507,1,0,0
681,489,7,1,0,0
682,199,659,1,0,0
683,69,616,0,1,0
684,199,94,0,1,0
685,358,121,1,0,1
686,909,91,0,1,0
687,813,493,1,0,1
688,589,779,0,1,0
689,804,705,1,1,0
690,612,608,1,0,0
691,286,717,0,1,0
692,787,776,0,1,0
693,548,881,0,1,0
694,759,291,1,0,0
695,615,436,0,1,0
696,825,400,1,0,1
697,571,369,0,1,0
698,215,466,1,1,0
699,165,742,1,0,0
700,706,317,1,0,0
701,65,928,1,0,0
702,547,406,1,0,0
703,397,9,1,0,0
704,339,905,0,1,0
705,8,645,0,1,0
706,548,938,1,0,1
707,500,714,1,0,0
708,832,274,0,1,0
709,536,10,1,1,0
710,648,195,0,1,0
711,435,588,1,0,0
712,9,579,1,0,0
713,888,870,0,1,0
714,878,427,1,0,0
715,582,2,0,1,0
716,91,765,1,0,0
717,783,709,1,0,0
718,359,410,1,1,0
719,608,894,0,1,0
720,363,435,1,1,0
721,804,103,1,0,0
722,934,156,1,0,0
723,885,899,0,1,0
724,70,816,0,1,0
725,557,196,1,1,0
726,372,429,0,1,0
727,5,951,1,0,0
728,422,761,1,1,0
729,1,523,0,1,0
730,163,237,1,0,0
731,110,712,1,0,0
732,531,867,1,0,1
733,385,179,1,0,1
734,6,268,1,0,0
735,246,555,0,1,0
736,540,508,1,0,0
737,199,9,1,0,0
738,51,854,1,0,0
739,135,708,1,0,0
740,73,154,0,1,0
741,937,2,1,0,0
742,709,857,0,1,0
743,305,663,0,1,0
744,890,593,0,1,0
745,414,825,1,0,1
746,147,322,1,1,0
747,7,520,1,0,1
748,459,627,1,0,0
749,924,148,1,0,0
750,990,874,1,0,0
751,878,72,1,0,0
752,304,456,1,0,1
753,6,945,1,0,0
754,569,239,0,1,0
755,494,502,1,0,0
756,885,498,0,1,0
757,873,805,0,1,0
758,507,819,1,1,0
759,4,160,1,0,1
760,617,210,0,1,0
761,548,937,0,1,0
762,647,581,0,1,0
763,872,468,1,0,0
764,334,6,0,1,0
765,440,743,1,0,0
766,733,448,0,1,0
767,187,685,1,0,0
768,946,2,1,0,0
769,351,10,1,0,0
770,346,157,1,0,1
771,308,499,0,1,0
772,848,720,0,1,0
773,858,602,0,1,0
774,857,545,0,1,0
775,595,727,0,1,0
776,859,360,1,1,0
777,202,82,0,1,0
778,937,670,1,0,0
779,118,1,1,0,0
780,220,804,0,1,0
781,680,552,0,1,0
782,363,92,1,1,0
783,194,279,1,0,0
784,305,950,1,1,0
785,774,82,1,1,0
786,899,58,1,0,0
787,595,827,0,1,0
788,10,911,1,0,0
789,64,957,1,0,0
790,555,115,0,1,0
791,198,615,0,1,0
792,6,983,1,0,0
793,25,714,0,1,0
794,244,615,0,1,0
795,948,692,1,0,1
796,448,657,1,0,0
797,930,330,1,1,0
798,860,561,0,1,0
799,847,430,1,0,0
800,502,497,1,0,0
801,263,214,1,0,0
802,372,289,0,1,0
803,270,161,0,1,0
804,501,5,0,1,0
805,763,254,1,0,0
806,928,401,0,1,0
807,407,117,1,0,1
808,785,596,0,1,0
809,958,231,0,1,0
810,832,642,0,1,0
811,646,431,0,1,0
812,892,612,0,1,0
813,224,621,1,0,0
814,823,10,1,0,0
815,524,397,1,0,0
816,520,176,0,1,0
817,389,804,1,0,0
818,693,538,1,0,1
819,861,903,0,1,0
820,129,701,1,0,0
821,540,77,0,1,0
822,313,636,0,1,0
823,934,880,1,1,0
824,90,686,1,0,0
825,569,763,1,0,0
826,399,5,1,0,0
827,608,885,0,1,0
828,585,927,0,1,0
829,766,470,0,1,0
830,558,704,1,0,0
831,569,597,1,0,0
832,223,396,0,1,0
833,161,0,0,1,0
834,10,194,1,0,0
835,768,456,0,1,0
836,453,272,1,0,1
837,929,766,1,0,0
838,90,386,1,0,1
839,910,953,1,0,0
840,224,542,0,1,0
841,359,684,1,0,0
842,300,973,0,1,0
843,512,597,1,0,0
844,156,366,1,0,1
845,678,181,0,1,0
846,440,272,0,1,0
847,233,718,1,0,0
848,854,790,0,1,0
849,908,841,1,1,0
850,593,5,0,1,0
851,367,589,1,0,0
852,242,843,1,0,1
853,129,685,0,1,0
854,459,214,0,1,0
855,261,425,0,1,0
856,416,852,0,1,0
857,300,752,1,0,0
858,412,416,1,0,0
859,963,104,0,1,0
860,405,917,0,1,0
861,770,902,0,1,0
862,0,280,1,0,0
863,752,65,1,0,0
864,188,336,0,1,0
865,238,532,1,0,1
866,103,230,1,0,0
867,57,194,0,1,0
868,716,691,0,1,0
869,603,406,0,1,0
870,661,846,1,1,0
871,305,737,0,1,0
872,127,261,1,0,0
873,905,407,1,1,0
874,724,370,0,1,0
875,958,934,1,0,0
876,919,724,0,1,0
877,246,308,1,0,0
878,924,546,1,1,0
879,577,729,1,0,0
880,343,938,0,1,0
881,505,480,1,0,0
882,0,31,1,0,1
883,838,329,0,1,0
884,7,672,0,1,0
885,551,837,0,1,0
886,501,195,0,1,0
887,361,730,0,1,0
888,553,204,0,1,0
889,127,28,1,1,0
890,602,697,0,1,0
891,454,308,0,1,0
892,928,695,1,1,0
893,30,826,1,0,0
894,485,983,1,0,0
895,93,5,1,0,0
896,877,302,1,0,0
897,728,226,1,0,0
898,346,220,0,1,0
899,106,936,1,0,0
900,497,366,1,0,0
901,587,7,0,1,0
902,307,726,1,1,0
903,687,674,1,0,0
904,918,687,0,1,0
905,671,526,0,1,0
906,3,112,1,0,0
907,245,792,1,1,0
908,153,607,0,1,0
909,110,969,1,0,0
910,990,389,1,0,1
911,221,226,0,1,0
912,587,713,0,1,0
913,639,698,0,1,0
914,552,176,0,1,0
915,617,404,0,1,0
916,800,952,0,1,0
917,403,884,1,1,0
918,1,403,1,0,0
919,521,380,1,0,0
920,593,633,1,0,0
921,352,885,1,0,1
922,562,812,0,1,0
923,668,414,1,0,1
924,587,161,1,0,0
925,409,844,0,1,0
926,952,618,0,1,0
927,217,10,1,0,0
928,657,513,0,1,0
929,873,497,1,1,0
930,413,28,1,0,0
931,940,634,1,1,0
932,175,92,0,1,0
933,515,565,1,0,0
934,946,898,1,0,0
935,184,93,1,0,1
936,778,7,0,1,0
937,679,327,1,0,0
938,483,491,1,0,0
939,440,497,1,0,0
940,411,862,0,1,0
941,107,332,0,1,0
942,684,173,1,0,1
943,670,165,0,1,0
944,884,30,1,0,0
945,173,392,1,1,0
946,524,873,0,1,0
947,618,851,0,1,0
948,9,908,1,0,0
949,909,519,0,1,0
950,350,619,1,1,0
951,234,586,1,1,0
952,428,3,0,1,0
953,517,629,1,0,0
954,601,519,0,1,0
955,181,23,1,0,0
956,303,219,0,1,0
957,428,225,1,0,0
958,442,263,0,1,0
959,782,677,0,1,0
960,658,923,0,1,0
961,240,669,0,1,0
962,731,990,1,0,1
963,263,398,0,1,0
964,61,8,1,0,0
965,355,149,1,1,0
966,519,182,1,1,0
967,1,793,0,1,0
968,222,276,1,1,0
969,129,41,0,1,0
970,2,673,0,1,0
971,434,559,1,0,0
972,495,200,0,1,0
973,741,812,0,1,0
974,2,719,1,0,0
975,404,465,1,0,0
976,789,685,1,0,1
977,344,644,0,1,0
978,540,171,0,1,0
979,247,805,0,1,0
980,755,375,0,1,0
981,599,907,1,1,0
982,470,234,0,1,0
983,459,453,1,0,0
984,249,423,0,1,0
985,430,268,0,1,0
986,628,928,0,1,0
987,721,4,1,1,0
988,501,306,0,1,0
989,141,658,1,1,0
990,76,572,1,0,1
991,630,151,0,1,0
992,249,86,0,1,0
993,5,24,0,1,0
994,190,198,0,1,0
995,703,913,0,1,0
996,604,628,1,0,0
997,87,158,1,0,1
998,721,599,1,1,0
999,708,556,0,1,0
