Index,x,y,alive,infected,immune
0,788,306,0,1,0
1,0,697,1,0,1
2,965,205,0,0,1
3,532,907,1,0,1
4,957,778,0,1,0
5,400,101,0,1,0
6,491,94,0,1,0
7,8,559,0,1,0
8,332,802,1,0,1
9,866,582,0,1,0
10,438,164,0,1,0
11,603,110,0,1,0
12,515,8,0,1,0
13,35,307,0,1,0
14,878,229,0,1,0
15,93,759,0,1,0
16,478,336,1,0,1
17,776,735,0,1,0
18,965,145,0,1,0
19,645,829,0,1,0
20,949,554,0,1,0
21,332,302,0,1,0
22,418,797,0,1,0
23,242,157,1,0,1
24,199,391,0,1,0
25,7,153,0,1,0
26,795,5,0,1,0
27,722,401,0,1,0
28,98,135,0,1,0
29,494,878,0,1,0
30,661,680,0,1,0
31,561,4,0,1,0
32,772,869,1,0,1
33,952,284,1,0,1
34,271,840,0,1,0
35,281,3,0,1,0
36,629,8,1,0,1
37,946,685,0,1,0
38,7,585,0,1,0
39,355,749,0,1,0
40,209,37,0,1,0
41,635,559,1,0,1
42,505,170,1,0,1
43,150,423,0,1,0
44,470,273,0,1,0
45,241,131,0,1,0
46,535,916,1,0,1
47,738,574,0,1,0
48,750,331,0,1,0
49,484,173,0,1,0
50,524,924,0,1,0
51,850,705,0,1,0
52,127,390,0,1,0
53,157,347,0,1,0
54,319,793,0,1,0
55,561,277,0,0,1
56,718,191,0,1,0
57,546,269,0,1,0
58,164,383,0,1,0
59,990,407,0,1,0
60,175,650,0,1,0
61,594,6,0,1,0
62,437,956,0,1,0
63,125,437,0,1,0
64,6,962,0,1,0
65,7,349,1,0,1
66,20,817,0,1,0
67,788,803,0,1,0
68,663,788,0,1,0
69,697,924,0,1,0
70,614,787,0,1,0
71,747,10,0,1,0
72,527,764,0,1,0
73,588,757,0,1,0
74,335,8,0,1,0
75,990,163,1,0,1
76,146,350,0,1,0
77,437,261,1,0,1
78,339,755,1,0,1
79,963,81,0,1,0
80,129,501,0,1,0
81,754,855,0,1,0
82,133,115,0,1,0
83,275,937,0,1,0
84,380,563,0,1,0
85,192,306,0,1,0
86,389,639,1,0,1
87,850,581,0,1,0
88,591,107,0,1,0
89,614,977,0,1,0
90,249,173,0,1,0
91,187,508,0,1,0
92,272,535,0,1,0
93,522,931,0,1,0
94,627,361,0,1,0
95,228,919,0,1,0
96,772,860,0,1,0
97,511,576,0,1,0
98,117,44,0,1,0
99,710,198,0,1,0
100,244,262,0,1,0
101,744,429,1,0,1
102,682,923,1,0,1
103,5,33,0,0,1
104,654,447,1,0,1
105,562,576,1,1,0
106,866,278,0,1,0
107,639,185,0,1,0
108,898,364,0,1,0
109,814,555,0,0,1
110,372,887,1,0,1
111,4,776,0,1,0
112,792,443,0,1,0
113,859,334,0,1,0
114,550,267,0,1,0
115,894,556,0,1,0
116,43,905,1,0,0
117,695,825,0,1,0
118,413,4,1,0,0
119,197,714,0,1,0
120,690,497,1,0,1
121,869,529,0,1,0
122,8,481,1,0,0
123,644,48,1,0,0
124,245,424,0,1,0
125,850,568,1,0,1
126,808,7,0,1,0
127,674,757,0,1,0
128,217,763,1,0,1
129,531,0,0,1,0
130,468,901,0,1,0
131,8,180,1,0,0
132,898,263,0,1,0
133,2,274,0,1,0
134,645,605,0,1,0
135,319,469,0,1,0
136,185,165,0,1,0
137,555,543,1,1,0
138,602,724,1,0,1
139,603,168,1,0,1
140,0,421,0,1,0
141,599,625,1,0,1
142,556,378,0,1,0
143,777,182,0,1,0
144,432,629,0,1,0
145,165,79,0,1,0
146,494,587,1,0,0
147,457,698,1,1,0
148,766,343,0,1,0
149,283,197,0,1,0
150,165,203,1,0,1
151,684,364,0,1,0
152,382,459,1,0,1
153,329,344,0,1,0
154,4,901,1,0,0
155,63,147,0,1,0
156,537,570,1,0,0
157,197,285,0,1,0
158,432,722,1,1,0
159,840,644,0,1,0
160,802,728,0,1,0
161,141,575,0,1,0
162,824,813,0,1,0
163,680,201,0,1,0
164,94,553,0,1,0
165,549,884,0,1,0
166,826,312,0,1,0
167,244,204,0,1,0
168,238,4,0,1,0
169,883,5,1,0,0
170,546,665,1,0,1
171,960,514,0,1,0
172,140,351,0,1,0
173,3,926,1,0,0
174,189,846,0,1,0
175,101,29,1,0,0
176,589,418,0,1,0
177,390,412,0,1,0
178,386,668,0,1,0
179,709,3,0,1,0
180,522,131,0,1,0
181,939,619,0,1,0
182,446,881,0,1,0
183,713,265,1,0,0
184,364,299,1,1,0
185,538,63,1,0,0
186,859,290,1,0,1
187,718,425,0,1,0
188,394,990,0,1,0
189,851,45,1,0,0
190,953,528,0,1,0
191,950,9,0,1,0
192,914,233,0,1,0
193,453,213,0,1,0
194,4,537,0,1,0
195,542,270,0,1,0
196,5,676,1,0,1
197,966,990,0,1,0
198,728,967,0,1,0
199,822,557,0,1,0
200,547,592,1,0,0
201,199,846,1,1,0
202,204,841,0,1,0
203,947,1,0,1,0
204,20,728,1,0,0
205,672,870,0,1,0
206,179,294,1,0,1
207,785,362,0,1,0
208,298,589,0,1,0
209,794,39,1,0,1
210,233,990,1,0,0
211,721,795,0,1,0
212,31,583,0,1,0
213,584,835,0,1,0
214,990,506,1,0,0
215,516,729,1,0,0
216,348,93,0,1,0
217,458,275,0,1,0
218,680,412,0,1,0
219,309,10,1,0,1
220,2,785,0,0,1
221,753,175,0,1,0
222,3,550,0,1,0
223,429,113,0,1,0
224,305,445,0,1,0
225,644,681,0,1,0
226,344,563,1,0,1
227,492,642,1,0,0
228,952,726,0,1,0
229,456,298,1,0,1
230,313,127,0,1,0
231,6,120,1,0,1
232,810,161,0,1,0
233,200,747,0,1,0
234,429,635,0,1,0
235,679,487,0,1,0
236,374,841,0,1,0
237,308,4,0,1,0
238,523,404,1,1,0
239,241,888,0,1,0
240,191,124,0,0,1
241,282,923,0,1,0
242,269,241,0,1,0
243,181,361,1,0,1
244,255,827,0,1,0
245,821,607,1,0,1
246,769,220,1,0,1
247,529,839,0,1,0
248,321,2,0,1,0
249,687,794,0,1,0
250,875,599,0,1,0
251,919,671,1,0,1
252,711,635,0,1,0
253,668,88,1,0,0
254,154,229,1,0,0
255,114,450,0,1,0
256,661,416,0,0,1
257,725,602,0,1,0
258,583,600,0,1,0
259,793,824,1,0,1
260,836,426,0,1,0
261,567,503,0,1,0
262,8,515,0,1,0
263,868,612,0,1,0
264,61,618,0,1,0
265,198,380,0,1,0
266,36,921,1,0,0
267,246,23,0,0,1
268,761,107,0,1,0
269,892,7,1,0,0
270,828,697,1,0,1
271,744,301,1,0,0
272,886,941,1,0,1
273,477,661,0,1,0
274,124,336,1,0,1
275,112,8,0,1,0
276,514,163,0,0,1
277,701,651,1,0,1
278,501,519,1,0,0
279,384,3,1,0,0
280,220,213,0,1,0
281,207,696,0,1,0
282,527,627,1,0,1
283,990,904,1,0,0
284,869,788,0,1,0
285,821,9,0,1,0
286,847,970,1,0,1
287,1,39,0,1,0
288,0,695,0,1,0
289,164,700,0,1,0
290,568,355,0,1,0
291,853,123,1,0,1
292,29,874,1,0,0
293,2,244,0,1,0
294,45,876,1,0,1
295,236,648,0,1,0
296,249,706,0,1,0
297,313,124,0,1,0
298,668,756,0,1,0
299,66,248,1,0,1
300,440,741,1,0,1
301,710,585,1,0,1
302,173,159,0,0,1
303,2,498,0,1,0
304,542,249,0,1,0
305,942,2,0,1,0
306,739,103,0,1,0
307,566,298,1,0,1
308,838,10,1,0,0
309,468,247,1,0,1
310,836,324,0,1,0
311,769,511,0,1,0
312,204,776,0,1,0
313,352,3,1,0,0
314,9,244,0,1,0
315,914,755,0,1,0
316,0,790,0,1,0
317,802,743,0,0,1
318,581,798,0,1,0
319,61,990,1,0,0
320,746,853,0,1,0
321,761,561,1,0,1
322,785,817,0,1,0
323,818,648,1,0,1
324,6,503,0,1,0
325,578,840,0,1,0
326,290,69,0,1,0
327,805,486,0,1,0
328,126,491,0,1,0
329,99,446,0,1,0
330,615,794,0,1,0
331,7,150,0,1,0
332,723,935,0,1,0
333,204,856,0,1,0
334,219,399,0,1,0
335,772,666,0,1,0
336,848,344,0,1,0
337,420,138,0,1,0
338,758,5,0,1,0
339,1,707,1,0,0
340,898,681,0,1,0
341,824,629,0,1,0
342,539,646,0,1,0
343,557,7,0,1,0
344,958,945,1,0,0
345,490,577,1,0,0
346,177,230,1,0,1
347,299,470,0,1,0
348,251,498,0,1,0
349,804,92,0,1,0
350,93,828,1,0,1
351,487,266,1,0,1
352,358,916,0,1,0
353,843,773,0,1,0
354,865,932,0,1,0
355,7,791,1,0,1
356,144,680,0,1,0
357,105,409,0,1,0
358,563,587,1,0,0
359,680,880,0,1,0
360,375,325,0,1,0
361,3,816,0,1,0
362,713,8,0,1,0
363,612,351,1,0,1
364,847,872,0,1,0
365,827,841,0,1,0
366,363,176,0,1,0
367,450,626,0,1,0
368,258,383,0,1,0
369,174,485,1,0,1
370,670,869,0,1,0
371,2,886,1,0,0
372,766,621,1,0,1
373,367,3,0,1,0
374,892,891,0,1,0
375,514,140,0,1,0
376,203,823,0,1,0
377,511,887,0,1,0
378,534,639,1,0,0
379,125,840,1,1,0
380,838,437,0,1,0
381,840,653,1,0,1
382,711,465,0,1,0
383,462,10,1,0,0
384,837,155,1,0,0
385,438,1,1,0,1
386,870,794,0,1,0
387,328,135,1,1,0
388,751,3,0,1,0
389,398,92,1,0,1
390,5,21,0,1,0
391,54,889,1,0,0
392,183,54,0,1,0
393,287,828,0,1,0
394,762,560,0,1,0
395,257,2,1,0,0
396,77,473,0,1,0
397,3,827,0,1,0
398,235,222,0,1,0
399,700,129,1,0,0
400,554,440,1,0,0
401,746,486,0,0,1
402,344,485,0,1,0
403,305,53,0,1,0
404,125,563,0,1,0
405,927,117,1,1,0
406,701,436,0,1,0
407,301,498,0,1,0
408,3,755,1,0,0
409,561,91,0,1,0
410,324,649,1,0,1
411,447,10,1,0,1
412,534,293,0,1,0
413,745,776,0,1,0
414,216,848,0,1,0
415,489,194,1,0,1
416,177,522,0,1,0
417,591,926,0,1,0
418,296,858,0,1,0
419,397,239,0,1,0
420,737,499,0,1,0
421,889,758,0,1,0
422,32,700,1,0,1
423,292,66,1,0,1
424,187,406,0,1,0
425,148,388,0,1,0
426,52,752,0,1,0
427,312,518,1,0,1
428,980,7,1,0,0
429,585,990,0,1,0
430,357,185,0,1,0
431,585,715,0,1,0
432,872,276,0,1,0
433,814,475,1,0,1
434,414,815,0,1,0
435,853,384,0,1,0
436,488,10,1,0,0
437,790,624,0,1,0
438,504,659,1,0,0
439,881,186,1,0,0
440,286,16,0,1,0
441,743,572,1,0,1
442,427,458,1,0,0
443,249,279,0,1,0
444,116,221,0,0,1
445,277,456,0,1,0
446,800,629,0,1,0
447,406,911,0,1,0
448,657,110,1,0,0
449,79,292,1,0,0
450,910,294,0,1,0
451,301,3,0,1,0
452,952,132,1,0,1
453,235,661,1,0,1
454,636,605,0,1,0
455,621,212,0,1,0
456,990,900,1,0,0
457,648,380,0,1,0
458,328,841,0,1,0
459,10,840,1,0,0
460,978,7,1,0,0
461,459,373,1,0,1
462,620,576,1,0,1
463,841,566,1,0,1
464,585,835,0,1,0
465,844,501,0,1,0
466,221,210,1,0,1
467,467,458,1,0,0
468,27,3,1,0,1
469,746,372,0,1,0
470,689,9,0,1,0
471,7,530,0,1,0
472,854,1,1,0,0
473,0,564,1,0,1
474,301,80,0,0,1
475,336,9,1,0,1
476,312,337,0,1,0
477,554,535,1,0,0
478,412,864,1,0,1
479,758,231,1,0,0
480,831,460,0,1,0
481,240,240,1,0,1
482,244,814,1,0,1
483,530,945,0,1,0
484,870,742,0,1,0
485,632,602,0,1,0
486,317,460,0,1,0
487,98,538,0,0,1
488,352,840,1,1,0
489,595,388,1,0,1
490,873,814,1,0,1
491,420,344,0,1,0
492,990,15,1,0,0
493,742,101,0,1,0
494,546,218,0,1,0
495,81,576,0,1,0
496,131,183,0,1,0
497,647,443,0,1,0
498,176,814,1,0,1
499,948,195,1,0,1
500,334,225,1,0,1
501,93,922,1,0,0
502,567,6,0,1,0
503,754,5,0,1,0
504,218,296,0,1,0
505,625,449,1,0,1
506,689,678,1,0,1
507,613,392,0,1,0
508,341,131,0,1,0
509,125,639,0,1,0
510,553,0,1,0,1
511,927,515,0,1,0
512,883,204,1,0,0
513,51,655,1,0,1
514,641,203,0,1,0
515,145,93,0,1,0
516,854,379,0,1,0
517,594,171,0,1,0
518,679,228,0,1,0
519,377,121,0,1,0
520,737,695,0,1,0
521,897,77,0,1,0
522,266,563,1,0,1
523,468,757,1,1,0
524,811,866,0,1,0
525,607,408,1,0,1
526,6,37,0,1,0
527,453,391,1,0,1
528,754,5,0,1,0
529,294,537,1,0,1
530,944,495,1,0,1
531,478,736,1,0,0
532,148,916,0,1,0
533,60,242,0,1,0
534,847,371,0,1,0
535,252,873,0,1,0
536,873,677,0,1,0
537,369,546,0,1,0
538,437,125,0,1,0
539,603,374,1,0,1
540,456,690,0,1,0
541,483,709,0,1,0
542,660,462,0,1,0
543,8,46,0,1,0
544,303,279,1,0,0
545,52,5,0,1,0
546,120,409,0,1,0
547,433,412,0,1,0
548,75,806,0,0,1
549,648,590,0,1,0
550,774,352,0,1,0
551,235,931,0,1,0
552,929,255,1,0,1
553,366,788,1,0,1
554,508,760,1,1,0
555,203,859,0,1,0
556,344,600,0,1,0
557,299,2,0,1,0
558,862,558,1,0,1
559,673,526,0,1,0
560,762,642,0,1,0
561,703,720,0,1,0
562,828,603,0,1,0
563,435,990,0,1,0
564,6,142,1,0,1
565,199,720,0,1,0
566,170,94,0,1,0
567,236,353,0,1,0
568,742,121,0,1,0
569,210,6,0,1,0
570,778,656,1,0,1
571,254,613,0,1,0
572,606,330,0,1,0
573,200,492,1,0,1
574,890,524,0,1,0
575,526,188,0,1,0
576,50,883,1,0,0
577,337,805,1,0,1
578,189,151,0,1,0
579,752,145,0,1,0
580,197,760,0,1,0
581,7,370,1,0,0
582,353,321,0,1,0
583,511,964,0,1,0
584,326,229,1,0,1
585,142,517,0,1,0
586,791,328,0,1,0
587,801,0,0,1,0
588,271,596,0,1,0
589,562,765,0,1,0
590,438,323,0,1,0
591,808,386,1,0,1
592,811,829,0,1,0
593,268,704,0,1,0
594,783,592,0,1,0
595,585,881,1,0,1
596,334,849,0,1,0
597,751,582,0,1,0
598,145,334,0,1,0
599,92,371,0,1,0
600,917,250,0,1,0
601,716,809,0,1,0
602,717,458,0,1,0
603,9,429,0,1,0
604,491,84,0,1,0
605,371,370,0,1,0
606,811,1,1,0,1
607,129,287,0,1,0
608,534,619,1,0,0
609,371,417,0,1,0
610,768,935,0,1,0
611,446,242,0,1,0
612,317,854,0,1,0
613,32,516,0,1,0
614,599,756,1,0,1
615,507,2,0,1,0
616,911,807,1,0,0
617,715,583,0,1,0
618,412,257,0,1,0
619,672,218,0,1,0
620,7,76,0,1,0
621,530,302,0,1,0
622,539,4,0,1,0
623,157,369,0,1,0
624,690,358,1,0,1
625,264,506,0,1,0
626,8,20,0,1,0
627,126,333,0,1,0
628,833,9,1,0,0
629,656,644,0,1,0
630,734,475,0,1,0
631,897,919,0,1,0
632,990,792,1,0,0
633,174,257,0,1,0
634,850,246,0,1,0
635,551,887,0,1,0
636,769,798,0,1,0
637,190,443,0,1,0
638,354,561,1,0,0
639,635,331,1,0,1
640,178,773,0,1,0
641,4,586,0,1,0
642,2,967,0,1,0
643,938,593,0,1,0
644,525,263,0,1,0
645,51,208,0,1,0
646,627,210,0,1,0
647,6,644,0,1,0
648,99,251,0,1,0
649,696,399,0,1,0
650,954,990,0,1,0
651,764,336,0,1,0
652,274,421,0,1,0
653,219,7,0,1,0
654,6,824,0,1,0
655,508,7,0,1,0
656,396,380,0,1,0
657,664,232,0,1,0
658,307,731,0,1,0
659,282,47,1,0,1
660,291,91,1,0,1
661,341,618,1,0,1
662,353,152,1,0,1
663,683,384,0,1,0
664,141,606,0,1,0
665,234,545,0,1,0
666,143,408,0,1,0
667,583,101,0,1,0
668,941,655,0,1,0
669,921,3,1,0,0
670,261,362,0,1,0
671,781,670,0,1,0
672,912,665,0,1,0
673,727,304,1,0,1
674,727,307,0,1,0
675,691,589,0,1,0
676,813,905,0,1,0
677,889,895,0,1,0
678,487,378,1,0,0
679,2,147,0,1,0
680,550,484,0,1,0
681,489,3,1,0,0
682,140,732,0,1,0
683,8,604,0,1,0
684,197,39,0,1,0
685,391,235,1,0,1
686,849,116,0,1,0
687,807,558,1,0,1
688,561,776,0,1,0
689,789,745,1,0,1
690,585,583,0,1,0
691,212,715,0,1,0
692,764,758,0,1,0
693,417,859,0,1,0
694,674,306,1,0,0
695,667,423,0,1,0
696,830,418,1,0,1
697,567,318,0,1,0
698,190,448,1,0,1
699,115,676,0,1,0
700,760,310,1,0,1
701,91,941,1,0,0
702,531,413,0,1,0
703,397,7,1,0,0
704,301,854,0,1,0
705,3,645,0,1,0
706,550,3,1,0,1
707,492,719,0,1,0
708,870,289,0,1,0
709,536,10,0,1,0
710,677,167,0,1,0
711,379,579,0,1,0
712,2,579,0,1,0
713,880,823,0,1,0
714,878,430,0,1,0
715,582,8,0,1,0
716,112,866,0,1,0
717,775,729,1,0,1
718,416,376,1,0,1
719,642,898,0,1,0
720,430,396,0,1,0
721,855,91,0,1,0
722,983,145,0,1,0
723,916,884,0,1,0
724,116,852,0,1,0
725,584,168,0,1,0
726,312,505,0,1,0
727,7,951,1,0,0
728,486,860,0,0,1
729,4,523,0,1,0
730,230,244,0,1,0
731,135,717,0,1,0
732,521,791,1,0,1
733,448,162,1,0,1
734,0,268,0,1,0
735,154,581,0,1,0
736,555,505,1,1,0
737,199,9,1,0,0
738,47,840,0,1,0
739,147,693,0,1,0
740,95,108,0,1,0
741,937,6,0,1,0
742,697,809,0,1,0
743,371,636,0,1,0
744,826,594,0,1,0
745,456,863,1,0,1
746,153,286,1,0,1
747,8,520,1,0,1
748,493,667,0,1,0
749,941,115,0,1,0
750,990,874,1,0,0
751,911,106,0,1,0
752,284,520,1,0,1
753,2,945,1,0,0
754,494,240,0,1,0
755,541,552,0,1,0
756,820,498,0,1,0
757,836,807,0,1,0
758,495,790,0,1,0
759,6,160,1,0,1
760,548,179,0,1,0
761,557,961,0,1,0
762,605,515,0,1,0
763,798,509,0,1,0
764,334,6,0,1,0
765,386,735,1,0,1
766,744,439,0,1,0
767,245,739,1,0,1
768,946,7,0,1,0
769,351,10,1,0,0
770,433,186,1,0,1
771,303,451,0,1,0
772,853,653,0,1,0
773,898,621,0,1,0
774,844,561,0,1,0
775,580,677,0,1,0
776,814,383,1,0,1
777,123,74,0,1,0
778,876,664,0,1,0
779,118,0,0,1,0
780,252,796,0,1,0
781,658,564,0,1,0
782,361,166,0,1,0
783,157,225,1,0,1
784,228,2,1,0,1
785,725,140,1,0,1
786,810,155,1,0,1
787,639,878,0,1,0
788,10,911,1,0,0
789,113,896,1,0,0
790,522,117,0,1,0
791,188,640,0,1,0
792,0,983,1,0,0
793,2,688,0,1,0
794,226,600,0,1,0
795,917,702,1,0,1
796,400,725,1,1,0
797,983,197,0,1,0
798,960,495,0,1,0
799,877,490,0,1,0
800,482,449,1,0,0
801,232,162,0,1,0
802,377,295,0,1,0
803,265,134,0,1,0
804,501,7,0,1,0
805,804,262,1,0,0
806,870,417,0,1,0
807,404,124,1,0,1
808,852,599,0,1,0
809,1,242,0,1,0
810,855,630,0,1,0
811,654,444,0,1,0
812,906,657,0,1,0
813,122,633,1,0,1
814,823,10,0,1,0
815,523,389,0,1,0
816,538,163,0,1,0
817,374,874,0,1,0
818,723,495,1,0,1
819,786,937,0,1,0
820,181,723,0,1,0
821,521,76,0,1,0
822,258,654,0,1,0
823,990,839,0,1,0
824,19,656,1,0,0
825,526,806,0,1,0
826,399,6,1,0,0
827,690,913,0,1,0
828,608,908,0,1,0
829,769,474,0,1,0
830,608,670,0,1,0
831,600,604,0,1,0
832,228,439,0,1,0
833,161,6,0,1,0
834,10,194,1,1,0
835,790,545,0,1,0
836,449,329,1,0,1
837,879,785,0,1,0
838,2,381,1,0,1
839,963,7,0,1,0
840,251,550,0,1,0
841,422,677,0,1,0
842,286,8,0,1,0
843,542,591,1,0,0
844,125,386,1,0,1
845,670,146,0,1,0
846,433,249,0,1,0
847,235,612,0,1,0
848,863,811,0,1,0
849,990,856,0,1,0
850,593,7,0,1,0
851,403,591,0,1,0
852,327,784,1,0,1
853,209,643,0,1,0
854,438,232,0,1,0
855,194,395,0,1,0
856,425,909,0,1,0
857,285,747,1,0,0
858,414,425,0,0,1
859,913,159,0,1,0
860,397,871,0,1,0
861,774,944,0,1,0
862,3,280,0,1,0
863,768,40,1,0,0
864,218,388,0,1,0
865,222,547,1,0,1
866,97,248,0,1,0
867,43,202,0,1,0
868,648,734,0,1,0
869,691,439,0,1,0
870,655,799,1,0,1
871,345,700,0,1,0
872,4,208,0,1,0
873,878,518,0,1,0
874,632,362,0,1,0
875,919,946,0,1,0
876,953,698,0,1,0
877,230,277,0,1,0
878,917,535,0,1,0
879,627,726,1,0,1
880,335,954,0,1,0
881,480,545,1,0,0
882,8,31,1,0,1
883,851,301,0,1,0
884,0,672,0,1,0
885,554,831,0,1,0
886,509,114,0,1,0
887,363,717,0,1,0
888,592,216,0,1,0
889,174,10,1,0,1
890,608,671,0,1,0
891,457,309,0,1,0
892,965,665,1,0,1
893,8,851,1,0,0
894,516,990,0,1,0
895,93,4,1,0,0
896,896,259,0,1,0
897,770,234,1,0,0
898,309,232,0,1,0
899,71,969,1,0,0
900,426,398,1,0,1
901,587,4,0,1,0
902,270,747,1,0,1
903,644,715,0,1,0
904,967,720,0,1,0
905,625,536,0,1,0
906,2,112,1,0,0
907,257,762,1,0,1
908,224,551,0,1,0
909,72,990,1,0,0
910,990,389,1,0,1
911,206,270,0,1,0
912,601,687,0,1,0
913,576,738,0,1,0
914,560,250,0,1,0
915,609,352,0,1,0
916,759,9,0,1,0
917,355,885,1,0,1
918,8,403,1,0,0
919,559,419,0,1,0
920,589,717,0,1,0
921,314,821,1,0,1
922,625,766,0,1,0
923,638,485,1,0,1
924,504,148,0,1,0
925,442,857,0,1,0
926,3,660,0,1,0
927,217,10,0,1,0
928,723,523,0,1,0
929,825,500,1,0,1
930,418,10,1,0,0
931,912,625,0,1,0
932,170,52,0,1,0
933,518,584,1,1,0
934,946,923,0,1,0
935,189,119,1,0,1
936,778,4,0,1,0
937,644,273,0,1,0
938,432,463,1,0,0
939,358,528,0,1,0
940,370,975,0,1,0
941,123,291,0,1,0
942,709,169,1,0,1
943,755,195,0,1,0
944,974,33,0,1,0
945,206,414,1,0,1
946,533,896,0,1,0
947,655,840,0,1,0
948,6,908,1,0,0
949,1,458,0,1,0
950,379,585,1,0,1
951,222,639,0,1,0
952,428,2,0,1,0
953,517,710,1,0,1
954,592,537,0,1,0
955,180,6,0,1,0
956,339,163,0,1,0
957,370,229,1,0,1
958,414,230,0,1,0
959,795,679,0,1,0
960,612,933,0,1,0
961,191,613,0,1,0
962,731,990,1,0,1
963,249,342,0,1,0
964,61,1,1,1,0
965,377,121,0,1,0
966,498,268,1,0,1
967,0,793,0,1,0
968,291,294,0,0,1
969,63,10,0,1,0
970,6,673,0,1,0
971,514,639,1,0,0
972,543,176,0,1,0
973,805,771,0,1,0
974,4,719,1,0,0
975,365,431,0,1,0
976,832,711,1,0,1
977,313,602,0,1,0
978,456,194,0,1,0
979,255,790,0,1,0
980,714,389,0,1,0
981,603,881,0,1,0
982,472,253,0,1,0
983,432,486,1,0,0
984,199,449,0,1,0
985,419,329,0,1,0
986,590,9,0,1,0
987,721,2,1,0,1
988,528,271,0,1,0
989,96,639,0,1,0
990,92,597,1,0,1
991,729,135,0,1,0
992,267,47,0,1,0
993,6,24,0,1,0
994,137,164,0,1,0
995,715,874,0,1,0
996,673,644,0,1,0
997,27,74,1,0,1
998,698,644,0,1,0
999,695,550,0,1,0
