Index,x,y,alive,infected,immune
0,790,304,0,1,0
1,18,632,1,0,1
2,967,231,0,0,1
3,554,830,1,0,1
4,851,743,0,1,0
5,453,123,0,1,0
6,465,39,0,1,0
7,4,559,0,1,0
8,303,796,1,0,1
9,869,592,0,1,0
10,429,123,0,1,0
11,655,167,0,1,0
12,544,981,0,1,0
13,87,314,0,1,0
14,841,296,0,1,0
15,79,810,0,1,0
16,510,300,1,0,1
17,770,627,0,1,0
18,982,191,0,1,0
19,606,857,0,1,0
20,953,600,0,1,0
21,309,381,0,1,0
22,437,798,0,1,0
23,257,63,1,0,1
24,232,405,0,1,0
25,1,153,0,1,0
26,795,9,0,1,0
27,674,472,0,1,0
28,107,134,0,1,0
29,503,888,0,1,0
30,703,715,0,1,0
31,561,7,0,1,0
32,769,880,1,0,1
33,973,359,1,0,1
34,243,877,0,1,0
35,281,4,0,1,0
36,629,7,1,0,1
37,901,709,0,1,0
38,35,589,0,1,0
39,426,725,0,1,0
40,168,38,0,1,0
41,669,507,1,0,1
42,498,164,1,0,1
43,123,417,0,1,0
44,426,265,0,1,0
45,193,145,0,1,0
46,552,889,1,0,1
47,751,611,0,1,0
48,722,330,0,1,0
49,426,131,0,1,0
50,509,899,0,1,0
51,898,692,0,1,0
52,115,401,0,1,0
53,123,386,0,1,0
54,293,869,0,1,0
55,560,325,0,0,1
56,726,172,0,1,0
57,519,262,0,1,0
58,171,380,0,1,0
59,990,407,0,1,0
60,238,573,0,1,0
61,594,7,0,1,0
62,343,940,0,1,0
63,196,423,0,1,0
64,1,962,0,1,0
65,5,349,1,0,1
66,51,816,0,1,0
67,823,792,0,1,0
68,610,707,0,1,0
69,702,941,0,1,0
70,574,803,0,1,0
71,727,36,0,1,0
72,566,824,0,1,0
73,622,728,0,1,0
74,335,8,0,1,0
75,990,163,1,0,1
76,149,361,0,1,0
77,438,239,1,0,1
78,372,734,1,0,1
79,901,87,0,1,0
80,109,506,0,1,0
81,819,843,0,1,0
82,162,149,0,1,0
83,232,900,0,1,0
84,375,551,0,1,0
85,213,355,0,1,0
86,358,702,1,0,1
87,849,615,0,1,0
88,573,173,0,1,0
89,636,922,0,1,0
90,287,217,0,1,0
91,220,514,0,1,0
92,278,479,0,1,0
93,502,896,0,1,0
94,674,450,0,1,0
95,215,940,0,1,0
96,736,939,0,1,0
97,594,498,0,1,0
98,105,66,0,1,0
99,648,166,0,1,0
100,212,290,0,1,0
101,813,416,1,0,0
102,703,867,1,0,1
103,0,33,0,0,1
104,680,481,1,0,1
105,577,605,1,0,0
106,854,252,1,0,0
107,613,232,0,1,0
108,884,421,0,1,0
109,828,620,0,0,1
110,343,849,1,0,0
111,5,776,0,1,0
112,775,468,0,1,0
113,853,356,0,1,0
114,571,356,0,1,0
115,903,545,0,1,0
116,110,970,1,0,0
117,698,832,0,1,0
118,413,8,1,0,0
119,164,754,1,0,0
120,675,526,1,0,1
121,863,503,0,1,0
122,2,481,1,0,0
123,672,106,1,0,0
124,302,337,1,0,0
125,816,633,1,0,1
126,808,0,0,1,0
127,649,800,1,1,0
128,212,772,1,1,0
129,531,4,0,1,0
130,425,800,1,0,0
131,0,180,1,0,0
132,931,254,0,1,0
133,19,269,0,1,0
134,654,583,0,1,0
135,340,393,0,1,0
136,206,267,0,1,0
137,579,599,1,0,0
138,642,719,1,0,1
139,626,171,1,0,1
140,1,421,0,1,0
141,611,667,1,1,0
142,503,382,1,0,0
143,787,109,0,1,0
144,402,674,1,0,0
145,185,53,0,1,0
146,534,534,1,0,0
147,447,676,1,0,0
148,718,338,0,1,0
149,285,171,0,1,0
150,102,210,1,0,1
151,679,407,0,1,0
152,382,435,1,1,0
153,329,357,0,1,0
154,5,901,1,0,0
155,98,148,0,1,0
156,589,566,1,0,0
157,183,278,0,1,0
158,381,729,1,0,0
159,849,596,0,1,0
160,808,723,0,1,0
161,148,563,0,1,0
162,752,791,1,0,0
163,633,178,0,1,0
164,47,549,0,1,0
165,529,831,0,1,0
166,901,294,1,1,0
167,245,231,0,1,0
168,238,1,1,0,0
169,851,945,1,0,0
170,524,695,1,0,0
171,923,524,0,1,0
172,116,239,1,0,0
173,0,926,1,0,0
174,88,907,1,0,0
175,44,66,1,0,0
176,600,402,0,1,0
177,380,441,0,1,0
178,392,639,0,1,0
179,709,4,0,1,0
180,517,77,0,1,0
181,976,594,0,1,0
182,438,927,0,1,0
183,796,246,1,0,0
184,279,319,1,0,0
185,534,29,1,0,0
186,818,344,1,0,1
187,693,455,0,1,0
188,420,965,1,0,0
189,845,77,1,0,0
190,933,541,0,1,0
191,950,969,1,0,0
192,946,227,0,1,0
193,476,260,0,1,0
194,9,537,0,1,0
195,532,309,0,1,0
196,9,676,1,0,1
197,972,938,1,0,0
198,810,932,0,1,0
199,834,575,0,1,0
200,529,577,1,0,0
201,173,788,1,0,0
202,271,854,0,1,0
203,947,3,1,0,0
204,47,759,1,0,0
205,672,930,0,1,0
206,220,311,1,0,0
207,781,323,0,1,0
208,269,575,1,1,0
209,775,91,1,1,0
210,233,990,1,0,0
211,728,786,1,0,0
212,88,608,0,1,0
213,597,818,0,1,0
214,990,506,1,0,0
215,550,766,1,0,0
216,317,56,0,1,0
217,387,263,0,1,0
218,610,420,0,1,0
219,309,10,1,1,0
220,9,785,1,1,0
221,772,162,0,1,0
222,5,550,1,1,0
223,373,146,0,1,0
224,281,432,0,1,0
225,654,658,0,1,0
226,400,559,1,0,0
227,539,685,1,0,0
228,933,708,0,1,0
229,445,356,1,0,0
230,262,171,0,1,0
231,961,148,1,0,0
232,809,150,1,0,0
233,254,756,1,0,0
234,390,624,0,1,0
235,634,505,0,1,0
236,333,857,1,1,0
237,308,8,1,1,0
238,509,401,1,0,0
239,243,891,0,1,0
240,258,74,0,0,1
241,297,861,0,1,0
242,307,250,0,1,0
243,186,314,1,0,1
244,262,895,0,1,0
245,823,624,1,0,1
246,719,152,1,0,1
247,544,871,0,1,0
248,321,5,0,1,0
249,662,811,0,1,0
250,837,570,0,1,0
251,881,694,1,0,1
252,716,672,0,1,0
253,606,44,1,0,0
254,125,241,1,0,0
255,92,483,0,1,0
256,647,381,1,0,0
257,710,596,0,1,0
258,544,584,1,0,0
259,776,809,1,1,0
260,847,507,0,1,0
261,524,565,1,0,0
262,9,515,0,1,0
263,920,625,0,1,0
264,125,615,0,1,0
265,153,357,0,1,0
266,90,880,1,0,0
267,283,67,1,1,0
268,759,128,0,1,0
269,892,4,1,0,0
270,839,664,1,1,0
271,731,245,1,0,0
272,848,944,1,0,1
273,509,707,1,0,0
274,136,442,1,0,1
275,170,945,0,1,0
276,487,55,0,0,1
277,624,672,1,0,0
278,520,511,1,0,0
279,384,3,1,0,0
280,261,245,1,1,0
281,161,733,1,0,0
282,492,671,1,0,0
283,974,887,1,0,0
284,800,698,0,1,0
285,821,8,1,0,0
286,863,957,1,0,1
287,1,39,0,1,0
288,6,695,1,1,0
289,204,752,1,0,0
290,550,363,0,1,0
291,857,116,1,0,1
292,53,861,1,0,0
293,7,244,1,0,0
294,38,870,1,0,0
295,246,686,1,1,0
296,209,713,1,0,0
297,354,154,0,1,0
298,719,746,0,1,0
299,93,283,1,1,0
300,454,738,1,0,1
301,677,573,1,0,1
302,115,178,0,0,1
303,4,498,0,1,0
304,557,263,0,1,0
305,942,7,1,0,0
306,724,121,0,1,0
307,606,251,1,0,1
308,838,10,1,0,0
309,498,295,1,0,1
310,908,328,0,1,0
311,732,480,0,1,0
312,212,767,0,1,0
313,352,7,1,0,0
314,3,244,1,0,0
315,847,704,0,1,0
316,5,790,0,1,0
317,772,746,0,0,1
318,562,711,1,0,0
319,61,990,1,0,0
320,663,849,1,1,0
321,818,617,1,0,1
322,793,729,0,1,0
323,779,610,1,0,1
324,1,503,0,1,0
325,599,831,0,1,0
326,372,69,1,1,0
327,843,485,1,1,0
328,118,471,1,1,0
329,143,461,0,1,0
330,648,793,1,1,0
331,7,150,0,1,0
332,711,929,0,1,0
333,210,892,0,1,0
334,268,441,0,1,0
335,825,687,0,1,0
336,833,304,0,1,0
337,441,106,0,1,0
338,758,9,0,1,0
339,4,707,1,0,0
340,899,644,0,1,0
341,788,696,0,1,0
342,469,655,1,0,0
343,557,9,0,1,0
344,970,937,1,0,0
345,466,572,1,0,0
346,240,267,1,1,0
347,321,465,0,1,0
348,306,436,0,1,0
349,808,163,1,0,0
350,108,826,1,1,0
351,519,274,1,0,1
352,389,869,1,1,0
353,843,754,1,1,0
354,927,897,0,1,0
355,63,753,1,1,0
356,110,675,0,1,0
357,106,431,0,1,0
358,532,612,1,0,0
359,613,957,0,1,0
360,343,390,0,1,0
361,4,816,1,0,0
362,713,9,0,1,0
363,672,358,1,1,0
364,836,898,0,1,0
365,857,878,0,1,0
366,334,157,0,1,0
367,413,656,1,0,0
368,207,411,0,1,0
369,132,471,1,0,1
370,659,868,0,1,0
371,9,886,1,0,0
372,728,591,1,0,1
373,358,946,0,1,0
374,867,862,0,1,0
375,479,155,0,1,0
376,211,795,1,0,0
377,466,840,0,1,0
378,481,658,1,0,0
379,124,790,1,0,0
380,787,362,0,1,0
381,842,676,1,0,1
382,745,385,0,1,0
383,462,10,1,0,0
384,829,178,1,0,0
385,438,1,1,0,1
386,884,763,0,1,0
387,283,129,1,0,0
388,751,7,0,1,0
389,369,136,1,0,1
390,7,21,0,1,0
391,67,907,1,0,0
392,197,99,0,1,0
393,264,844,0,1,0
394,769,541,0,1,0
395,257,2,1,0,0
396,88,508,1,1,0
397,939,815,1,1,0
398,198,156,0,1,0
399,670,77,1,0,0
400,507,401,1,0,0
401,740,570,0,0,1
402,306,468,0,1,0
403,299,61,0,1,0
404,254,574,1,1,0
405,881,163,1,0,0
406,761,465,0,1,0
407,315,506,0,1,0
408,1,755,1,0,0
409,602,109,1,0,0
410,273,678,1,0,1
411,447,10,1,0,1
412,525,333,1,0,0
413,741,833,0,1,0
414,256,809,0,1,0
415,479,199,1,1,0
416,147,549,0,1,0
417,507,893,0,1,0
418,311,846,0,1,0
419,387,327,0,1,0
420,690,509,1,1,0
421,866,766,0,1,0
422,61,720,1,0,1
423,342,120,1,0,1
424,158,322,0,1,0
425,164,375,0,1,0
426,29,807,0,1,0
427,336,594,1,1,0
428,980,7,1,0,0
429,574,978,0,1,0
430,361,123,1,1,0
431,593,707,0,1,0
432,880,299,1,0,0
433,855,486,1,1,0
434,394,793,1,0,0
435,823,389,1,0,0
436,488,10,1,0,0
437,833,638,0,1,0
438,510,601,1,0,0
439,885,202,1,0,0
440,292,74,0,1,0
441,763,549,1,0,1
442,410,500,1,0,0
443,233,310,1,0,0
444,184,205,1,1,0
445,255,465,0,1,0
446,799,662,0,1,0
447,405,940,0,1,0
448,703,124,1,0,0
449,90,259,1,0,0
450,907,306,0,1,0
451,301,4,0,1,0
452,981,121,1,1,0
453,215,707,1,0,0
454,550,680,1,0,0
455,583,297,0,1,0
456,990,900,1,0,0
457,617,372,0,1,0
458,344,774,0,1,0
459,10,840,1,0,0
460,978,7,1,0,0
461,393,443,1,0,0
462,598,565,1,0,1
463,834,445,1,0,0
464,576,832,0,1,0
465,829,540,0,1,0
466,309,182,1,0,0
467,479,405,1,0,0
468,27,4,1,0,1
469,686,384,0,1,0
470,689,6,0,1,0
471,15,523,0,1,0
472,854,6,1,0,0
473,1,564,1,1,0
474,264,96,0,0,1
475,336,6,1,0,1
476,370,352,1,1,0
477,495,493,1,0,0
478,379,884,1,0,1
479,802,233,1,0,0
480,856,430,1,0,0
481,277,266,1,0,1
482,246,838,1,0,1
483,516,891,0,1,0
484,928,739,0,1,0
485,636,633,0,1,0
486,325,454,0,1,0
487,121,620,1,1,0
488,368,799,1,0,0
489,590,338,1,0,1
490,899,838,1,0,1
491,390,313,0,1,0
492,990,15,1,0,0
493,746,101,1,1,0
494,553,246,0,1,0
495,134,612,0,1,0
496,102,92,1,0,0
497,613,466,0,1,0
498,159,752,1,0,0
499,932,244,1,0,1
500,310,221,1,0,1
501,117,953,1,0,0
502,567,8,0,1,0
503,754,2,0,1,0
504,260,355,1,0,0
505,664,478,1,0,1
506,730,707,1,0,1
507,613,340,0,1,0
508,415,73,0,1,0
509,73,614,0,1,0
510,553,8,1,0,1
511,863,556,0,1,0
512,912,217,1,0,0
513,103,671,1,1,0
514,653,191,0,1,0
515,111,102,0,1,0
516,815,424,1,0,0
517,603,122,0,1,0
518,613,271,0,1,0
519,414,109,0,1,0
520,756,646,0,1,0
521,910,116,1,1,0
522,285,590,1,1,0
523,470,707,1,0,0
524,853,854,0,1,0
525,576,384,1,0,0
526,7,37,0,1,0
527,408,389,1,0,0
528,754,9,0,1,0
529,345,528,1,0,1
530,924,592,1,0,1
531,477,725,1,0,0
532,98,900,0,1,0
533,101,192,0,1,0
534,847,469,1,1,0
535,220,894,0,1,0
536,849,671,0,1,0
537,387,585,1,0,0
538,403,109,0,1,0
539,578,337,1,1,0
540,503,654,1,0,0
541,536,680,1,0,0
542,662,458,1,1,0
543,4,46,1,1,0
544,339,270,1,0,0
545,52,9,1,0,0
546,119,391,0,1,0
547,454,453,1,0,0
548,80,734,1,0,0
549,603,536,0,1,0
550,811,395,0,1,0
551,247,965,1,0,0
552,883,307,1,0,1
553,389,843,1,0,0
554,470,695,1,0,0
555,190,859,0,1,0
556,358,653,0,1,0
557,299,997,0,1,0
558,829,585,1,0,1
559,712,503,0,1,0
560,719,651,1,0,0
561,687,719,0,1,0
562,891,616,0,1,0
563,405,945,0,1,0
564,6,142,1,0,1
565,217,692,1,0,0
566,220,87,0,1,0
567,249,341,1,0,0
568,762,132,0,1,0
569,154,937,1,0,0
570,801,631,1,0,1
571,282,619,1,0,0
572,536,265,0,1,0
573,223,598,1,1,0
574,888,468,1,0,0
575,512,177,0,1,0
576,95,882,1,0,0
577,312,842,1,1,0
578,174,180,1,1,0
579,745,129,0,1,0
580,186,804,1,0,0
581,7,370,1,0,0
582,350,310,1,1,0
583,531,925,0,1,0
584,268,199,1,0,1
585,168,554,1,0,0
586,789,305,1,1,0
587,801,1,0,1,0
588,211,499,1,0,0
589,562,754,1,0,0
590,528,349,0,1,0
591,812,398,1,1,0
592,839,887,0,1,0
593,274,681,0,1,0
594,744,594,0,1,0
595,549,908,1,0,1
596,317,841,0,1,0
597,763,531,0,1,0
598,133,278,1,0,0
599,100,425,0,1,0
600,907,262,0,1,0
601,755,775,0,1,0
602,756,504,0,1,0
603,4,429,0,1,0
604,564,76,0,1,0
605,387,402,0,1,0
606,811,5,1,1,0
607,131,305,0,1,0
608,556,655,1,0,0
609,305,341,1,0,0
610,788,907,1,1,0
611,415,223,1,0,0
612,248,857,0,1,0
613,71,527,0,1,0
614,628,786,1,1,0
615,507,7,0,1,0
616,959,777,1,0,0
617,727,583,0,1,0
618,461,213,0,1,0
619,687,216,0,1,0
620,949,85,0,1,0
621,500,340,1,0,0
622,539,7,0,1,0
623,161,323,1,1,0
624,706,342,1,0,1
625,288,512,1,0,0
626,9,20,0,1,0
627,137,336,0,1,0
628,833,7,1,0,0
629,682,715,0,1,0
630,741,489,0,1,0
631,915,979,1,0,0
632,980,788,1,0,0
633,213,299,0,1,0
634,891,271,0,1,0
635,494,892,0,1,0
636,811,870,0,1,0
637,129,443,0,1,0
638,357,507,1,0,0
639,641,343,1,0,1
640,110,751,1,0,0
641,994,586,0,1,0
642,2,967,0,1,0
643,893,587,0,1,0
644,442,284,0,1,0
645,72,196,0,1,0
646,586,265,0,1,0
647,6,644,0,1,0
648,75,329,0,1,0
649,694,451,0,1,0
650,954,990,1,0,0
651,805,336,0,1,0
652,223,413,1,1,0
653,219,6,1,0,0
654,0,824,1,0,0
655,508,2,0,1,0
656,459,414,1,0,0
657,591,217,0,1,0
658,295,737,0,1,0
659,235,52,1,1,0
660,298,120,1,0,1
661,347,635,1,1,0
662,347,36,1,0,0
663,733,413,0,1,0
664,89,686,1,0,0
665,227,540,0,1,0
666,105,391,0,1,0
667,618,151,1,1,0
668,898,631,0,1,0
669,921,6,1,0,0
670,195,315,0,1,0
671,784,705,1,1,0
672,895,682,0,1,0
673,822,300,1,0,1
674,687,261,0,1,0
675,613,565,1,0,0
676,847,813,1,0,0
677,885,899,1,1,0
678,464,405,1,0,0
679,3,147,0,1,0
680,541,482,1,0,0
681,489,0,1,0,0
682,210,696,1,0,0
683,63,602,0,1,0
684,206,91,0,1,0
685,363,139,1,0,1
686,886,120,0,1,0
687,831,516,1,0,1
688,569,779,0,1,0
689,775,708,1,1,0
690,604,590,1,0,0
691,270,754,0,1,0
692,808,775,0,1,0
693,526,869,0,1,0
694,747,285,1,0,0
695,625,431,0,1,0
696,789,378,1,0,1
697,597,374,0,1,0
698,200,444,1,0,1
699,165,734,1,0,0
700,732,314,1,1,0
701,68,943,1,0,0
702,563,386,1,0,0
703,397,5,1,0,0
704,317,886,0,1,0
705,0,645,0,1,0
706,557,914,1,0,1
707,489,693,1,0,0
708,862,271,0,1,0
709,536,10,0,1,0
710,670,185,0,1,0
711,423,592,1,0,0
712,6,579,1,0,0
713,872,870,0,1,0
714,845,433,1,0,0
715,582,5,0,1,0
716,70,793,1,0,0
717,782,715,1,1,0
718,387,428,1,1,0
719,619,899,0,1,0
720,369,424,0,1,0
721,815,138,1,0,0
722,941,162,1,0,0
723,897,883,0,1,0
724,88,832,0,1,0
725,546,176,1,1,0
726,361,451,0,1,0
727,2,951,1,0,0
728,459,796,1,1,0
729,0,523,0,1,0
730,144,247,1,0,0
731,124,731,1,0,0
732,539,850,1,0,1
733,399,151,1,0,1
734,2,268,1,0,0
735,247,554,0,1,0
736,497,515,1,0,0
737,199,5,1,0,0
738,58,843,1,0,0
739,142,694,1,1,0
740,60,151,0,1,0
741,937,4,1,0,0
742,717,841,0,1,0
743,326,660,0,1,0
744,878,601,0,1,0
745,440,817,1,0,1
746,152,314,1,1,0
747,9,520,1,0,1
748,483,627,1,0,0
749,920,151,1,0,0
750,990,874,1,0,0
751,900,63,1,0,0
752,318,457,1,0,1
753,8,945,1,0,0
754,529,253,0,1,0
755,495,498,1,0,0
756,876,507,0,1,0
757,888,799,0,1,0
758,494,807,0,1,0
759,7,160,1,0,1
760,615,207,0,1,0
761,541,951,0,1,0
762,650,569,0,1,0
763,877,482,1,0,0
764,334,8,0,1,0
765,430,737,1,1,0
766,744,433,0,1,0
767,211,680,1,0,0
768,946,2,1,0,0
769,351,10,1,0,0
770,356,153,1,0,1
771,324,519,0,1,0
772,844,708,0,1,0
773,871,596,0,1,0
774,865,513,0,1,0
775,590,719,0,1,0
776,864,326,1,1,0
777,183,81,0,1,0
778,922,662,1,0,0
779,118,4,1,0,0
780,238,810,0,1,0
781,655,522,0,1,0
782,369,118,1,1,0
783,195,286,1,1,0
784,284,974,1,0,1
785,780,79,1,0,1
786,880,85,1,0,0
787,631,852,0,1,0
788,10,911,1,0,0
789,74,938,1,0,0
790,564,126,0,1,0
791,208,633,0,1,0
792,4,983,1,0,0
793,19,681,0,1,0
794,252,615,0,1,0
795,928,706,1,0,1
796,437,668,1,0,0
797,911,307,0,1,0
798,871,536,0,1,0
799,846,436,1,0,0
800,491,512,1,0,0
801,243,194,1,0,0
802,370,296,0,1,0
803,262,165,0,1,0
804,501,6,0,1,0
805,747,264,1,0,0
806,924,408,0,1,0
807,424,130,1,0,1
808,798,575,0,1,0
809,974,237,0,1,0
810,841,657,0,1,0
811,667,434,0,1,0
812,878,612,0,1,0
813,234,626,1,1,0
814,823,10,1,0,0
815,546,387,1,0,0
816,535,171,0,1,0
817,373,827,1,0,0
818,700,545,1,0,1
819,868,910,0,1,0
820,147,708,1,1,0
821,522,95,0,1,0
822,289,642,0,1,0
823,963,852,0,1,0
824,68,714,1,0,0
825,562,788,1,1,0
826,399,8,1,0,0
827,626,894,0,1,0
828,590,953,0,1,0
829,738,498,0,1,0
830,562,676,1,0,0
831,569,588,1,0,0
832,224,423,0,1,0
833,161,5,0,1,0
834,10,194,1,0,0
835,774,481,0,1,0
836,456,277,1,0,1
837,923,763,1,0,0
838,63,390,1,0,1
839,944,958,1,0,0
840,236,553,0,1,0
841,388,712,1,0,0
842,274,977,0,1,0
843,515,584,1,0,0
844,134,371,1,0,1
845,697,181,0,1,0
846,433,261,0,1,0
847,223,701,1,0,0
848,875,799,0,1,0
849,950,819,0,1,0
850,593,4,0,1,0
851,396,591,1,0,0
852,261,850,1,0,1
853,136,684,0,1,0
854,479,203,0,1,0
855,248,431,0,1,0
856,424,872,0,1,0
857,298,770,1,0,0
858,411,421,1,0,0
859,966,108,0,1,0
860,417,930,0,1,0
861,800,906,0,1,0
862,5,280,1,0,0
863,778,50,1,0,0
864,166,344,0,1,0
865,247,542,1,0,1
866,72,235,1,0,0
867,57,194,0,1,0
868,715,687,0,1,0
869,618,405,0,1,0
870,669,880,1,1,0
871,308,726,0,1,0
872,116,269,1,0,0
873,930,458,0,1,0
874,699,355,0,1,0
875,917,932,1,0,0
876,929,724,0,1,0
877,246,305,1,0,0
878,952,527,0,1,0
879,598,750,1,0,0
880,347,929,0,1,0
881,498,487,1,0,0
882,0,31,1,0,1
883,863,311,0,1,0
884,5,672,0,1,0
885,540,849,0,1,0
886,478,178,0,1,0
887,347,727,0,1,0
888,561,204,0,1,0
889,163,56,1,0,1
890,585,706,0,1,0
891,482,316,0,1,0
892,935,681,1,0,1
893,40,855,1,0,0
894,507,971,1,0,0
895,93,1,1,0,0
896,864,290,1,0,0
897,746,239,1,0,0
898,343,215,0,1,0
899,104,950,1,0,0
900,497,369,1,0,0
901,587,5,0,1,0
902,288,734,1,0,1
903,667,658,1,0,0
904,920,695,0,1,0
905,660,514,0,1,0
906,5,112,1,0,0
907,245,777,1,1,0
908,165,626,0,1,0
909,89,938,1,0,0
910,990,389,1,0,1
911,209,226,0,1,0
912,604,704,0,1,0
913,614,694,0,1,0
914,563,196,0,1,0
915,580,410,0,1,0
916,783,963,0,1,0
917,376,879,1,0,1
918,8,403,1,0,0
919,521,360,1,0,0
920,583,636,1,0,0
921,352,846,1,0,1
922,578,797,0,1,0
923,677,412,1,0,1
924,601,171,1,0,0
925,433,836,0,1,0
926,965,609,0,1,0
927,217,10,1,0,0
928,658,513,0,1,0
929,855,485,1,1,0
930,418,10,1,0,0
931,923,635,0,1,0
932,184,84,0,1,0
933,511,580,1,0,0
934,919,929,1,1,0
935,166,82,1,0,1
936,778,3,0,1,0
937,669,323,1,0,0
938,478,486,1,0,0
939,425,513,1,0,0
940,394,883,0,1,0
941,88,330,0,1,0
942,704,198,1,0,1
943,705,184,0,1,0
944,883,26,1,0,0
945,193,383,1,1,0
946,523,876,0,1,0
947,633,861,0,1,0
948,0,908,1,0,0
949,931,498,0,1,0
950,392,631,1,1,0
951,240,544,0,1,0
952,428,7,0,1,0
953,517,657,1,0,0
954,584,540,0,1,0
955,180,0,1,1,0
956,322,214,0,1,0
957,408,239,1,0,0
958,445,247,0,1,0
959,776,665,0,1,0
960,623,919,0,1,0
961,224,639,0,1,0
962,731,990,1,0,1
963,236,373,0,1,0
964,61,7,1,0,0
965,357,155,0,1,0
966,532,193,1,0,1
967,1,793,0,1,0
968,254,275,0,0,1
969,142,22,0,1,0
970,5,673,0,1,0
971,453,582,1,0,0
972,513,192,0,1,0
973,741,811,0,1,0
974,7,719,1,0,0
975,403,453,1,0,0
976,820,699,1,0,1
977,314,645,0,1,0
978,552,168,0,1,0
979,265,798,0,1,0
980,740,380,0,1,0
981,608,906,0,1,0
982,476,251,0,1,0
983,415,480,1,0,0
984,251,421,0,1,0
985,412,293,0,1,0
986,596,931,0,1,0
987,721,7,1,1,0
988,487,298,0,1,0
989,126,660,0,1,0
990,51,568,1,0,1
991,620,161,0,1,0
992,246,89,0,1,0
993,6,24,0,1,0
994,189,177,0,1,0
995,695,904,0,1,0
996,602,622,1,0,0
997,97,150,1,0,1
998,708,593,0,1,0
999,713,553,0,1,0
