Index,x,y,alive,infected,immune
0,794,299,0,1,0
1,57,655,1,1,0
2,934,239,1,1,0
3,550,863,1,1,0
4,910,726,0,1,0
5,449,155,0,1,0
6,470,46,1,1,0
7,955,537,0,1,0
8,284,765,1,1,0
9,861,582,0,1,0
10,349,148,0,1,0
11,683,155,0,1,0
12,568,941,0,1,0
13,73,286,0,1,0
14,805,300,0,1,0
15,75,785,0,1,0
16,547,341,1,1,0
17,785,619,0,1,0
18,952,180,0,1,0
19,575,849,0,1,0
20,974,650,0,1,0
21,382,341,0,1,0
22,518,774,0,1,0
23,263,89,1,1,0
24,193,376,0,1,0
25,3,153,0,1,0
26,763,973,0,1,0
27,667,508,0,1,0
28,118,187,0,1,0
29,515,920,0,1,0
30,693,711,0,1,0
31,561,7,0,1,0
32,767,863,1,1,0
33,963,398,1,1,0
34,225,895,0,1,0
35,281,5,0,1,0
36,629,5,1,1,0
37,859,757,0,1,0
38,60,606,0,1,0
39,386,715,0,1,0
40,133,51,0,1,0
41,631,492,1,1,0
42,490,176,1,1,0
43,111,414,0,1,0
44,457,259,0,1,0
45,188,126,0,1,0
46,509,903,1,1,0
47,763,561,0,1,0
48,746,348,0,1,0
49,433,124,0,1,0
50,476,893,0,1,0
51,884,818,0,1,0
52,138,371,0,1,0
53,177,376,0,1,0
54,290,882,0,1,0
55,584,279,1,1,0
56,770,157,0,1,0
57,616,278,0,1,0
58,149,382,0,1,0
59,990,407,0,1,0
60,236,572,0,1,0
61,594,9,0,1,0
62,366,955,0,1,0
63,168,485,1,1,0
64,6,962,0,1,0
65,942,402,1,1,0
66,73,804,0,1,0
67,761,819,0,1,0
68,640,757,0,1,0
69,690,948,0,1,0
70,572,820,0,1,0
71,766,42,0,1,0
72,607,799,0,1,0
73,645,717,0,1,0
74,335,8,0,1,0
75,963,144,1,1,0
76,107,328,0,1,0
77,449,235,1,1,0
78,314,723,1,1,0
79,910,107,0,1,0
80,105,492,0,1,0
81,770,812,0,1,0
82,192,113,0,1,0
83,196,861,0,1,0
84,321,546,0,1,0
85,224,397,0,1,0
86,397,743,1,1,0
87,855,597,0,1,0
88,568,182,0,1,0
89,643,959,0,1,0
90,329,199,0,1,0
91,243,519,0,1,0
92,298,422,0,1,0
93,482,880,0,1,0
94,654,448,0,1,0
95,169,948,0,1,0
96,708,911,0,1,0
97,643,498,0,1,0
98,49,44,0,1,0
99,647,162,0,1,0
100,241,284,1,0,0
101,768,431,1,0,0
102,724,834,1,0,0
103,5,33,1,1,0
104,646,432,1,0,0
105,554,560,1,0,0
106,865,221,1,0,0
107,659,200,1,1,0
108,843,343,1,0,0
109,750,634,1,0,0
110,322,870,1,0,0
111,2,776,1,0,0
112,789,416,1,0,0
113,878,337,1,0,0
114,575,320,1,1,0
115,856,568,0,1,0
116,92,967,1,0,0
117,742,816,0,1,0
118,413,6,1,0,0
119,169,751,1,0,0
120,694,491,1,0,0
121,880,487,1,0,0
122,959,497,1,0,0
123,686,93,1,0,0
124,287,324,1,0,0
125,810,619,1,1,0
126,808,3,1,0,0
127,627,810,1,0,0
128,223,732,1,0,0
129,531,7,1,0,0
130,399,767,1,0,0
131,9,180,1,0,0
132,944,212,1,1,0
133,75,239,0,1,0
134,704,566,1,1,0
135,313,519,1,0,0
136,199,189,1,0,0
137,569,616,1,0,0
138,655,689,1,0,0
139,558,127,1,1,0
140,1,421,0,1,0
141,559,750,1,0,0
142,480,355,1,0,0
143,752,115,0,1,0
144,351,717,1,0,0
145,196,80,1,1,0
146,548,494,1,0,0
147,459,628,1,0,0
148,707,361,0,1,0
149,294,166,1,0,0
150,104,205,1,1,0
151,641,381,1,0,0
152,379,404,1,0,0
153,351,339,1,0,0
154,8,901,1,0,0
155,113,143,1,0,0
156,559,536,1,0,0
157,173,304,1,0,0
158,368,688,1,0,0
159,876,602,1,1,0
160,832,754,1,0,0
161,129,575,1,0,0
162,715,767,1,0,0
163,626,179,1,0,0
164,48,546,0,1,0
165,564,885,0,1,0
166,876,275,1,0,0
167,326,216,0,1,0
168,238,9,1,0,0
169,883,942,1,0,0
170,495,722,1,0,0
171,962,518,0,1,0
172,142,257,1,0,0
173,5,926,1,0,0
174,48,875,1,0,0
175,109,93,1,0,0
176,586,358,1,0,0
177,381,422,1,0,0
178,360,600,1,0,0
179,709,1,1,0,0
180,533,93,1,0,0
181,908,624,1,0,0
182,441,964,1,0,0
183,751,290,1,0,0
184,372,302,1,0,0
185,490,97,1,0,0
186,775,377,1,1,0
187,645,459,0,1,0
188,409,903,1,0,0
189,832,110,1,0,0
190,939,578,1,0,0
191,910,951,1,0,0
192,938,218,1,1,0
193,481,223,0,1,0
194,958,558,1,1,0
195,523,244,1,0,0
196,5,676,1,1,0
197,938,939,1,0,0
198,744,885,1,0,0
199,828,576,0,1,0
200,547,574,1,0,0
201,202,766,1,0,0
202,323,882,1,1,0
203,947,991,1,0,0
204,56,740,1,0,0
205,646,906,1,1,0
206,223,334,1,0,0
207,748,315,1,0,0
208,272,595,1,0,0
209,763,132,1,0,0
210,229,966,1,0,0
211,698,797,1,0,0
212,66,587,0,1,0
213,639,766,0,1,0
214,990,506,1,0,0
215,535,790,1,0,0
216,270,75,1,1,0
217,376,273,1,0,0
218,628,405,1,0,0
219,309,10,1,0,0
220,1,785,1,0,0
221,768,123,1,1,0
222,4,550,1,0,0
223,327,187,0,1,0
224,274,519,1,1,0
225,653,673,1,0,0
226,359,561,1,0,0
227,527,604,1,0,0
228,947,728,1,0,0
229,398,342,1,0,0
230,299,142,1,0,0
231,913,191,1,0,0
232,813,132,1,0,0
233,197,754,1,0,0
234,391,659,1,0,0
235,622,500,0,1,0
236,340,811,1,0,0
237,306,978,1,0,0
238,437,397,1,0,0
239,234,925,0,1,0
240,253,76,1,1,0
241,296,876,0,1,0
242,313,210,1,0,0
243,185,356,1,1,0
244,312,900,1,1,0
245,898,590,1,1,0
246,708,101,1,0,0
247,555,832,1,1,0
248,345,942,1,1,0
249,703,905,0,1,0
250,828,591,0,1,0
251,900,642,1,1,0
252,721,701,0,1,0
253,668,43,1,0,0
254,147,266,1,0,0
255,149,472,1,0,0
256,612,390,1,0,0
257,716,590,1,0,0
258,582,554,1,0,0
259,699,817,1,0,0
260,794,512,1,0,0
261,457,557,1,0,0
262,1,515,1,0,0
263,945,597,1,0,0
264,81,644,1,0,0
265,140,330,1,0,0
266,114,943,1,0,0
267,284,27,1,0,0
268,711,161,1,0,0
269,908,967,1,0,0
270,789,743,1,0,0
271,778,208,1,0,0
272,878,901,1,1,0
273,522,715,1,0,0
274,127,399,1,1,0
275,161,940,1,1,0
276,516,55,1,1,0
277,594,627,1,0,0
278,486,490,1,0,0
279,384,0,1,0,0
280,194,249,1,0,0
281,203,730,1,0,0
282,528,733,1,0,0
283,943,855,1,0,0
284,787,706,1,0,0
285,821,5,1,0,0
286,875,922,1,0,0
287,3,39,1,1,0
288,5,695,1,0,0
289,263,765,1,0,0
290,546,363,1,0,0
291,924,94,1,0,0
292,71,856,1,0,0
293,0,244,1,0,0
294,38,868,1,0,0
295,220,647,1,0,0
296,247,695,1,0,0
297,382,169,1,0,0
298,708,720,1,1,0
299,47,281,1,0,0
300,409,715,1,0,0
301,689,556,1,0,0
302,78,133,1,1,0
303,3,498,0,1,0
304,558,269,0,1,0
305,945,26,1,0,0
306,779,94,1,0,0
307,677,213,1,1,0
308,833,11,1,0,0
309,533,311,1,1,0
310,965,333,1,0,0
311,695,498,1,0,0
312,249,762,1,0,0
313,352,5,1,0,0
314,7,244,1,0,0
315,899,638,0,1,0
316,6,790,1,0,0
317,734,712,1,1,0
318,497,638,1,0,0
319,61,990,1,0,0
320,659,829,1,0,0
321,823,651,1,1,0
322,851,699,0,1,0
323,813,622,1,1,0
324,2,503,1,1,0
325,652,809,1,1,0
326,378,109,1,0,0
327,880,380,1,0,0
328,102,476,1,0,0
329,129,444,1,0,0
330,698,808,1,0,0
331,9,150,0,1,0
332,668,955,0,1,0
333,202,921,0,1,0
334,275,423,1,0,0
335,788,681,1,0,0
336,861,364,1,0,0
337,467,50,1,1,0
338,758,0,0,1,0
339,3,707,1,0,0
340,890,644,1,1,0
341,799,712,1,0,0
342,475,645,1,0,0
343,557,1,1,1,0
344,949,953,1,0,0
345,510,593,1,0,0
346,192,269,1,0,0
347,328,442,1,1,0
348,271,436,1,0,0
349,766,182,1,0,0
350,117,815,1,0,0
351,524,314,1,1,0
352,429,901,1,0,0
353,770,761,1,0,0
354,833,908,1,0,0
355,50,762,1,0,0
356,97,712,1,0,0
357,138,407,0,1,0
358,563,665,1,0,0
359,588,945,0,1,0
360,323,420,1,1,0
361,6,816,1,0,0
362,716,982,0,1,0
363,665,342,1,0,0
364,832,899,1,0,0
365,861,813,0,1,0
366,343,166,0,1,0
367,379,669,1,0,0
368,207,463,1,0,0
369,105,444,1,1,0
370,701,902,1,1,0
371,6,886,1,0,0
372,732,512,1,1,0
373,360,922,1,1,0
374,923,837,0,1,0
375,459,153,0,1,0
376,156,773,1,0,0
377,546,826,0,1,0
378,553,610,1,0,0
379,156,778,1,0,0
380,768,324,0,1,0
381,852,747,1,1,0
382,826,385,1,0,0
383,462,10,1,0,0
384,829,132,1,0,0
385,400,939,1,0,0
386,868,731,1,0,0
387,295,134,1,0,0
388,751,6,1,1,0
389,324,191,1,1,0
390,8,21,0,1,0
391,64,906,1,0,0
392,141,151,0,1,0
393,279,863,1,1,0
394,693,502,1,0,0
395,257,4,1,0,0
396,82,474,1,0,0
397,948,809,1,0,0
398,180,146,1,1,0
399,690,95,1,0,0
400,530,422,1,0,0
401,703,553,1,1,0
402,303,474,1,0,0
403,288,36,1,0,0
404,277,649,1,0,0
405,892,226,1,0,0
406,733,429,1,0,0
407,365,516,1,0,0
408,7,755,1,0,0
409,622,96,1,0,0
410,302,718,1,1,0
411,438,72,1,0,0
412,448,341,1,0,0
413,741,816,1,1,0
414,231,778,1,0,0
415,523,232,1,0,0
416,125,594,1,0,0
417,435,879,0,1,0
418,265,864,1,0,0
419,343,326,1,0,0
420,746,481,1,0,0
421,831,775,0,1,0
422,71,654,1,0,0
423,396,92,1,0,0
424,143,332,1,0,0
425,119,372,0,1,0
426,69,815,1,1,0
427,396,598,1,0,0
428,980,8,1,0,0
429,596,964,0,1,0
430,395,88,1,0,0
431,553,687,1,0,0
432,908,259,1,0,0
433,844,433,1,0,0
434,366,783,1,0,0
435,851,420,1,0,0
436,488,10,1,0,0
437,833,665,1,1,0
438,514,611,1,0,0
439,850,203,1,0,0
440,276,77,1,0,0
441,755,529,1,1,0
442,436,501,1,0,0
443,285,323,1,0,0
444,166,231,1,0,0
445,249,459,1,0,0
446,778,680,1,0,0
447,454,890,0,1,0
448,683,93,1,0,0
449,148,245,1,0,0
450,926,327,1,0,0
451,301,904,1,1,0
452,968,102,1,0,0
453,142,728,1,0,0
454,593,721,1,0,0
455,566,344,1,0,0
456,986,911,1,0,0
457,652,288,0,1,0
458,328,758,1,0,0
459,10,840,1,0,0
460,978,7,1,0,0
461,378,463,1,0,0
462,628,525,1,1,0
463,792,443,1,0,0
464,549,780,1,1,0
465,804,561,1,1,0
466,257,110,1,0,0
467,488,441,1,0,0
468,27,6,1,1,0
469,677,382,1,0,0
470,664,940,0,1,0
471,32,578,1,1,0
472,854,3,1,0,0
473,2,564,1,0,0
474,319,166,1,0,0
475,336,7,1,1,0
476,377,390,1,0,0
477,472,479,1,0,0
478,371,913,1,1,0
479,807,214,1,0,0
480,861,436,1,0,0
481,272,263,1,0,0
482,246,931,1,1,0
483,510,846,0,1,0
484,943,704,0,1,0
485,646,552,0,1,0
486,272,447,1,0,0
487,100,621,1,0,0
488,355,792,1,0,0
489,585,295,1,1,0
490,925,838,1,1,0
491,434,247,1,0,0
492,990,15,1,0,0
493,808,92,1,0,0
494,619,268,1,1,0
495,63,663,1,0,0
496,97,101,1,0,0
497,622,479,1,1,0
498,137,761,1,0,0
499,948,216,1,0,0
500,314,228,1,0,0
501,130,922,1,0,0
502,567,0,1,1,0
503,754,3,1,1,0
504,221,323,1,0,0
505,637,528,1,1,0
506,785,770,1,0,0
507,600,325,0,1,0
508,420,74,1,0,0
509,147,631,1,0,0
510,565,966,1,1,0
511,873,560,1,1,0
512,909,190,1,0,0
513,85,746,1,0,0
514,599,147,1,0,0
515,146,166,1,0,0
516,867,447,1,0,0
517,593,115,1,0,0
518,614,255,0,1,0
519,449,148,1,1,0
520,808,670,0,1,0
521,824,162,1,0,0
522,400,598,1,0,0
523,530,648,1,0,0
524,884,930,1,0,0
525,561,400,1,0,0
526,27,19,1,1,0
527,418,394,1,0,0
528,754,4,0,1,0
529,292,535,1,1,0
530,900,590,1,1,0
531,452,721,1,0,0
532,192,944,1,0,0
533,130,188,1,0,0
534,843,433,1,0,0
535,204,851,1,0,0
536,851,628,0,1,0
537,385,612,1,0,0
538,381,81,1,0,0
539,547,359,1,0,0
540,533,665,1,0,0
541,572,653,1,0,0
542,728,427,1,0,0
543,959,58,1,0,0
544,315,256,1,0,0
545,72,952,1,0,0
546,105,363,0,1,0
547,427,465,1,0,0
548,30,745,1,0,0
549,647,524,0,1,0
550,782,392,0,1,0
551,196,972,1,0,0
552,827,340,1,1,0
553,345,795,1,0,0
554,480,695,1,0,0
555,97,903,1,0,0
556,315,638,1,0,0
557,389,947,1,0,0
558,871,639,1,1,0
559,786,488,1,0,0
560,733,635,1,0,0
561,634,676,1,0,0
562,841,561,1,1,0
563,414,891,1,0,0
564,7,142,1,1,0
565,242,721,1,0,0
566,270,122,1,0,0
567,248,323,1,0,0
568,715,110,1,0,0
569,135,944,1,0,0
570,813,577,1,1,0
571,303,661,1,0,0
572,545,298,1,1,0
573,253,649,1,0,0
574,882,467,1,0,0
575,480,178,1,1,0
576,119,863,1,0,0
577,317,815,1,0,0
578,217,155,1,0,0
579,711,141,1,0,0
580,180,787,1,0,0
581,0,370,1,0,0
582,396,303,1,0,0
583,546,919,0,1,0
584,305,133,1,0,0
585,198,577,1,0,0
586,788,262,1,0,0
587,801,7,1,0,0
588,190,524,1,0,0
589,538,748,1,0,0
590,567,348,1,0,0
591,826,470,1,0,0
592,836,824,0,1,0
593,249,739,1,0,0
594,788,611,0,1,0
595,556,971,1,1,0
596,306,847,0,1,0
597,797,465,1,0,0
598,191,225,1,0,0
599,140,476,1,0,0
600,886,278,1,0,0
601,764,816,0,1,0
602,781,533,1,1,0
603,9,429,0,1,0
604,628,154,1,0,0
605,339,429,1,0,0
606,815,959,1,0,0
607,169,358,1,1,0
608,591,614,1,0,0
609,239,325,1,0,0
610,772,885,1,0,0
611,328,253,1,0,0
612,291,924,1,1,0
613,59,529,0,1,0
614,663,850,1,0,0
615,507,0,1,0,0
616,928,758,1,0,0
617,685,524,0,1,0
618,484,246,0,1,0
619,661,217,1,0,0
620,947,104,0,1,0
621,464,374,1,0,0
622,502,972,1,0,0
623,172,317,1,0,0
624,796,385,1,0,0
625,326,567,1,0,0
626,978,36,1,0,0
627,159,299,1,0,0
628,833,7,1,0,0
629,653,724,1,1,0
630,819,479,1,0,0
631,913,943,1,0,0
632,940,815,1,0,0
633,194,239,1,0,0
634,858,291,1,0,0
635,501,938,0,1,0
636,809,887,1,0,0
637,178,406,0,1,0
638,328,511,1,0,0
639,668,409,1,0,0
640,131,753,1,0,0
641,974,616,1,1,0
642,1,967,1,1,0
643,896,620,0,1,0
644,477,232,0,1,0
645,68,241,0,1,0
646,530,255,1,0,0
647,950,654,0,1,0
648,109,314,1,1,0
649,648,439,1,1,0
650,954,990,1,0,0
651,853,282,1,0,0
652,252,484,1,0,0
653,219,5,1,0,0
654,8,824,1,0,0
655,512,24,1,1,0
656,468,475,1,0,0
657,593,226,0,1,0
658,304,741,1,1,0
659,229,30,1,0,0
660,284,54,1,0,0
661,338,668,1,0,0
662,364,43,1,0,0
663,755,494,1,1,0
664,130,709,1,0,0
665,193,533,1,0,0
666,148,367,0,1,0
667,665,93,1,0,0
668,884,626,0,1,0
669,921,1,1,0,0
670,173,311,1,0,0
671,777,690,1,0,0
672,918,659,1,1,0
673,832,343,1,1,0
674,684,248,1,0,0
675,605,600,1,0,0
676,806,788,1,0,0
677,947,928,1,0,0
678,412,403,1,0,0
679,71,144,1,0,0
680,561,457,1,0,0
681,489,1,1,0,0
682,187,686,1,0,0
683,102,548,1,1,0
684,168,136,0,1,0
685,392,173,1,1,0
686,958,149,0,1,0
687,776,511,1,0,0
688,586,739,1,0,0
689,808,698,1,0,0
690,606,613,1,0,0
691,309,699,1,0,0
692,748,800,1,1,0
693,536,894,1,1,0
694,707,267,1,0,0
695,651,423,1,0,0
696,820,371,1,1,0
697,601,357,1,0,0
698,277,463,1,0,0
699,163,733,1,0,0
700,703,335,1,0,0
701,35,959,1,0,0
702,511,419,1,0,0
703,397,0,1,0,0
704,348,884,0,1,0
705,2,645,1,0,0
706,534,912,1,1,0
707,498,741,1,0,0
708,829,295,0,1,0
709,536,10,1,0,0
710,654,194,1,1,0
711,452,589,1,0,0
712,1,579,1,0,0
713,875,830,0,1,0
714,862,416,1,0,0
715,568,968,1,1,0
716,71,740,1,0,0
717,770,748,1,0,0
718,414,420,1,0,0
719,613,922,1,0,0
720,386,409,1,0,0
721,838,162,1,0,0
722,907,157,1,0,0
723,873,913,1,1,0
724,81,799,1,1,0
725,503,208,1,0,0
726,384,431,1,0,0
727,18,923,1,0,0
728,430,724,1,0,0
729,975,548,1,1,0
730,167,195,1,0,0
731,102,652,1,0,0
732,512,875,1,1,0
733,350,173,1,1,0
734,5,268,1,0,0
735,217,525,1,0,0
736,537,439,1,0,0
737,199,1,1,0,0
738,48,851,1,0,0
739,96,737,1,0,0
740,105,132,1,1,0
741,937,5,1,0,0
742,688,874,1,0,0
743,370,600,1,0,0
744,894,611,0,1,0
745,450,821,1,1,0
746,128,296,1,0,0
747,8,520,1,0,0
748,463,572,1,0,0
749,922,173,1,0,0
750,990,874,1,0,0
751,876,24,1,0,0
752,311,424,1,1,0
753,8,945,1,0,0
754,578,244,0,1,0
755,501,464,1,0,0
756,827,536,1,0,0
757,861,808,0,1,0
758,472,811,1,0,0
759,8,160,1,1,0
760,615,207,1,1,0
761,555,975,1,1,0
762,616,549,0,1,0
763,875,478,1,0,0
764,334,3,1,1,0
765,457,778,1,0,0
766,730,477,1,0,0
767,154,730,1,0,0
768,964,54,1,0,0
769,357,44,1,0,0
770,325,174,1,1,0
771,319,517,1,0,0
772,854,720,1,0,0
773,852,603,0,1,0
774,885,563,1,0,0
775,621,757,0,1,0
776,885,376,1,0,0
777,159,97,0,1,0
778,951,629,1,0,0
779,118,6,1,0,0
780,200,775,1,0,0
781,642,530,0,1,0
782,345,61,1,0,0
783,210,286,1,0,0
784,304,941,1,0,0
785,758,89,1,0,0
786,876,68,1,0,0
787,586,833,1,1,0
788,10,911,1,0,0
789,43,934,1,0,0
790,531,83,0,1,0
791,226,575,0,1,0
792,5,983,1,0,0
793,61,662,1,1,0
794,236,556,1,0,0
795,958,691,1,1,0
796,484,637,1,0,0
797,933,275,1,0,0
798,909,593,0,1,0
799,857,452,1,0,0
800,482,489,1,0,0
801,293,242,1,0,0
802,396,270,1,0,0
803,349,140,1,1,0
804,501,3,1,0,0
805,754,245,1,0,0
806,952,379,0,1,0
807,444,114,1,1,0
808,782,554,1,0,0
809,913,240,1,0,0
810,829,625,0,1,0
811,696,424,1,0,0
812,850,613,1,1,0
813,208,626,1,0,0
814,823,10,1,0,0
815,497,421,1,0,0
816,558,201,1,0,0
817,398,831,1,0,0
818,707,517,1,1,0
819,817,866,0,1,0
820,123,715,1,0,0
821,544,66,1,1,0
822,383,684,1,1,0
823,924,858,1,0,0
824,114,687,1,0,0
825,596,757,1,0,0
826,425,36,1,0,0
827,614,900,0,1,0
828,559,954,0,1,0
829,725,520,0,1,0
830,529,656,1,0,0
831,576,607,1,0,0
832,177,383,1,1,0
833,190,38,1,0,0
834,10,194,1,0,0
835,737,457,1,0,0
836,425,298,1,0,0
837,945,806,1,0,0
838,111,410,1,1,0
839,921,928,1,0,0
840,250,538,0,1,0
841,352,701,1,0,0
842,277,952,1,0,0
843,465,610,1,0,0
844,185,386,1,1,0
845,634,171,1,1,0
846,426,280,0,1,0
847,265,743,1,0,0
848,819,813,0,1,0
849,900,877,1,0,0
850,635,27,1,0,0
851,356,602,1,0,0
852,234,811,1,1,0
853,119,673,1,0,0
854,490,202,0,1,0
855,262,431,1,0,0
856,371,941,1,1,0
857,276,809,1,0,0
858,402,442,1,0,0
859,964,125,1,1,0
860,385,909,1,0,0
861,773,911,1,0,0
862,7,280,1,0,0
863,798,93,1,0,0
864,225,321,1,0,0
865,271,583,1,1,0
866,97,217,1,0,0
867,50,214,0,1,0
868,709,653,1,0,0
869,637,390,1,0,0
870,672,824,1,0,0
871,323,756,1,1,0
872,135,249,1,0,0
873,886,422,1,0,0
874,694,383,1,0,0
875,966,939,1,0,0
876,842,730,1,0,0
877,197,329,1,0,0
878,922,574,1,0,0
879,593,725,1,0,0
880,321,916,0,1,0
881,467,473,1,0,0
882,18,40,1,1,0
883,826,381,1,0,0
884,7,672,0,1,0
885,554,844,0,1,0
886,541,200,1,0,0
887,390,712,1,1,0
888,559,225,1,0,0
889,153,61,1,0,0
890,643,709,1,1,0
891,438,279,1,1,0
892,880,729,1,0,0
893,30,810,1,0,0
894,496,967,1,0,0
895,104,968,1,0,0
896,852,219,1,0,0
897,747,186,1,0,0
898,299,268,1,0,0
899,121,907,1,0,0
900,457,365,1,0,0
901,587,4,0,1,0
902,341,670,1,0,0
903,670,660,1,0,0
904,898,730,1,0,0
905,672,551,1,1,0
906,4,112,1,0,0
907,269,759,1,0,0
908,84,605,1,0,0
909,87,976,1,0,0
910,990,389,1,1,0
911,207,180,1,0,0
912,627,724,1,0,0
913,629,732,1,0,0
914,501,190,0,1,0
915,602,402,1,0,0
916,861,972,1,0,0
917,334,928,1,0,0
918,5,403,1,0,0
919,515,412,1,0,0
920,598,606,1,0,0
921,368,932,1,1,0
922,563,865,0,1,0
923,680,465,1,0,0
924,656,134,1,0,0
925,439,860,0,1,0
926,887,630,0,1,0
927,217,10,1,0,0
928,659,513,0,1,0
929,893,483,1,0,0
930,408,37,1,0,0
931,966,589,1,0,0
932,172,118,1,1,0
933,576,573,1,0,0
934,956,872,1,0,0
935,155,87,1,1,0
936,776,59,1,0,0
937,714,317,1,0,0
938,482,462,1,0,0
939,421,518,1,0,0
940,433,853,1,1,0
941,106,347,1,0,0
942,655,192,1,1,0
943,619,147,1,0,0
944,834,64,1,0,0
945,188,423,1,0,0
946,528,849,0,1,0
947,613,855,1,0,0
948,2,908,1,0,0
949,918,528,1,0,0
950,352,651,1,0,0
951,215,621,1,0,0
952,454,980,1,0,0
953,514,636,1,0,0
954,595,492,1,0,0
955,193,42,1,0,0
956,298,255,1,0,0
957,412,208,1,0,0
958,465,327,1,0,0
959,735,656,1,0,0
960,636,943,1,1,0
961,268,715,1,0,0
962,731,990,1,1,0
963,290,413,1,1,0
964,61,7,1,0,0
965,389,125,1,0,0
966,530,231,1,0,0
967,32,795,1,0,0
968,183,291,1,0,0
969,150,78,1,0,0
970,7,673,0,1,0
971,461,593,1,0,0
972,483,230,0,1,0
973,761,797,0,1,0
974,7,719,1,0,0
975,410,393,1,0,0
976,825,614,1,1,0
977,355,650,1,0,0
978,523,183,1,1,0
979,230,820,0,1,0
980,828,354,1,1,0
981,598,891,1,0,0
982,465,229,0,1,0
983,441,425,1,0,0
984,245,420,1,0,0
985,428,241,1,1,0
986,627,932,1,1,0
987,706,25,1,0,0
988,494,324,0,1,0
989,129,671,1,0,0
990,87,535,1,1,0
991,661,183,0,1,0
992,210,69,0,1,0
993,1,24,1,1,0
994,206,185,1,0,0
995,744,914,1,1,0
996,639,626,1,0,0
997,137,101,1,1,0
998,739,609,1,0,0
999,728,557,0,1,0
