Index,x,y,alive,infected,immune
0,793,305,0,1,0
1,22,686,1,0,1
2,962,199,0,0,1
3,519,853,1,0,1
4,908,758,0,1,0
5,419,101,0,1,0
6,489,86,0,1,0
7,3,559,0,1,0
8,301,783,1,0,1
9,863,576,0,1,0
10,437,147,0,1,0
11,645,130,0,1,0
12,494,967,0,1,0
13,77,305,0,1,0
14,867,283,0,1,0
15,69,742,0,1,0
16,503,309,1,0,1
17,767,688,0,1,0
18,978,171,0,1,0
19,614,820,0,1,0
20,930,569,0,1,0
21,299,374,0,1,0
22,402,821,0,1,0
23,240,84,1,0,1
24,224,401,0,1,0
25,7,153,0,1,0
26,795,8,0,1,0
27,692,430,0,1,0
28,85,128,0,1,0
29,479,899,0,1,0
30,716,707,0,1,0
31,561,8,0,1,0
32,756,907,1,0,1
33,957,289,1,0,1
34,260,859,0,1,0
35,281,8,0,1,0
36,629,7,1,0,1
37,933,679,0,1,0
38,4,585,0,1,0
39,410,760,0,1,0
40,181,44,0,1,0
41,652,550,1,0,1
42,493,166,1,0,1
43,123,427,0,1,0
44,480,288,0,1,0
45,208,108,0,1,0
46,552,904,1,0,1
47,797,571,0,1,0
48,739,347,0,1,0
49,465,165,0,1,0
50,507,885,0,1,0
51,859,712,0,1,0
52,106,379,0,1,0
53,143,360,0,1,0
54,291,798,0,1,0
55,565,289,0,0,1
56,687,172,0,1,0
57,544,264,0,1,0
58,163,374,0,1,0
59,990,407,0,1,0
60,215,595,0,1,0
61,594,8,0,1,0
62,379,969,0,1,0
63,138,411,0,1,0
64,2,962,0,1,0
65,8,349,1,0,1
66,36,821,0,1,0
67,801,820,0,1,0
68,632,753,0,1,0
69,720,901,0,1,0
70,584,835,0,1,0
71,747,10,0,1,0
72,551,780,0,1,0
73,592,762,0,1,0
74,335,1,0,1,0
75,990,163,1,0,1
76,105,347,0,1,0
77,437,249,1,0,1
78,368,764,1,0,1
79,932,87,0,1,0
80,135,516,0,1,0
81,779,861,0,1,0
82,128,134,0,1,0
83,271,930,0,1,0
84,362,522,0,1,0
85,208,321,0,1,0
86,378,664,1,0,1
87,845,613,0,1,0
88,540,152,0,1,0
89,641,930,0,1,0
90,275,203,0,1,0
91,219,496,0,1,0
92,273,497,0,1,0
93,507,916,0,1,0
94,658,427,0,1,0
95,211,914,0,1,0
96,780,930,0,1,0
97,539,524,0,1,0
98,152,36,0,1,0
99,680,171,0,1,0
100,233,268,0,1,0
101,736,372,1,0,1
102,688,905,1,0,1
103,6,33,0,0,1
104,673,462,1,0,1
105,582,584,1,0,0
106,859,259,0,1,0
107,602,185,0,1,0
108,887,397,0,1,0
109,809,606,0,0,1
110,366,883,1,0,1
111,0,776,0,1,0
112,771,449,0,1,0
113,843,374,0,1,0
114,583,316,0,1,0
115,895,535,0,1,0
116,63,962,1,0,0
117,719,841,0,1,0
118,413,0,1,0,0
119,187,754,1,0,0
120,704,494,1,0,1
121,870,540,0,1,0
122,6,481,1,0,0
123,682,86,1,0,0
124,290,397,0,1,0
125,830,618,1,0,1
126,808,8,0,1,0
127,672,754,0,1,0
128,218,743,1,0,1
129,531,0,0,1,0
130,449,874,0,1,0
131,2,180,1,0,0
132,929,253,0,1,0
133,0,274,0,1,0
134,656,616,0,1,0
135,293,440,0,1,0
136,208,207,0,1,0
137,583,558,1,0,0
138,611,700,1,0,1
139,625,151,1,0,1
140,4,421,0,1,0
141,653,666,1,0,1
142,564,392,0,1,0
143,784,162,0,1,0
144,379,623,0,1,0
145,166,83,0,1,0
146,500,582,1,0,0
147,465,680,1,0,0
148,749,346,0,1,0
149,280,184,0,1,0
150,117,206,1,0,1
151,651,396,0,1,0
152,377,442,1,0,1
153,315,351,0,1,0
154,2,901,1,0,0
155,65,117,0,1,0
156,575,565,1,0,0
157,236,291,0,1,0
158,412,720,1,0,0
159,878,607,0,1,0
160,803,731,0,1,0
161,148,569,0,1,0
162,815,806,0,1,0
163,650,199,0,1,0
164,45,533,0,1,0
165,545,857,0,1,0
166,854,333,0,1,0
167,258,223,0,1,0
168,238,8,0,1,0
169,883,3,1,0,0
170,534,668,1,1,0
171,958,501,0,1,0
172,114,260,1,0,0
173,9,926,1,0,0
174,121,908,0,1,0
175,36,64,1,0,0
176,616,407,0,1,0
177,382,421,0,1,0
178,401,629,0,1,0
179,709,4,0,1,0
180,512,79,0,1,0
181,963,587,0,1,0
182,455,881,0,1,0
183,744,258,1,0,0
184,309,301,1,0,0
185,528,46,1,0,0
186,852,327,1,0,1
187,691,475,0,1,0
188,394,990,0,1,0
189,857,59,1,0,0
190,945,529,0,1,0
191,950,1,0,1,0
192,915,232,0,1,0
193,459,219,0,1,0
194,3,537,0,1,0
195,504,326,0,1,0
196,8,676,1,0,1
197,966,990,1,0,0
198,769,936,0,1,0
199,822,570,0,1,0
200,498,594,1,0,0
201,189,812,1,0,0
202,232,854,0,1,0
203,947,1,0,1,0
204,44,732,1,0,0
205,659,938,0,1,0
206,171,301,1,0,1
207,766,312,0,1,0
208,272,626,0,1,0
209,796,59,1,0,1
210,233,990,1,0,0
211,745,777,0,1,0
212,66,576,0,1,0
213,597,799,0,1,0
214,990,506,1,0,0
215,514,724,1,0,0
216,310,57,0,1,0
217,387,273,0,1,0
218,625,423,0,1,0
219,309,10,1,0,1
220,2,785,0,0,1
221,728,176,0,1,0
222,3,550,0,1,0
223,395,142,0,1,0
224,285,465,0,1,0
225,665,665,0,1,0
226,334,546,1,1,0
227,480,657,1,0,0
228,943,710,0,1,0
229,440,319,1,1,0
230,266,158,0,1,0
231,962,166,1,0,0
232,816,150,1,0,0
233,219,760,0,1,0
234,459,634,0,1,0
235,678,489,0,1,0
236,341,874,0,1,0
237,308,2,0,1,0
238,532,405,1,0,0
239,248,904,0,1,0
240,268,100,0,0,1
241,278,920,0,1,0
242,313,266,0,1,0
243,212,368,1,0,1
244,235,849,0,1,0
245,829,607,1,0,1
246,770,184,1,0,1
247,551,865,0,1,0
248,321,2,0,1,0
249,678,783,0,1,0
250,870,580,0,1,0
251,913,642,1,0,1
252,721,641,0,1,0
253,669,54,1,0,0
254,189,268,1,0,0
255,95,471,0,1,0
256,629,429,1,1,0
257,727,600,0,1,0
258,584,613,1,0,0
259,777,825,1,0,1
260,828,474,0,1,0
261,538,512,1,1,0
262,0,515,0,1,0
263,890,633,0,1,0
264,100,606,0,1,0
265,183,375,0,1,0
266,72,931,1,0,0
267,251,47,0,0,1
268,733,130,0,1,0
269,892,4,1,0,0
270,854,665,1,0,1
271,743,277,1,0,0
272,872,959,1,0,1
273,494,684,1,0,0
274,117,401,1,0,1
275,137,975,0,1,0
276,511,126,0,0,1
277,669,608,1,1,0
278,532,478,1,0,0
279,384,9,1,0,0
280,265,245,0,1,0
281,198,707,0,1,0
282,468,641,1,1,0
283,990,904,1,0,0
284,816,749,0,1,0
285,821,0,0,1,0
286,890,967,1,0,1
287,1,39,0,1,0
288,4,695,0,1,0
289,119,735,0,1,0
290,567,382,0,1,0
291,838,125,1,0,1
292,67,871,1,0,0
293,8,244,0,1,0
294,58,847,1,1,0
295,227,672,0,1,0
296,254,718,0,1,0
297,342,135,0,1,0
298,687,731,0,1,0
299,101,270,1,0,1
300,452,703,1,0,1
301,690,562,1,0,1
302,149,143,0,0,1
303,9,498,0,1,0
304,551,265,0,1,0
305,942,3,1,1,0
306,707,128,0,1,0
307,592,277,1,0,1
308,838,10,1,0,0
309,446,280,1,0,1
310,841,328,0,1,0
311,739,491,0,1,0
312,248,763,0,1,0
313,352,9,1,0,0
314,4,244,0,1,0
315,846,747,0,1,0
316,5,790,0,1,0
317,768,753,0,0,1
318,578,780,0,1,0
319,61,990,1,0,0
320,727,855,0,1,0
321,780,588,1,0,1
322,779,761,0,1,0
323,836,659,1,0,1
324,4,503,0,1,0
325,571,873,0,1,0
326,341,58,0,1,0
327,806,491,0,1,0
328,133,484,0,1,0
329,108,449,0,1,0
330,616,800,0,1,0
331,8,150,0,1,0
332,703,934,0,1,0
333,199,923,0,1,0
334,219,404,0,1,0
335,814,662,0,1,0
336,837,306,0,1,0
337,387,94,0,1,0
338,758,4,0,1,0
339,2,707,1,0,0
340,913,646,0,1,0
341,812,686,0,1,0
342,507,654,1,0,0
343,557,3,0,1,0
344,956,951,1,0,0
345,440,593,1,0,0
346,191,265,1,0,1
347,305,462,0,1,0
348,338,454,0,1,0
349,784,137,0,1,0
350,61,838,1,0,1
351,475,283,1,0,1
352,332,894,0,1,0
353,842,792,0,1,0
354,908,950,0,1,0
355,6,791,1,0,1
356,105,696,0,1,0
357,113,414,0,1,0
358,548,600,1,0,0
359,642,911,0,1,0
360,352,337,0,1,0
361,0,816,0,1,0
362,713,7,0,1,0
363,630,314,1,0,1
364,896,878,0,1,0
365,826,850,0,1,0
366,342,183,0,1,0
367,421,640,0,1,0
368,216,395,0,1,0
369,171,448,1,0,1
370,670,881,0,1,0
371,1,886,1,0,0
372,765,628,1,0,1
373,357,976,0,1,0
374,863,921,0,1,0
375,511,158,0,1,0
376,213,781,0,1,0
377,492,842,0,1,0
378,509,645,1,0,0
379,101,793,1,0,0
380,804,395,0,1,0
381,825,650,1,0,1
382,701,426,0,1,0
383,462,10,1,0,0
384,841,155,1,0,0
385,438,7,1,0,1
386,886,762,0,1,0
387,303,102,1,0,0
388,751,4,0,1,0
389,377,128,1,0,1
390,5,21,0,1,0
391,78,899,1,0,0
392,191,70,0,1,0
393,288,828,0,1,0
394,754,551,0,1,0
395,257,3,1,0,0
396,75,500,0,1,0
397,6,827,0,1,0
398,215,165,0,1,0
399,663,112,1,0,0
400,531,436,1,0,0
401,739,537,0,0,1
402,352,494,0,1,0
403,321,77,0,1,0
404,154,568,0,1,0
405,901,171,1,0,0
406,744,484,0,1,0
407,311,505,0,1,0
408,1,755,1,0,0
409,615,95,0,1,0
410,293,633,1,0,1
411,447,10,1,0,1
412,539,302,0,1,0
413,750,798,0,1,0
414,219,828,0,1,0
415,490,251,1,0,1
416,149,535,0,1,0
417,541,886,0,1,0
418,304,845,0,1,0
419,406,260,0,1,0
420,708,541,0,1,0
421,868,763,0,1,0
422,73,717,1,0,1
423,304,81,1,0,1
424,158,344,0,1,0
425,142,408,0,1,0
426,75,798,0,1,0
427,347,557,1,0,1
428,980,5,1,0,0
429,575,964,0,1,0
430,345,140,0,1,0
431,560,695,0,1,0
432,888,298,0,1,0
433,857,478,1,0,1
434,410,805,1,0,0
435,818,389,0,1,0
436,488,10,1,0,0
437,806,601,0,1,0
438,508,634,1,0,0
439,861,178,1,0,0
440,298,65,0,1,0
441,726,561,1,0,1
442,433,471,1,0,0
443,226,259,0,1,0
444,97,216,0,0,1
445,262,452,0,1,0
446,803,696,0,1,0
447,402,943,0,1,0
448,673,79,1,0,0
449,97,266,1,0,0
450,916,320,0,1,0
451,301,1,0,1,0
452,958,118,1,0,1
453,209,671,1,1,0
454,618,638,0,1,0
455,614,248,0,1,0
456,990,900,1,0,0
457,650,390,0,1,0
458,336,800,0,1,0
459,10,840,1,0,0
460,978,0,1,0,0
461,416,405,1,0,1
462,616,558,1,0,1
463,832,540,1,0,1
464,548,814,0,1,0
465,824,499,0,1,0
466,257,156,1,1,0
467,461,426,1,0,0
468,27,0,1,0,1
469,720,384,0,1,0
470,689,3,0,1,0
471,3,530,0,1,0
472,854,8,1,0,0
473,5,564,1,0,1
474,271,95,0,0,1
475,336,4,1,0,1
476,330,366,0,1,0
477,488,471,1,0,0
478,374,857,1,0,1
479,777,219,1,0,0
480,831,438,0,1,0
481,264,238,1,0,1
482,250,791,1,0,1
483,547,926,0,1,0
484,923,747,0,1,0
485,613,605,0,1,0
486,342,474,0,1,0
487,121,573,0,0,1
488,365,781,1,0,0
489,607,379,1,0,1
490,890,837,1,0,1
491,377,306,0,1,0
492,990,15,1,0,0
493,783,112,0,1,0
494,548,263,0,1,0
495,116,566,0,1,0
496,157,145,0,1,0
497,605,431,0,1,0
498,144,758,1,1,0
499,893,252,1,0,1
500,309,229,1,0,1
501,121,956,1,0,0
502,567,6,0,1,0
503,754,7,0,1,0
504,245,360,0,1,0
505,620,471,1,0,1
506,724,719,1,0,1
507,609,360,0,1,0
508,355,111,0,1,0
509,107,633,0,1,0
510,553,8,1,0,1
511,885,518,0,1,0
512,907,169,1,0,0
513,65,677,1,0,1
514,643,180,0,1,0
515,127,100,0,1,0
516,813,395,0,1,0
517,586,168,0,1,0
518,631,242,0,1,0
519,386,93,0,1,0
520,722,669,0,1,0
521,902,88,0,1,0
522,293,578,1,0,1
523,491,736,1,0,0
524,804,859,0,1,0
525,607,405,1,0,1
526,3,37,0,1,0
527,395,398,1,1,0
528,754,4,0,1,0
529,289,547,1,0,1
530,891,527,1,0,1
531,488,719,1,0,0
532,103,905,0,1,0
533,66,199,0,1,0
534,837,410,0,1,0
535,237,874,0,1,0
536,870,672,0,1,0
537,355,565,0,1,0
538,425,155,0,1,0
539,561,383,1,0,1
540,509,704,0,1,0
541,505,698,0,1,0
542,686,487,0,1,0
543,1,46,0,1,0
544,318,293,1,0,0
545,52,3,1,0,0
546,123,423,0,1,0
547,437,427,1,1,0
548,64,743,1,1,0
549,603,559,0,1,0
550,773,381,0,1,0
551,263,923,1,0,0
552,908,312,1,0,1
553,378,872,1,1,0
554,527,762,1,0,0
555,172,859,0,1,0
556,337,588,0,1,0
557,299,0,0,1,0
558,868,576,1,0,1
559,724,536,0,1,0
560,771,650,0,1,0
561,690,738,0,1,0
562,890,617,0,1,0
563,435,990,0,1,0
564,3,142,1,0,1
565,202,715,1,0,0
566,173,103,0,1,0
567,264,364,0,1,0
568,747,104,0,1,0
569,180,966,0,1,0
570,814,637,1,0,1
571,283,644,1,1,0
572,536,310,0,1,0
573,217,539,1,0,1
574,872,501,0,1,0
575,497,204,0,1,0
576,40,902,1,0,0
577,320,840,1,0,1
578,176,183,0,1,0
579,748,132,0,1,0
580,226,778,1,1,0
581,3,370,1,0,0
582,385,311,0,1,0
583,517,939,0,1,0
584,301,225,1,0,1
585,134,543,0,1,0
586,783,338,0,1,0
587,801,1,0,1,0
588,259,565,0,1,0
589,545,791,0,1,0
590,435,315,0,1,0
591,821,349,1,0,1
592,820,852,0,1,0
593,272,687,0,1,0
594,779,593,0,1,0
595,564,890,1,0,1
596,296,839,0,1,0
597,742,594,0,1,0
598,138,323,0,1,0
599,79,367,0,1,0
600,927,260,0,1,0
601,716,792,0,1,0
602,755,456,0,1,0
603,9,429,0,1,0
604,528,82,0,1,0
605,376,421,0,1,0
606,811,5,1,0,1
607,144,339,0,1,0
608,550,665,1,0,0
609,322,391,0,1,0
610,771,944,0,1,0
611,436,285,0,1,0
612,330,869,0,1,0
613,68,540,0,1,0
614,612,731,1,0,1
615,507,4,0,1,0
616,938,791,1,0,0
617,718,627,0,1,0
618,457,220,0,1,0
619,645,201,0,1,0
620,0,76,0,1,0
621,529,319,0,1,0
622,539,9,0,1,0
623,142,332,0,1,0
624,708,377,1,0,1
625,250,475,0,1,0
626,6,20,0,1,0
627,179,352,0,1,0
628,833,5,1,0,0
629,654,648,0,1,0
630,767,508,0,1,0
631,908,969,1,1,0
632,990,792,1,0,0
633,199,285,0,1,0
634,876,292,0,1,0
635,514,866,0,1,0
636,793,834,0,1,0
637,172,469,0,1,0
638,386,539,1,0,0
639,637,353,1,0,1
640,163,746,1,1,0
641,3,586,0,1,0
642,2,967,0,1,0
643,911,577,0,1,0
644,463,252,0,1,0
645,80,187,0,1,0
646,623,212,0,1,0
647,2,644,0,1,0
648,84,307,0,1,0
649,706,405,0,1,0
650,954,990,0,1,0
651,801,319,0,1,0
652,253,411,0,1,0
653,219,3,1,0,0
654,7,824,0,1,0
655,508,7,0,1,0
656,397,403,0,1,0
657,621,230,0,1,0
658,289,705,0,1,0
659,254,45,1,0,1
660,271,124,1,0,1
661,334,597,1,0,1
662,318,97,1,1,0
663,714,412,0,1,0
664,119,623,0,1,0
665,235,515,0,1,0
666,129,413,0,1,0
667,564,120,0,1,0
668,909,643,0,1,0
669,921,0,1,0,0
670,229,379,0,1,0
671,817,692,0,1,0
672,907,655,0,1,0
673,792,303,1,0,1
674,703,310,0,1,0
675,618,556,1,0,0
676,823,871,0,1,0
677,880,916,0,1,0
678,481,385,1,0,0
679,5,147,0,1,0
680,559,495,1,0,0
681,489,9,1,0,0
682,183,744,1,0,0
683,8,604,0,1,0
684,199,79,0,1,0
685,392,173,1,0,1
686,890,91,0,1,0
687,802,548,1,0,1
688,556,794,0,1,0
689,825,723,1,0,1
690,607,548,1,1,0
691,276,765,0,1,0
692,859,744,0,1,0
693,477,872,0,1,0
694,697,266,1,0,0
695,643,406,0,1,0
696,787,387,1,0,1
697,551,340,0,1,0
698,201,447,1,0,1
699,147,671,0,1,0
700,757,304,1,0,1
701,88,928,1,0,0
702,514,425,0,1,0
703,397,7,1,0,0
704,265,841,0,1,0
705,8,645,0,1,0
706,569,963,1,0,1
707,526,680,1,1,0
708,852,269,0,1,0
709,536,10,0,1,0
710,691,172,0,1,0
711,404,582,1,0,0
712,7,579,0,1,0
713,884,826,0,1,0
714,879,414,0,1,0
715,582,7,0,1,0
716,84,850,0,1,0
717,774,714,1,0,1
718,401,392,1,0,1
719,648,890,0,1,0
720,402,414,0,1,0
721,801,98,1,0,0
722,970,151,1,0,0
723,914,900,0,1,0
724,136,825,0,1,0
725,543,208,0,1,0
726,310,469,0,1,0
727,9,951,1,0,0
728,489,845,0,0,1
729,1,523,0,1,0
730,178,190,1,1,0
731,148,724,0,1,0
732,510,807,1,0,1
733,445,137,1,0,1
734,6,268,0,1,0
735,171,585,0,1,0
736,535,473,1,0,0
737,199,2,1,0,0
738,29,829,0,1,0
739,125,714,0,1,0
740,107,125,0,1,0
741,937,0,1,1,0
742,696,805,0,1,0
743,348,622,0,1,0
744,837,608,0,1,0
745,464,851,1,0,1
746,174,313,1,0,1
747,3,520,1,0,1
748,500,655,1,0,0
749,908,126,1,0,0
750,990,874,1,0,0
751,934,89,0,1,0
752,315,480,1,0,1
753,2,945,1,0,0
754,512,249,0,1,0
755,503,500,1,0,0
756,870,512,0,1,0
757,884,823,0,1,0
758,487,786,0,1,0
759,1,160,1,0,1
760,597,241,0,1,0
761,566,940,0,1,0
762,651,536,0,1,0
763,795,496,0,1,0
764,334,1,0,1,0
765,382,751,1,0,1
766,724,470,0,1,0
767,264,751,1,1,0
768,946,2,0,1,0
769,351,10,1,0,0
770,384,161,1,0,1
771,348,500,0,1,0
772,876,679,0,1,0
773,915,611,0,1,0
774,849,549,0,1,0
775,572,710,0,1,0
776,860,375,1,0,1
777,153,73,0,1,0
778,938,649,0,1,0
779,118,0,1,0,0
780,237,817,0,1,0
781,631,572,0,1,0
782,372,135,0,1,0
783,186,223,1,0,1
784,228,2,1,0,1
785,739,90,1,0,1
786,887,127,1,0,1
787,600,864,0,1,0
788,10,911,1,0,0
789,77,938,1,0,0
790,545,111,0,1,0
791,184,658,0,1,0
792,2,983,1,0,0
793,8,688,0,1,0
794,216,574,0,1,0
795,915,711,1,0,1
796,418,690,1,0,0
797,953,231,0,1,0
798,904,524,0,1,0
799,868,481,0,1,0
800,472,482,1,0,0
801,280,166,0,1,0
802,382,286,0,1,0
803,266,175,0,1,0
804,501,8,0,1,0
805,780,234,1,0,0
806,885,390,0,1,0
807,420,114,1,0,1
808,812,638,0,1,0
809,2,242,0,1,0
810,827,678,0,1,0
811,690,417,0,1,0
812,865,631,0,1,0
813,160,632,1,0,1
814,823,10,0,1,0
815,509,362,0,1,0
816,540,162,0,1,0
817,381,869,0,1,0
818,693,545,1,0,1
819,794,916,0,1,0
820,149,671,0,1,0
821,531,116,0,1,0
822,248,657,0,1,0
823,990,839,0,1,0
824,46,706,1,0,0
825,535,780,0,1,0
826,399,9,1,0,0
827,648,878,0,1,0
828,595,945,0,1,0
829,729,504,0,1,0
830,620,690,0,1,0
831,574,582,1,0,0
832,241,448,0,1,0
833,161,3,0,1,0
834,10,194,1,0,0
835,777,526,0,1,0
836,454,316,1,0,1
837,914,775,1,1,0
838,41,418,1,0,1
839,970,974,1,0,0
840,239,554,0,1,0
841,384,709,1,0,0
842,259,969,0,1,0
843,545,579,1,0,0
844,152,358,1,0,1
845,698,167,0,1,0
846,445,248,0,1,0
847,192,650,0,1,0
848,889,836,0,1,0
849,989,849,0,1,0
850,593,1,0,1,0
851,419,591,0,1,0
852,318,808,1,0,1
853,176,674,0,1,0
854,470,176,0,1,0
855,196,411,0,1,0
856,429,895,0,1,0
857,313,764,1,0,0
858,416,425,0,0,1
859,914,155,0,1,0
860,412,879,0,1,0
861,784,932,0,1,0
862,8,280,0,1,0
863,764,41,1,0,0
864,189,332,0,1,0
865,260,541,1,0,1
866,101,239,0,1,0
867,91,195,0,1,0
868,670,684,0,1,0
869,686,427,0,1,0
870,678,845,1,0,1
871,365,741,0,1,0
872,54,200,0,1,0
873,915,530,0,1,0
874,677,371,0,1,0
875,913,927,0,1,0
876,957,717,0,1,0
877,227,269,0,1,0
878,935,566,0,1,0
879,599,747,1,1,0
880,357,958,0,1,0
881,473,506,1,0,0
882,6,31,1,0,1
883,845,318,0,1,0
884,1,672,0,1,0
885,566,869,0,1,0
886,482,150,0,1,0
887,353,725,0,1,0
888,582,217,0,1,0
889,177,18,1,0,1
890,580,692,0,1,0
891,490,289,0,1,0
892,936,687,1,0,1
893,22,852,1,0,0
894,516,990,1,1,0
895,93,4,1,0,0
896,859,284,0,1,0
897,765,215,1,0,0
898,318,215,0,1,0
899,87,969,1,0,0
900,471,362,1,1,0
901,587,1,0,1,0
902,272,759,1,0,1
903,639,663,0,1,0
904,959,696,0,1,0
905,661,489,0,1,0
906,0,112,1,0,0
907,263,768,1,0,1
908,206,594,0,1,0
909,72,944,1,0,0
910,990,389,1,0,1
911,189,290,0,1,0
912,601,650,0,1,0
913,605,705,0,1,0
914,562,225,0,1,0
915,632,379,0,1,0
916,786,949,0,1,0
917,389,881,1,0,1
918,0,403,1,0,0
919,566,403,0,1,0
920,571,651,1,1,0
921,293,837,1,0,1
922,631,783,0,1,0
923,683,473,1,0,1
924,569,135,0,1,0
925,436,840,0,1,0
926,980,659,0,1,0
927,217,10,1,0,0
928,684,519,0,1,0
929,836,494,1,0,1
930,418,10,1,0,0
931,909,632,0,1,0
932,159,80,0,1,0
933,491,559,1,0,0
934,924,971,0,1,0
935,151,93,1,0,1
936,778,9,0,1,0
937,657,295,1,1,0
938,425,446,1,0,0
939,384,509,1,0,0
940,379,914,0,1,0
941,112,301,0,1,0
942,701,195,1,0,1
943,701,158,0,1,0
944,909,18,1,0,0
945,171,391,1,0,1
946,488,885,0,1,0
947,630,833,0,1,0
948,0,908,1,0,0
949,953,509,0,1,0
950,383,567,1,0,1
951,244,595,0,1,0
952,428,8,0,1,0
953,508,665,1,0,0
954,625,532,0,1,0
955,180,6,0,1,0
956,340,188,0,1,0
957,389,236,1,0,0
958,396,290,0,1,0
959,792,652,0,1,0
960,601,974,0,1,0
961,227,638,0,1,0
962,731,990,1,0,1
963,282,353,0,1,0
964,61,9,1,0,0
965,337,137,0,1,0
966,510,247,1,0,1
967,7,793,0,1,0
968,267,315,0,0,1
969,73,17,0,1,0
970,8,673,0,1,0
971,486,600,1,0,0
972,519,143,0,1,0
973,761,783,0,1,0
974,1,719,1,0,0
975,337,440,0,1,0
976,806,670,1,0,1
977,309,637,0,1,0
978,495,169,0,1,0
979,259,771,0,1,0
980,726,398,0,1,0
981,628,874,0,1,0
982,446,230,0,1,0
983,431,487,1,0,0
984,205,436,0,1,0
985,430,308,0,1,0
986,585,967,0,1,0
987,721,0,1,0,1
988,528,294,0,1,0
989,112,661,0,1,0
990,76,571,1,0,1
991,691,124,0,1,0
992,228,63,0,1,0
993,5,24,0,1,0
994,186,171,0,1,0
995,705,875,0,1,0
996,647,625,0,1,0
997,68,103,1,0,1
998,709,616,0,1,0
999,704,562,0,1,0
