Index,x,y,alive,infected,immune
0,777,326,0,1,0
1,33,632,1,0,1
2,935,236,0,0,1
3,525,858,1,0,1
4,882,733,0,1,0
5,440,133,0,1,0
6,449,51,0,1,0
7,981,557,0,1,0
8,299,770,1,0,1
9,881,600,0,1,0
10,405,128,0,1,0
11,664,165,0,1,0
12,545,948,0,1,0
13,78,293,0,1,0
14,851,297,0,1,0
15,92,805,0,1,0
16,510,310,1,0,1
17,781,621,0,1,0
18,968,201,0,1,0
19,606,851,0,1,0
20,965,625,0,1,0
21,345,367,0,1,0
22,470,795,0,1,0
23,249,57,1,0,1
24,193,417,0,1,0
25,2,153,0,1,0
26,795,5,0,1,0
27,681,467,0,1,0
28,125,129,0,1,0
29,519,925,0,1,0
30,695,723,0,1,0
31,561,8,0,1,0
32,764,874,1,0,1
33,943,369,1,0,1
34,244,892,0,1,0
35,281,6,0,1,0
36,629,4,1,0,1
37,898,716,0,1,0
38,45,556,0,1,0
39,413,748,0,1,0
40,172,56,0,1,0
41,696,510,1,0,1
42,495,169,1,0,1
43,120,427,0,1,0
44,433,296,0,1,0
45,186,140,0,1,0
46,539,890,1,0,1
47,742,586,0,1,0
48,706,338,0,1,0
49,399,171,0,1,0
50,490,926,0,1,0
51,910,720,0,1,0
52,113,397,0,1,0
53,125,383,0,1,0
54,290,881,0,1,0
55,581,332,0,0,1
56,723,183,0,1,0
57,544,277,0,1,0
58,160,381,0,1,0
59,990,407,0,1,0
60,230,555,0,1,0
61,594,9,0,1,0
62,356,971,0,1,0
63,159,471,0,1,0
64,0,962,0,1,0
65,978,349,1,0,1
66,64,818,0,1,0
67,787,821,0,1,0
68,613,740,0,1,0
69,676,946,0,1,0
70,598,790,0,1,0
71,745,22,0,1,0
72,590,808,0,1,0
73,617,755,0,1,0
74,335,0,0,1,0
75,990,163,1,0,1
76,148,351,0,1,0
77,418,256,1,0,1
78,333,718,1,0,1
79,907,107,0,1,0
80,113,510,0,1,0
81,803,832,0,1,0
82,195,157,0,1,0
83,219,920,0,1,0
84,355,539,0,1,0
85,193,372,0,1,0
86,391,701,1,0,1
87,842,594,0,1,0
88,553,168,0,1,0
89,631,938,0,1,0
90,318,196,0,1,0
91,226,504,0,1,0
92,265,440,0,1,0
93,472,892,0,1,0
94,656,445,0,1,0
95,194,942,0,1,0
96,714,931,0,1,0
97,613,522,0,1,0
98,78,47,0,1,0
99,642,170,0,1,0
100,232,298,1,1,0
101,813,401,1,0,0
102,676,873,1,1,0
103,1,33,0,0,1
104,660,480,1,0,1
105,561,599,1,0,0
106,865,234,1,0,0
107,631,219,0,1,0
108,886,401,0,1,0
109,818,612,1,1,0
110,346,851,1,0,0
111,3,776,0,1,0
112,743,465,1,1,0
113,864,351,0,1,0
114,584,344,0,1,0
115,874,545,0,1,0
116,107,965,1,0,0
117,716,853,0,1,0
118,413,2,1,0,0
119,159,747,1,0,0
120,672,515,1,1,0
121,853,488,0,1,0
122,8,481,1,0,0
123,677,103,1,0,0
124,308,345,1,0,0
125,842,625,1,0,1
126,808,1,0,1,0
127,644,773,1,0,0
128,223,733,1,0,0
129,531,2,0,1,0
130,402,786,1,0,0
131,9,180,1,0,0
132,923,261,0,1,0
133,63,264,0,1,0
134,663,571,0,1,0
135,290,432,1,1,0
136,213,245,1,1,0
137,566,602,1,0,0
138,671,723,1,1,0
139,588,147,1,0,1
140,7,421,0,1,0
141,598,699,1,0,0
142,508,354,1,0,0
143,776,105,0,1,0
144,402,694,1,0,0
145,193,59,0,1,0
146,531,517,1,0,0
147,436,652,1,0,0
148,692,374,0,1,0
149,299,175,0,1,0
150,84,186,1,0,1
151,640,378,1,1,0
152,376,416,1,1,0
153,372,361,1,1,0
154,1,901,1,0,0
155,111,146,0,1,0
156,579,546,1,0,0
157,155,289,0,1,0
158,383,708,1,0,0
159,859,599,0,1,0
160,804,721,0,1,0
161,118,576,1,1,0
162,733,780,1,0,0
163,620,186,0,1,0
164,76,546,0,1,0
165,545,833,0,1,0
166,878,256,1,0,0
167,295,208,0,1,0
168,238,8,1,0,0
169,865,945,1,0,0
170,521,704,1,0,0
171,934,526,0,1,0
172,156,238,1,0,0
173,4,926,1,0,0
174,73,846,1,0,0
175,63,92,1,0,0
176,599,394,0,1,0
177,363,436,0,1,0
178,375,640,1,1,0
179,709,0,1,1,0
180,553,101,1,1,0
181,967,610,0,1,0
182,426,926,1,0,0
183,779,242,1,0,0
184,313,294,1,0,0
185,532,81,1,0,0
186,814,386,1,0,1
187,671,480,0,1,0
188,408,961,1,0,0
189,837,97,1,0,0
190,953,551,1,0,0
191,932,974,1,0,0
192,939,236,0,1,0
193,505,251,0,1,0
194,984,533,0,1,0
195,510,259,0,1,0
196,0,676,1,0,1
197,979,941,1,0,0
198,762,881,1,0,0
199,827,602,0,1,0
200,548,590,1,0,0
201,167,788,1,0,0
202,284,860,0,1,0
203,947,9,1,0,0
204,35,739,1,0,0
205,659,932,0,1,0
206,231,335,1,0,0
207,755,318,1,1,0
208,265,583,1,0,0
209,777,105,1,1,0
210,233,990,1,0,0
211,724,770,1,0,0
212,91,608,0,1,0
213,613,782,0,1,0
214,990,506,1,0,0
215,528,764,1,0,0
216,276,67,0,1,0
217,357,254,0,1,0
218,627,416,0,1,0
219,309,10,1,0,0
220,9,785,1,1,0
221,781,140,0,1,0
222,7,550,1,0,0
223,353,174,0,1,0
224,274,460,0,1,0
225,653,647,1,0,0
226,400,541,1,0,0
227,528,662,1,0,0
228,940,727,0,1,0
229,429,348,1,0,0
230,270,179,1,1,0
231,933,165,1,0,0
232,819,124,1,0,0
233,232,755,1,0,0
234,371,635,0,1,0
235,650,498,0,1,0
236,341,871,1,0,0
237,308,4,1,0,0
238,491,404,1,0,0
239,221,903,0,1,0
240,234,94,0,0,1
241,279,884,0,1,0
242,327,247,0,1,0
243,205,308,1,0,1
244,270,892,0,1,0
245,850,604,1,0,1
246,729,126,1,1,0
247,550,852,0,1,0
248,321,2,0,1,0
249,690,837,0,1,0
250,843,569,0,1,0
251,873,688,1,0,1
252,718,703,0,1,0
253,600,37,1,0,0
254,153,256,1,0,0
255,115,467,0,1,0
256,635,374,1,0,0
257,720,596,0,1,0
258,566,556,1,0,0
259,768,828,1,1,0
260,848,523,0,1,0
261,472,540,1,0,0
262,2,515,0,1,0
263,965,629,0,1,0
264,82,619,0,1,0
265,175,354,1,1,0
266,84,891,1,0,0
267,267,47,1,1,0
268,751,137,0,1,0
269,892,4,1,0,0
270,819,687,1,1,0
271,741,226,1,0,0
272,847,952,1,0,1
273,516,697,1,0,0
274,155,430,1,0,1
275,166,921,0,1,0
276,461,48,0,0,1
277,624,643,1,0,0
278,529,527,1,0,0
279,384,0,1,0,0
280,220,264,1,0,0
281,188,715,1,0,0
282,511,691,1,0,0
283,958,876,1,0,0
284,786,758,1,1,0
285,821,1,1,0,0
286,879,954,1,0,1
287,6,39,0,1,0
288,0,695,1,0,0
289,215,727,1,0,0
290,551,357,1,1,0
291,905,102,1,1,0
292,65,856,1,0,0
293,1,244,1,0,0
294,43,863,1,0,0
295,229,651,1,0,0
296,215,714,1,0,0
297,366,165,0,1,0
298,726,732,0,1,0
299,77,295,1,1,0
300,446,761,1,1,0
301,679,578,1,1,0
302,105,172,0,0,1
303,9,498,0,1,0
304,590,265,0,1,0
305,942,7,1,0,0
306,746,132,0,1,0
307,616,272,1,0,1
308,838,10,1,0,0
309,476,322,1,0,1
310,923,336,1,0,0
311,725,460,1,1,0
312,199,751,1,1,0
313,352,9,1,0,0
314,2,244,1,0,0
315,900,685,0,1,0
316,1,790,1,1,0
317,767,729,0,0,1
318,544,692,1,0,0
319,61,990,1,0,0
320,644,857,1,0,0
321,790,632,1,0,1
322,819,726,0,1,0
323,771,627,1,0,1
324,0,503,0,1,0
325,626,804,0,1,0
326,366,101,1,0,0
327,855,473,1,0,0
328,127,468,1,1,0
329,171,461,1,0,0
330,687,790,1,0,0
331,0,150,0,1,0
332,688,924,0,1,0
333,202,905,0,1,0
334,253,428,1,1,0
335,826,699,0,1,0
336,843,304,1,1,0
337,448,82,0,1,0
338,758,6,0,1,0
339,5,707,1,0,0
340,875,606,0,1,0
341,789,692,1,0,0
342,488,663,1,0,0
343,557,0,0,1,0
344,971,964,1,0,0
345,474,579,1,0,0
346,193,290,1,1,0
347,304,478,0,1,0
348,275,448,0,1,0
349,795,168,1,0,0
350,87,804,1,1,0
351,549,283,1,0,1
352,424,875,1,0,0
353,785,740,1,0,0
354,887,908,1,1,0
355,80,775,1,1,0
356,133,697,1,0,0
357,97,428,0,1,0
358,561,642,1,0,0
359,608,941,0,1,0
360,328,410,0,1,0
361,8,816,1,0,0
362,713,3,0,1,0
363,666,374,1,1,0
364,849,894,1,1,0
365,835,823,0,1,0
366,324,131,0,1,0
367,431,702,1,0,0
368,241,419,1,0,0
369,134,485,1,0,1
370,670,881,0,1,0
371,9,886,1,0,0
372,733,551,1,0,1
373,368,926,0,1,0
374,870,862,0,1,0
375,487,165,0,1,0
376,154,792,1,0,0
377,495,823,0,1,0
378,498,644,1,0,0
379,130,795,1,0,0
380,774,363,0,1,0
381,809,684,1,0,1
382,779,405,0,1,0
383,462,10,1,0,0
384,866,168,1,0,0
385,438,9,1,1,0
386,879,745,0,1,0
387,282,116,1,0,0
388,751,0,0,1,0
389,391,145,1,0,1
390,1,21,0,1,0
391,70,896,1,0,0
392,198,114,0,1,0
393,267,841,0,1,0
394,740,549,0,1,0
395,257,1,1,0,0
396,71,482,1,0,0
397,936,826,1,0,0
398,187,166,0,1,0
399,687,76,1,0,0
400,536,397,1,0,0
401,730,574,0,0,1
402,300,468,1,1,0
403,303,63,1,1,0
404,256,628,1,0,0
405,887,179,1,0,0
406,778,481,1,1,0
407,311,503,0,1,0
408,2,755,1,0,0
409,604,100,1,0,0
410,258,683,1,0,1
411,447,10,1,1,0
412,494,343,1,0,0
413,718,866,0,1,0
414,242,784,1,1,0
415,498,207,1,1,0
416,116,557,0,1,0
417,476,919,0,1,0
418,283,860,0,1,0
419,373,295,1,1,0
420,721,478,1,0,0
421,853,756,0,1,0
422,22,673,1,1,0
423,382,92,1,1,0
424,117,312,0,1,0
425,129,370,0,1,0
426,35,793,0,1,0
427,355,600,1,0,0
428,980,4,1,0,0
429,581,977,0,1,0
430,328,98,1,0,0
431,567,708,1,0,0
432,916,284,1,0,0
433,855,453,1,0,0
434,389,776,1,0,0
435,832,406,1,0,0
436,488,10,1,0,0
437,836,647,0,1,0
438,492,592,1,0,0
439,866,206,1,0,0
440,290,71,0,1,0
441,745,532,1,0,1
442,444,482,1,0,0
443,264,327,1,0,0
444,169,234,1,0,0
445,265,435,1,1,0
446,825,691,0,1,0
447,446,917,0,1,0
448,702,98,1,0,0
449,112,256,1,0,0
450,912,334,1,1,0
451,313,978,0,1,0
452,943,115,1,1,0
453,192,714,1,0,0
454,567,681,1,0,0
455,598,306,0,1,0
456,990,900,1,0,0
457,635,342,0,1,0
458,331,753,0,1,0
459,10,840,1,0,0
460,978,4,1,0,0
461,394,469,1,0,0
462,606,563,1,0,1
463,809,430,1,0,0
464,570,835,0,1,0
465,807,544,0,1,0
466,293,142,1,0,0
467,473,425,1,0,0
468,27,6,1,0,1
469,677,378,0,1,0
470,689,5,0,1,0
471,21,528,0,1,0
472,854,4,1,0,0
473,4,564,1,0,0
474,254,115,0,0,1
475,336,3,1,0,1
476,348,383,1,0,0
477,491,501,1,0,0
478,373,901,1,0,1
479,826,250,1,0,0
480,866,440,1,0,0
481,299,270,1,1,0
482,216,869,1,0,1
483,479,899,0,1,0
484,945,729,0,1,0
485,646,600,0,1,0
486,307,434,0,1,0
487,117,642,1,1,0
488,344,798,1,0,0
489,570,340,1,0,1
490,891,856,1,0,1
491,359,294,0,1,0
492,990,15,1,0,0
493,791,106,1,0,0
494,585,260,0,1,0
495,115,606,0,1,0
496,112,96,1,0,0
497,615,481,0,1,0
498,156,740,1,0,0
499,961,242,1,1,0
500,327,249,1,1,0
501,126,934,1,0,0
502,567,1,0,1,0
503,754,7,0,1,0
504,248,319,1,0,0
505,656,472,1,0,1
506,759,739,1,1,0
507,618,341,0,1,0
508,430,100,0,1,0
509,114,630,0,1,0
510,553,4,1,0,1
511,876,531,0,1,0
512,926,208,1,0,0
513,103,695,1,0,0
514,629,168,0,1,0
515,131,115,0,1,0
516,836,429,1,0,0
517,593,115,0,1,0
518,601,256,0,1,0
519,414,130,0,1,0
520,802,648,0,1,0
521,871,139,1,0,0
522,355,621,1,1,0
523,474,693,1,0,0
524,847,874,0,1,0
525,584,396,1,0,0
526,8,37,0,1,0
527,434,379,1,0,0
528,754,5,0,1,0
529,321,530,1,0,1
530,923,605,1,0,1
531,470,745,1,0,0
532,122,892,0,1,0
533,132,189,0,1,0
534,851,453,1,0,0
535,234,873,0,1,0
536,852,650,0,1,0
537,396,600,1,0,0
538,414,104,1,0,0
539,554,351,1,1,0
540,513,668,1,0,0
541,549,655,1,0,0
542,681,453,1,1,0
543,962,72,1,0,0
544,330,259,1,0,0
545,56,967,1,0,0
546,130,381,0,1,0
547,438,441,1,0,0
548,67,735,1,0,0
549,620,529,0,1,0
550,790,416,0,1,0
551,224,959,1,0,0
552,893,327,1,0,1
553,387,813,1,0,0
554,476,718,1,0,0
555,151,867,1,1,0
556,326,647,1,1,0
557,307,961,0,1,0
558,834,602,1,0,1
559,763,499,0,1,0
560,737,632,1,0,0
561,636,713,0,1,0
562,868,618,0,1,0
563,395,905,0,1,0
564,6,142,1,0,1
565,231,724,1,0,0
566,231,122,0,1,0
567,261,344,1,0,0
568,731,127,1,1,0
569,152,939,1,0,0
570,816,608,1,0,1
571,285,648,1,0,0
572,533,264,0,1,0
573,234,620,1,0,0
574,885,454,1,0,0
575,508,178,0,1,0
576,103,869,1,0,0
577,327,841,1,0,0
578,209,171,1,0,0
579,741,144,0,1,0
580,185,799,1,0,0
581,2,370,1,0,0
582,368,335,1,0,0
583,514,929,0,1,0
584,244,167,1,1,0
585,155,568,1,0,0
586,808,280,1,0,0
587,801,4,0,1,0
588,186,497,1,0,0
589,571,751,1,0,0
590,555,368,1,1,0
591,814,407,1,0,0
592,812,867,0,1,0
593,257,709,1,1,0
594,763,604,0,1,0
595,536,919,1,0,1
596,298,856,0,1,0
597,757,512,1,1,0
598,158,249,1,0,0
599,130,455,0,1,0
600,915,238,1,1,0
601,770,786,0,1,0
602,749,524,0,1,0
603,3,429,0,1,0
604,585,107,0,1,0
605,369,427,0,1,0
606,806,969,1,0,0
607,145,338,0,1,0
608,568,647,1,0,0
609,273,352,1,0,0
610,760,879,1,0,0
611,381,245,1,0,0
612,246,878,0,1,0
613,60,535,0,1,0
614,633,805,1,0,0
615,507,9,0,1,0
616,952,765,1,0,0
617,703,573,0,1,0
618,472,228,0,1,0
619,668,226,0,1,0
620,965,104,0,1,0
621,498,367,1,0,0
622,539,2,0,1,0
623,170,310,1,0,0
624,741,377,1,1,0
625,285,531,1,0,0
626,5,20,0,1,0
627,165,316,1,1,0
628,833,5,1,0,0
629,651,746,0,1,0
630,744,482,0,1,0
631,917,968,1,0,0
632,958,805,1,0,0
633,203,322,0,1,0
634,879,269,1,1,0
635,471,921,0,1,0
636,791,873,0,1,0
637,134,435,0,1,0
638,373,491,1,0,0
639,634,360,1,1,0
640,122,762,1,0,0
641,981,595,0,1,0
642,7,967,0,1,0
643,879,594,0,1,0
644,430,264,0,1,0
645,67,211,0,1,0
646,551,271,1,0,0
647,4,644,0,1,0
648,60,328,0,1,0
649,690,443,0,1,0
650,954,990,1,0,0
651,801,326,1,1,0
652,237,423,1,1,0
653,219,9,1,0,0
654,0,824,1,0,0
655,508,0,0,1,0
656,460,424,1,0,0
657,586,207,0,1,0
658,288,735,0,1,0
659,217,45,1,0,0
660,309,84,1,1,0
661,343,650,1,1,0
662,356,59,1,0,0
663,733,453,0,1,0
664,109,710,1,0,0
665,226,548,1,1,0
666,144,401,0,1,0
667,630,142,1,0,0
668,886,631,0,1,0
669,921,2,1,0,0
670,163,305,0,1,0
671,775,714,1,0,0
672,899,695,0,1,0
673,808,302,1,0,1
674,704,268,0,1,0
675,621,579,1,0,0
676,802,789,1,0,0
677,928,914,1,0,0
678,434,389,1,0,0
679,3,147,0,1,0
680,564,496,1,0,0
681,489,7,1,0,0
682,195,655,1,0,0
683,51,608,0,1,0
684,198,107,0,1,0
685,359,140,1,0,1
686,914,117,0,1,0
687,832,479,1,1,0
688,584,768,0,1,0
689,779,684,1,1,0
690,599,609,1,0,0
691,286,700,0,1,0
692,771,774,0,1,0
693,539,886,0,1,0
694,735,292,1,0,0
695,622,435,0,1,0
696,837,408,1,0,1
697,558,367,0,1,0
698,239,448,1,1,0
699,159,745,1,0,0
700,723,313,1,0,0
701,42,937,1,0,0
702,543,422,1,0,0
703,397,7,1,0,0
704,353,890,0,1,0
705,5,645,1,1,0
706,545,919,1,0,1
707,505,715,1,0,0
708,836,281,0,1,0
709,536,10,1,1,0
710,643,203,0,1,0
711,438,579,1,0,0
712,7,579,1,0,0
713,874,874,0,1,0
714,866,429,1,0,0
715,582,6,0,1,0
716,87,767,1,0,0
717,761,702,1,0,0
718,378,407,1,1,0
719,605,896,0,1,0
720,352,416,1,0,0
721,804,112,1,0,0
722,932,173,1,0,0
723,881,908,0,1,0
724,65,812,0,1,0
725,545,202,1,0,0
726,369,440,1,1,0
727,5,951,1,0,0
728,421,760,1,1,0
729,2,523,0,1,0
730,171,221,1,0,0
731,94,692,1,0,0
732,537,860,1,0,1
733,359,178,1,0,1
734,7,268,1,0,0
735,253,556,1,1,0
736,544,486,1,0,0
737,199,3,1,0,0
738,67,854,1,0,0
739,131,711,1,0,0
740,61,156,0,1,0
741,937,4,1,0,0
742,716,839,0,1,0
743,324,660,1,1,0
744,878,585,0,1,0
745,411,829,1,0,1
746,147,323,1,1,0
747,1,520,1,1,0
748,461,630,1,0,0
749,915,150,1,0,0
750,990,874,1,0,0
751,880,61,1,0,0
752,304,442,1,0,1
753,4,945,1,0,0
754,575,235,0,1,0
755,474,487,1,0,0
756,876,497,0,1,0
757,880,796,0,1,0
758,484,797,1,1,0
759,5,160,1,0,1
760,617,201,0,1,0
761,546,928,0,1,0
762,637,561,0,1,0
763,866,469,1,0,0
764,334,9,0,1,0
765,437,739,1,0,0
766,742,444,1,1,0
767,172,696,1,0,0
768,946,1,1,0,0
769,351,10,1,0,0
770,345,155,1,0,1
771,309,504,0,1,0
772,843,713,0,1,0
773,873,601,0,1,0
774,869,537,0,1,0
775,601,747,0,1,0
776,863,351,1,1,0
777,204,98,0,1,0
778,940,661,1,0,0
779,118,9,1,0,0
780,229,827,0,1,0
781,678,540,0,1,0
782,361,90,1,0,0
783,190,272,1,0,0
784,306,942,1,1,0
785,799,95,1,1,0
786,898,67,1,0,0
787,602,808,0,1,0
788,10,911,1,0,0
789,60,947,1,0,0
790,549,125,0,1,0
791,209,597,0,1,0
792,5,983,1,0,0
793,30,700,0,1,0
794,249,597,0,1,0
795,946,688,1,0,1
796,440,658,1,0,0
797,931,334,1,0,0
798,852,569,0,1,0
799,846,435,1,0,0
800,486,494,1,0,0
801,276,212,1,0,0
802,381,293,0,1,0
803,277,166,0,1,0
804,501,3,0,1,0
805,764,226,1,0,0
806,937,379,0,1,0
807,405,122,1,0,1
808,804,589,1,1,0
809,939,240,0,1,0
810,832,621,0,1,0
811,673,429,1,1,0
812,887,622,0,1,0
813,215,634,1,0,0
814,823,10,1,0,0
815,540,396,1,0,0
816,523,175,1,1,0
817,397,813,1,0,0
818,705,528,1,0,1
819,870,894,0,1,0
820,119,705,1,0,0
821,534,54,0,1,0
822,304,638,0,1,0
823,928,870,1,1,0
824,99,683,1,0,0
825,580,759,1,0,0
826,409,19,1,0,0
827,625,897,0,1,0
828,568,926,0,1,0
829,780,477,0,1,0
830,553,687,1,0,0
831,597,593,1,0,0
832,221,393,0,1,0
833,161,2,0,1,0
834,10,194,1,0,0
835,773,448,0,1,0
836,463,268,1,1,0
837,937,767,1,0,0
838,99,371,1,0,1
839,901,952,1,0,0
840,229,548,0,1,0
841,377,670,1,0,0
842,294,963,0,1,0
843,495,600,1,0,0
844,162,377,1,0,1
845,675,163,0,1,0
846,423,279,0,1,0
847,235,715,1,0,0
848,855,778,0,1,0
849,905,836,1,1,0
850,593,8,1,1,0
851,364,586,1,0,0
852,252,824,1,0,1
853,124,668,0,1,0
854,471,201,0,1,0
855,267,436,0,1,0
856,414,871,0,1,0
857,322,774,1,0,0
858,416,417,1,0,0
859,960,110,0,1,0
860,403,901,0,1,0
861,789,902,0,1,0
862,7,280,1,0,0
863,769,64,1,0,0
864,181,314,1,1,0
865,244,526,1,0,1
866,100,237,1,0,0
867,51,209,0,1,0
868,756,667,1,1,0
869,607,394,0,1,0
870,673,846,1,1,0
871,319,726,0,1,0
872,128,250,1,0,0
873,898,404,1,0,0
874,724,378,0,1,0
875,964,937,1,0,0
876,904,726,0,1,0
877,238,304,1,0,0
878,926,552,1,0,0
879,582,735,1,0,0
880,341,932,0,1,0
881,495,473,1,0,0
882,1,31,1,0,1
883,836,345,0,1,0
884,2,672,0,1,0
885,540,838,0,1,0
886,498,205,0,1,0
887,357,714,0,1,0
888,571,208,0,1,0
889,147,35,1,1,0
890,615,700,0,1,0
891,446,315,0,1,0
892,896,697,1,1,0
893,27,826,1,0,0
894,467,972,1,0,0
895,93,5,1,0,0
896,887,287,1,0,0
897,727,226,1,0,0
898,336,230,0,1,0
899,112,932,1,0,0
900,482,380,1,0,0
901,587,4,0,1,0
902,326,712,1,1,0
903,685,659,1,0,0
904,904,685,0,1,0
905,661,526,0,1,0
906,8,112,1,0,0
907,251,793,1,1,0
908,151,589,0,1,0
909,112,970,1,0,0
910,990,389,1,0,1
911,231,222,0,1,0
912,589,688,0,1,0
913,656,703,0,1,0
914,542,193,0,1,0
915,613,403,0,1,0
916,813,967,0,1,0
917,362,873,1,1,0
918,7,403,1,0,0
919,520,366,1,0,0
920,605,627,1,0,0
921,338,892,1,0,1
922,559,823,0,1,0
923,669,397,1,1,0
924,597,157,1,0,0
925,412,831,0,1,0
926,941,618,0,1,0
927,217,10,1,0,0
928,669,505,0,1,0
929,875,508,1,1,0
930,420,36,1,0,0
931,935,635,1,1,0
932,177,94,0,1,0
933,527,572,1,0,0
934,947,895,1,0,0
935,168,93,1,0,1
936,778,8,0,1,0
937,681,330,1,0,0
938,490,495,1,0,0
939,434,507,1,0,0
940,394,859,0,1,0
941,99,342,0,1,0
942,664,182,1,0,1
943,657,154,0,1,0
944,877,41,1,0,0
945,166,414,1,1,0
946,533,875,0,1,0
947,605,846,0,1,0
948,7,908,1,0,0
949,912,504,0,1,0
950,346,620,1,0,0
951,223,596,1,1,0
952,428,1,0,1,0
953,510,641,1,0,0
954,602,502,0,1,0
955,193,24,1,0,0
956,299,233,0,1,0
957,412,220,1,0,0
958,457,280,0,1,0
959,770,662,0,1,0
960,664,946,0,1,0
961,268,671,1,1,0
962,731,990,1,0,1
963,268,386,0,1,0
964,61,2,1,0,0
965,354,133,1,1,0
966,532,195,1,1,0
967,3,793,0,1,0
968,211,294,1,1,0
969,126,60,1,1,0
970,5,673,0,1,0
971,455,546,1,0,0
972,495,209,0,1,0
973,741,794,0,1,0
974,4,719,1,0,0
975,393,447,1,0,0
976,794,682,1,0,1
977,352,628,0,1,0
978,534,151,0,1,0
979,245,802,0,1,0
980,771,362,0,1,0
981,624,903,1,1,0
982,482,232,0,1,0
983,463,447,1,0,0
984,248,419,0,1,0
985,426,274,0,1,0
986,645,947,0,1,0
987,721,8,1,1,0
988,509,319,0,1,0
989,120,648,1,0,0
990,63,577,1,0,1
991,647,135,0,1,0
992,234,84,0,1,0
993,0,24,0,1,0
994,196,208,0,1,0
995,717,913,0,1,0
996,603,618,1,0,0
997,96,167,1,0,1
998,707,591,1,0,0
999,711,544,0,1,0
