Index,x,y,alive,infected,immune
0,785,290,0,1,0
1,35,664,1,0,1
2,959,218,0,0,1
3,507,849,1,0,1
4,872,764,0,1,0
5,432,116,0,1,0
6,437,68,0,1,0
7,1,559,0,1,0
8,274,790,1,0,1
9,864,582,0,1,0
10,421,140,0,1,0
11,635,143,0,1,0
12,521,947,0,1,0
13,68,306,0,1,0
14,845,261,0,1,0
15,73,771,0,1,0
16,507,296,1,0,1
17,779,653,0,1,0
18,969,206,0,1,0
19,581,844,0,1,0
20,959,616,0,1,0
21,325,368,0,1,0
22,432,823,0,1,0
23,241,77,1,0,1
24,232,425,0,1,0
25,1,153,0,1,0
26,795,1,0,1,0
27,692,448,0,1,0
28,75,116,0,1,0
29,475,877,0,1,0
30,705,734,0,1,0
31,561,9,0,1,0
32,779,885,1,0,1
33,953,318,1,0,1
34,248,854,0,1,0
35,281,0,0,1,0
36,629,1,1,0,1
37,920,681,0,1,0
38,5,585,0,1,0
39,420,759,0,1,0
40,188,22,0,1,0
41,661,526,1,0,1
42,477,183,1,0,1
43,113,405,0,1,0
44,457,269,0,1,0
45,231,126,0,1,0
46,533,902,1,0,1
47,770,604,0,1,0
48,731,344,0,1,0
49,422,136,0,1,0
50,494,910,0,1,0
51,859,678,0,1,0
52,79,403,0,1,0
53,151,362,0,1,0
54,299,816,0,1,0
55,563,298,0,0,1
56,684,150,0,1,0
57,530,240,0,1,0
58,173,358,0,1,0
59,990,407,0,1,0
60,224,600,0,1,0
61,594,1,0,1,0
62,356,948,0,1,0
63,161,450,0,1,0
64,7,962,0,1,0
65,3,349,1,0,1
66,48,807,0,1,0
67,793,831,0,1,0
68,608,739,0,1,0
69,719,935,0,1,0
70,576,829,0,1,0
71,747,10,0,1,0
72,569,776,0,1,0
73,618,748,0,1,0
74,335,9,0,1,0
75,990,163,1,0,1
76,133,351,0,1,0
77,411,241,1,0,1
78,368,766,1,0,1
79,926,91,0,1,0
80,111,511,0,1,0
81,766,835,0,1,0
82,131,138,0,1,0
83,265,922,0,1,0
84,372,572,0,1,0
85,225,325,0,1,0
86,366,666,1,0,1
87,843,626,0,1,0
88,574,153,0,1,0
89,644,923,0,1,0
90,282,227,0,1,0
91,213,521,0,1,0
92,282,494,0,1,0
93,512,915,0,1,0
94,688,412,0,1,0
95,228,919,0,1,0
96,779,939,0,1,0
97,553,521,0,1,0
98,124,59,0,1,0
99,651,167,0,1,0
100,204,278,0,1,0
101,758,393,1,1,0
102,678,878,1,0,1
103,2,33,0,0,1
104,670,465,1,0,1
105,578,607,1,0,0
106,855,269,1,1,0
107,602,199,0,1,0
108,887,417,0,1,0
109,805,594,0,0,1
110,345,830,1,1,0
111,1,776,0,1,0
112,760,459,0,1,0
113,852,348,0,1,0
114,565,347,0,1,0
115,907,529,0,1,0
116,97,970,1,0,0
117,738,844,0,1,0
118,413,6,1,0,0
119,202,757,1,0,0
120,680,505,1,0,1
121,874,525,0,1,0
122,1,481,1,0,0
123,664,93,1,0,0
124,293,381,0,1,0
125,820,643,1,0,1
126,808,2,0,1,0
127,666,772,0,1,0
128,210,770,1,1,0
129,531,0,0,1,0
130,437,838,0,1,0
131,1,180,1,0,0
132,927,269,0,1,0
133,0,274,0,1,0
134,655,586,0,1,0
135,316,427,0,1,0
136,195,231,0,1,0
137,599,573,1,0,0
138,614,702,1,0,1
139,605,145,1,0,1
140,2,421,0,1,0
141,615,654,1,1,0
142,519,427,1,0,0
143,780,138,0,1,0
144,387,624,0,1,0
145,196,64,0,1,0
146,538,550,1,0,0
147,435,663,1,0,0
148,733,321,0,1,0
149,299,188,0,1,0
150,100,189,1,0,1
151,678,425,0,1,0
152,358,448,1,0,1
153,329,341,0,1,0
154,2,901,1,0,0
155,73,138,0,1,0
156,600,573,1,0,0
157,201,279,0,1,0
158,408,713,1,0,0
159,868,596,0,1,0
160,796,731,0,1,0
161,136,565,0,1,0
162,789,813,0,1,0
163,627,181,0,1,0
164,35,558,0,1,0
165,537,859,0,1,0
166,856,296,0,1,0
167,234,217,0,1,0
168,238,4,0,1,0
169,862,988,1,0,0
170,546,695,1,0,0
171,922,523,0,1,0
172,119,244,1,0,0
173,4,926,1,0,0
174,88,914,1,0,0
175,51,75,1,0,0
176,580,385,0,1,0
177,388,422,0,1,0
178,405,654,0,1,0
179,709,8,0,1,0
180,504,100,0,1,0
181,987,576,0,1,0
182,434,906,0,1,0
183,740,281,1,0,0
184,294,316,1,0,0
185,558,40,1,0,0
186,861,329,1,0,1
187,685,465,0,1,0
188,398,987,1,1,0
189,837,85,1,0,0
190,961,545,0,1,0
191,944,983,0,1,0
192,927,242,0,1,0
193,474,221,0,1,0
194,6,537,0,1,0
195,538,308,0,1,0
196,9,676,1,0,1
197,959,970,1,0,0
198,758,937,0,1,0
199,823,573,0,1,0
200,531,599,1,0,0
201,190,793,1,0,0
202,240,856,0,1,0
203,947,4,1,0,0
204,37,742,1,0,0
205,658,929,0,1,0
206,195,335,1,1,0
207,792,311,0,1,0
208,280,612,0,1,0
209,786,59,1,0,1
210,233,990,1,0,0
211,734,759,0,1,0
212,91,611,0,1,0
213,590,796,0,1,0
214,990,506,1,0,0
215,547,732,1,0,0
216,320,92,0,1,0
217,377,258,0,1,0
218,614,432,0,1,0
219,309,10,1,1,0
220,2,785,0,0,1
221,750,164,0,1,0
222,9,550,0,1,0
223,399,135,0,1,0
224,262,452,0,1,0
225,647,652,0,1,0
226,365,533,1,1,0
227,525,676,1,0,0
228,963,727,0,1,0
229,459,332,1,0,0
230,257,131,0,1,0
231,953,169,1,0,0
232,822,132,1,0,0
233,218,765,0,1,0
234,431,651,0,1,0
235,646,491,0,1,0
236,328,881,0,1,0
237,308,6,0,1,0
238,527,404,1,0,0
239,239,894,0,1,0
240,263,90,0,0,1
241,277,879,0,1,0
242,304,251,0,1,0
243,206,343,1,0,1
244,256,880,0,1,0
245,822,618,1,0,1
246,718,164,1,0,1
247,580,874,0,1,0
248,321,3,0,1,0
249,669,814,0,1,0
250,881,572,0,1,0
251,887,658,1,0,1
252,724,653,0,1,0
253,631,35,1,0,0
254,170,247,1,0,0
255,88,467,0,1,0
256,642,397,1,0,0
257,718,606,0,1,0
258,551,602,1,0,0
259,806,811,1,0,1
260,849,468,0,1,0
261,514,559,1,0,0
262,8,515,0,1,0
263,896,625,0,1,0
264,109,588,0,1,0
265,159,384,0,1,0
266,80,912,1,0,0
267,275,59,0,0,1
268,749,150,0,1,0
269,892,8,1,0,0
270,850,683,1,0,1
271,763,258,1,0,0
272,878,974,1,0,1
273,513,691,1,0,0
274,121,424,1,0,1
275,139,972,0,1,0
276,510,103,0,0,1
277,629,620,1,1,0
278,548,493,1,0,0
279,384,1,1,0,0
280,282,277,0,1,0
281,174,682,0,1,0
282,469,633,1,0,0
283,990,904,1,0,0
284,802,742,0,1,0
285,821,8,1,1,0
286,899,954,1,0,1
287,7,39,0,1,0
288,2,695,0,1,0
289,152,769,1,1,0
290,540,388,0,1,0
291,847,122,1,0,1
292,76,858,1,0,0
293,7,244,0,1,0
294,39,857,1,0,0
295,232,682,0,1,0
296,260,743,1,0,0
297,347,171,0,1,0
298,718,713,0,1,0
299,90,286,1,0,1
300,460,717,1,0,1
301,709,553,1,0,1
302,97,151,0,0,1
303,2,498,0,1,0
304,539,282,0,1,0
305,942,7,1,0,0
306,721,123,0,1,0
307,621,284,1,0,1
308,838,10,1,0,0
309,471,290,1,0,1
310,879,339,0,1,0
311,747,497,0,1,0
312,220,776,0,1,0
313,352,2,1,0,0
314,4,244,1,1,0
315,850,712,0,1,0
316,2,790,0,1,0
317,759,752,0,0,1
318,599,733,0,1,0
319,61,990,1,0,0
320,693,865,0,1,0
321,818,602,1,0,1
322,801,756,0,1,0
323,802,649,1,0,1
324,3,503,0,1,0
325,585,860,0,1,0
326,359,64,0,1,0
327,835,504,0,1,0
328,134,492,0,1,0
329,117,456,0,1,0
330,601,769,0,1,0
331,6,150,0,1,0
332,694,927,0,1,0
333,194,908,0,1,0
334,256,434,0,1,0
335,798,683,0,1,0
336,834,310,0,1,0
337,406,104,0,1,0
338,758,6,0,1,0
339,9,707,1,0,0
340,901,669,0,1,0
341,812,680,0,1,0
342,492,664,1,0,0
343,557,4,0,1,0
344,956,956,1,0,0
345,465,565,1,0,0
346,185,245,1,0,1
347,346,429,0,1,0
348,313,441,0,1,0
349,762,142,1,1,0
350,91,838,1,0,1
351,526,284,1,0,1
352,380,884,0,1,0
353,802,782,0,1,0
354,909,908,0,1,0
355,6,791,1,0,1
356,93,680,0,1,0
357,115,418,0,1,0
358,540,602,1,0,0
359,609,941,0,1,0
360,355,373,0,1,0
361,6,816,1,1,0
362,713,4,0,1,0
363,618,324,1,0,1
364,888,874,0,1,0
365,834,845,0,1,0
366,341,170,0,1,0
367,400,615,0,1,0
368,211,405,0,1,0
369,171,456,1,0,1
370,642,879,0,1,0
371,5,886,1,0,0
372,721,602,1,0,1
373,373,940,0,1,0
374,851,901,0,1,0
375,508,166,0,1,0
376,219,797,0,1,0
377,486,848,0,1,0
378,504,674,1,0,0
379,125,789,1,0,0
380,807,396,0,1,0
381,864,682,1,0,1
382,718,414,0,1,0
383,462,10,1,0,0
384,827,145,1,0,0
385,438,9,1,0,1
386,895,748,0,1,0
387,299,114,1,0,0
388,751,9,0,1,0
389,378,138,1,0,1
390,6,21,0,1,0
391,80,910,1,0,0
392,202,83,0,1,0
393,257,843,0,1,0
394,751,537,0,1,0
395,257,1,1,0,0
396,87,509,0,1,0
397,6,827,1,1,0
398,230,146,0,1,0
399,682,91,1,0,0
400,531,438,1,0,0
401,735,546,0,0,1
402,343,482,0,1,0
403,323,82,0,1,0
404,187,575,0,1,0
405,901,157,1,0,0
406,769,461,0,1,0
407,315,500,0,1,0
408,4,755,1,0,0
409,597,90,0,1,0
410,308,660,1,0,1
411,447,10,1,0,1
412,518,321,1,1,0
413,748,793,0,1,0
414,240,815,0,1,0
415,503,221,1,0,1
416,142,542,0,1,0
417,544,888,0,1,0
418,302,832,0,1,0
419,416,254,0,1,0
420,716,511,0,1,0
421,898,755,0,1,0
422,70,717,1,0,1
423,308,93,1,0,1
424,168,345,0,1,0
425,160,385,0,1,0
426,54,816,0,1,0
427,363,563,1,1,0
428,980,5,1,0,0
429,571,965,0,1,0
430,340,149,0,1,0
431,562,686,0,1,0
432,879,277,1,1,0
433,828,466,1,1,0
434,384,807,1,0,0
435,818,395,0,1,0
436,488,10,1,0,0
437,806,619,0,1,0
438,524,605,1,0,0
439,866,193,1,0,0
440,282,88,0,1,0
441,754,561,1,0,1
442,422,471,1,0,0
443,238,257,0,1,0
444,136,217,1,1,0
445,262,457,0,1,0
446,822,692,0,1,0
447,420,917,0,1,0
448,689,96,1,0,0
449,107,258,1,0,0
450,889,303,0,1,0
451,301,0,0,1,0
452,959,136,1,0,1
453,205,691,1,0,0
454,570,690,1,1,0
455,600,253,0,1,0
456,990,900,1,0,0
457,632,378,0,1,0
458,353,771,0,1,0
459,10,840,1,0,0
460,978,5,1,0,0
461,405,446,1,1,0
462,594,562,1,0,1
463,798,494,1,1,0
464,564,823,0,1,0
465,837,518,0,1,0
466,283,180,1,1,0
467,452,407,1,0,0
468,27,7,1,0,1
469,705,404,0,1,0
470,689,4,0,1,0
471,6,530,0,1,0
472,854,2,1,0,0
473,4,564,1,0,1
474,261,84,0,0,1
475,336,6,1,0,1
476,360,365,0,1,0
477,485,491,1,0,0
478,385,880,1,0,1
479,792,225,1,0,0
480,843,450,0,1,0
481,266,259,1,0,1
482,243,814,1,0,1
483,533,914,0,1,0
484,934,746,0,1,0
485,623,625,0,1,0
486,328,468,0,1,0
487,150,623,0,0,1
488,354,807,1,0,0
489,597,365,1,0,1
490,895,813,1,0,1
491,375,323,0,1,0
492,990,15,1,0,0
493,769,111,0,1,0
494,547,260,0,1,0
495,110,573,0,1,0
496,135,130,1,1,0
497,604,451,0,1,0
498,120,745,1,0,0
499,923,257,1,0,1
500,321,212,1,0,1
501,128,953,1,0,0
502,567,5,0,1,0
503,754,7,0,1,0
504,246,352,1,1,0
505,659,451,1,0,1
506,707,703,1,0,1
507,609,360,0,1,0
508,368,89,0,1,0
509,103,622,0,1,0
510,553,3,1,0,1
511,875,555,0,1,0
512,884,214,1,0,0
513,99,670,1,1,0
514,681,174,0,1,0
515,106,85,0,1,0
516,829,385,1,1,0
517,614,146,0,1,0
518,664,250,0,1,0
519,399,101,0,1,0
520,737,674,0,1,0
521,902,91,0,1,0
522,309,586,1,0,1
523,492,704,1,0,0
524,840,862,0,1,0
525,588,411,1,1,0
526,4,37,0,1,0
527,430,391,1,1,0
528,754,2,0,1,0
529,322,554,1,0,1
530,905,578,1,0,1
531,470,713,1,0,0
532,129,902,0,1,0
533,75,195,0,1,0
534,840,427,0,1,0
535,214,888,0,1,0
536,890,662,0,1,0
537,383,561,0,1,0
538,416,153,0,1,0
539,575,354,1,0,1
540,557,679,1,1,0
541,524,688,1,0,0
542,659,490,0,1,0
543,9,46,0,1,0
544,342,291,1,0,0
545,52,5,1,0,0
546,113,425,0,1,0
547,442,417,1,0,0
548,60,727,1,0,0
549,604,551,0,1,0
550,775,377,0,1,0
551,255,952,1,0,0
552,898,314,1,0,1
553,403,858,1,0,0
554,495,747,1,0,0
555,154,880,0,1,0
556,341,601,0,1,0
557,299,9,0,1,0
558,847,583,1,0,1
559,745,531,0,1,0
560,756,648,0,1,0
561,726,745,0,1,0
562,857,625,0,1,0
563,435,990,0,1,0
564,6,142,1,0,1
565,217,709,1,0,0
566,198,92,0,1,0
567,260,348,1,1,0
568,750,98,0,1,0
569,161,948,0,1,0
570,812,623,1,0,1
571,291,629,1,0,0
572,537,272,0,1,0
573,241,538,1,0,1
574,896,496,0,1,0
575,488,166,0,1,0
576,59,902,1,0,0
577,351,844,1,1,0
578,142,190,0,1,0
579,765,151,0,1,0
580,206,812,1,0,0
581,3,370,1,0,0
582,364,320,0,1,0
583,512,918,0,1,0
584,281,219,1,0,1
585,144,567,0,1,0
586,797,363,0,1,0
587,801,1,0,1,0
588,235,542,0,1,0
589,540,765,0,1,0
590,490,303,0,1,0
591,814,359,1,1,0
592,836,864,0,1,0
593,268,683,0,1,0
594,742,592,0,1,0
595,522,917,1,0,1
596,313,851,0,1,0
597,761,573,0,1,0
598,129,317,0,1,0
599,112,398,0,1,0
600,918,264,0,1,0
601,733,775,0,1,0
602,768,479,0,1,0
603,5,429,0,1,0
604,530,79,0,1,0
605,383,408,0,1,0
606,811,8,1,0,1
607,141,319,0,1,0
608,574,660,1,0,0
609,315,368,0,1,0
610,784,911,0,1,0
611,403,252,0,1,0
612,293,858,0,1,0
613,92,526,0,1,0
614,628,740,1,0,1
615,507,4,0,1,0
616,919,778,1,0,0
617,724,596,0,1,0
618,463,221,0,1,0
619,682,208,0,1,0
620,8,76,0,1,0
621,533,322,0,1,0
622,539,4,0,1,0
623,145,332,0,1,0
624,709,380,1,0,1
625,282,502,1,0,0
626,2,20,0,1,0
627,181,336,0,1,0
628,833,5,1,0,0
629,659,685,0,1,0
630,758,483,0,1,0
631,900,949,1,0,0
632,990,792,1,0,0
633,220,297,0,1,0
634,888,295,0,1,0
635,489,884,0,1,0
636,802,881,0,1,0
637,148,469,0,1,0
638,352,533,1,0,0
639,641,377,1,0,1
640,141,717,1,1,0
641,0,586,0,1,0
642,3,967,0,1,0
643,926,561,0,1,0
644,451,263,0,1,0
645,91,183,0,1,0
646,585,236,0,1,0
647,7,644,0,1,0
648,72,305,0,1,0
649,718,403,0,1,0
650,954,990,1,0,0
651,800,341,0,1,0
652,261,417,0,1,0
653,219,2,1,0,0
654,4,824,0,1,0
655,508,0,0,1,0
656,414,410,0,1,0
657,613,212,0,1,0
658,282,697,0,1,0
659,257,52,1,0,1
660,299,125,1,0,1
661,342,599,1,0,1
662,328,54,1,0,0
663,726,415,0,1,0
664,100,635,0,1,0
665,221,534,0,1,0
666,87,405,0,1,0
667,572,143,0,1,0
668,938,640,0,1,0
669,921,2,1,0,0
670,216,338,0,1,0
671,808,706,0,1,0
672,873,682,0,1,0
673,824,300,1,0,1
674,675,277,0,1,0
675,615,577,1,0,0
676,837,844,1,1,0
677,855,912,0,1,0
678,471,394,1,0,0
679,1,147,0,1,0
680,545,486,1,0,0
681,489,0,1,0,0
682,189,726,1,0,0
683,38,592,0,1,0
684,187,51,0,1,0
685,376,164,1,0,1
686,896,112,0,1,0
687,793,523,1,0,1
688,551,784,0,1,0
689,803,720,1,0,1
690,622,593,1,0,0
691,281,753,0,1,0
692,837,756,0,1,0
693,507,882,0,1,0
694,738,249,1,0,0
695,655,406,0,1,0
696,776,374,1,0,1
697,568,348,0,1,0
698,190,441,1,0,1
699,154,713,1,1,0
700,781,297,1,1,0
701,89,925,1,0,0
702,526,426,0,1,0
703,397,6,1,0,0
704,284,840,0,1,0
705,9,645,0,1,0
706,569,958,1,0,1
707,504,663,1,0,0
708,858,269,0,1,0
709,536,10,0,1,0
710,693,179,0,1,0
711,449,602,1,0,0
712,1,579,0,1,0
713,882,841,0,1,0
714,886,399,0,1,0
715,582,7,0,1,0
716,65,806,1,1,0
717,763,714,1,1,0
718,407,381,1,0,1
719,630,890,0,1,0
720,395,419,0,1,0
721,813,101,1,0,0
722,973,152,1,0,0
723,902,920,0,1,0
724,93,828,0,1,0
725,553,189,0,1,0
726,355,485,0,1,0
727,2,951,1,0,0
728,478,790,0,0,1
729,2,523,0,1,0
730,186,230,1,1,0
731,140,700,1,1,0
732,510,846,1,0,1
733,423,127,1,0,1
734,2,268,0,1,0
735,210,579,0,1,0
736,530,486,1,0,0
737,199,6,1,0,0
738,84,814,1,0,0
739,132,721,0,1,0
740,80,144,0,1,0
741,937,0,1,0,0
742,733,831,0,1,0
743,338,626,0,1,0
744,857,601,0,1,0
745,473,846,1,0,1
746,181,326,1,0,1
747,5,520,1,0,1
748,486,662,1,0,0
749,926,141,1,0,0
750,990,874,1,0,0
751,912,101,1,1,0
752,315,456,1,0,1
753,3,945,1,0,0
754,505,252,0,1,0
755,495,521,1,0,0
756,883,521,0,1,0
757,895,810,0,1,0
758,482,801,0,1,0
759,4,160,1,0,1
760,612,210,0,1,0
761,546,969,0,1,0
762,644,533,0,1,0
763,805,521,0,1,0
764,334,4,0,1,0
765,386,748,1,0,1
766,721,448,0,1,0
767,239,703,1,1,0
768,946,1,1,0,0
769,351,10,1,0,0
770,357,157,1,0,1
771,322,508,0,1,0
772,833,682,0,1,0
773,857,617,0,1,0
774,869,507,0,1,0
775,588,702,0,1,0
776,853,332,1,0,1
777,179,96,0,1,0
778,929,654,0,1,0
779,118,2,1,0,0
780,226,821,0,1,0
781,655,540,0,1,0
782,384,112,0,1,0
783,213,254,1,1,0
784,245,986,1,0,1
785,756,68,1,0,1
786,897,125,1,1,0
787,610,863,0,1,0
788,10,911,1,0,0
789,66,911,1,0,0
790,551,92,0,1,0
791,192,645,0,1,0
792,3,983,1,0,0
793,9,688,0,1,0
794,223,575,0,1,0
795,932,703,1,0,1
796,417,718,1,0,0
797,938,273,0,1,0
798,896,529,0,1,0
799,869,485,0,1,0
800,475,505,1,0,0
801,262,191,1,0,0
802,401,317,0,1,0
803,272,178,0,1,0
804,501,9,0,1,0
805,760,231,1,0,0
806,897,394,0,1,0
807,409,119,1,0,1
808,807,619,0,1,0
809,6,242,0,1,0
810,848,689,0,1,0
811,669,413,0,1,0
812,876,631,0,1,0
813,190,609,1,1,0
814,823,10,0,1,0
815,524,362,0,1,0
816,529,160,0,1,0
817,387,834,1,0,0
818,698,569,1,0,1
819,805,912,0,1,0
820,130,708,0,1,0
821,530,108,0,1,0
822,280,676,0,1,0
823,990,839,0,1,0
824,49,712,1,0,0
825,537,781,0,1,0
826,399,2,1,0,0
827,611,902,0,1,0
828,620,972,0,1,0
829,733,478,0,1,0
830,586,676,1,1,0
831,579,609,1,0,0
832,228,435,0,1,0
833,161,4,0,1,0
834,10,194,1,0,0
835,761,508,0,1,0
836,434,295,1,0,1
837,912,762,1,0,0
838,50,392,1,0,1
839,960,965,1,0,0
840,225,544,0,1,0
841,407,701,1,0,0
842,277,973,0,1,0
843,571,588,1,0,0
844,143,358,1,0,1
845,687,172,0,1,0
846,439,250,0,1,0
847,189,659,1,0,0
848,873,836,0,1,0
849,971,829,0,1,0
850,593,2,0,1,0
851,411,619,1,1,0
852,282,835,1,0,1
853,157,714,0,1,0
854,471,187,0,1,0
855,224,423,0,1,0
856,414,889,0,1,0
857,324,772,1,0,0
858,389,429,1,1,0
859,947,128,0,1,0
860,408,886,0,1,0
861,796,922,0,1,0
862,0,280,0,1,0
863,769,50,1,0,0
864,181,338,0,1,0
865,292,527,1,0,1
866,74,222,1,0,0
867,86,214,0,1,0
868,697,696,0,1,0
869,644,421,0,1,0
870,685,837,1,0,1
871,333,712,0,1,0
872,76,235,1,0,0
873,907,511,0,1,0
874,688,380,0,1,0
875,908,932,0,1,0
876,940,718,0,1,0
877,212,291,0,1,0
878,958,552,0,1,0
879,580,738,1,1,0
880,381,939,0,1,0
881,489,506,1,0,0
882,4,31,1,0,1
883,843,314,0,1,0
884,7,672,0,1,0
885,555,890,0,1,0
886,490,150,0,1,0
887,365,728,0,1,0
888,563,208,0,1,0
889,164,51,1,0,1
890,585,690,0,1,0
891,474,300,0,1,0
892,953,682,1,0,1
893,16,843,1,0,0
894,517,971,1,1,0
895,93,8,1,0,0
896,833,300,0,1,0
897,772,230,1,0,0
898,315,236,0,1,0
899,112,953,1,0,0
900,513,345,1,1,0
901,587,7,0,1,0
902,263,733,1,0,1
903,632,675,0,1,0
904,942,701,0,1,0
905,637,494,0,1,0
906,1,112,1,0,0
907,244,765,1,0,1
908,186,593,0,1,0
909,83,931,1,0,0
910,990,389,1,0,1
911,205,265,0,1,0
912,580,685,0,1,0
913,601,710,0,1,0
914,557,209,0,1,0
915,602,364,0,1,0
916,812,979,0,1,0
917,381,884,1,0,1
918,5,403,1,0,0
919,513,364,1,1,0
920,580,623,1,0,0
921,321,822,1,0,1
922,616,810,0,1,0
923,663,438,1,0,1
924,588,163,1,0,0
925,420,845,0,1,0
926,963,668,0,1,0
927,217,10,1,0,0
928,683,539,0,1,0
929,860,484,1,0,1
930,418,10,1,0,0
931,924,662,0,1,0
932,176,80,0,1,0
933,508,559,1,0,0
934,939,959,0,1,0
935,151,75,1,0,1
936,778,1,0,1,0
937,676,313,1,0,0
938,452,467,1,0,0
939,400,525,1,0,0
940,390,903,0,1,0
941,94,311,0,1,0
942,733,220,1,0,1
943,691,176,0,1,0
944,913,16,1,0,0
945,189,398,1,0,1
946,511,880,0,1,0
947,639,844,0,1,0
948,9,908,1,0,0
949,931,481,0,1,0
950,384,600,1,0,1
951,237,580,0,1,0
952,428,6,0,1,0
953,494,672,1,0,0
954,618,521,0,1,0
955,180,8,0,1,0
956,333,197,0,1,0
957,412,219,1,0,0
958,413,249,0,1,0
959,773,661,0,1,0
960,619,957,0,1,0
961,239,653,0,1,0
962,731,990,1,0,1
963,278,353,0,1,0
964,61,9,1,0,0
965,338,149,0,1,0
966,516,245,1,0,1
967,8,793,0,1,0
968,263,291,0,0,1
969,83,22,0,1,0
970,5,673,0,1,0
971,474,597,1,0,0
972,497,165,0,1,0
973,740,794,0,1,0
974,9,719,1,0,0
975,377,435,0,1,0
976,822,672,1,0,1
977,290,649,0,1,0
978,536,162,0,1,0
979,271,804,0,1,0
980,722,381,0,1,0
981,614,884,0,1,0
982,464,221,0,1,0
983,457,489,1,0,0
984,240,440,0,1,0
985,435,313,0,1,0
986,581,981,0,1,0
987,721,7,1,0,1
988,508,300,0,1,0
989,119,682,0,1,0
990,58,571,1,0,1
991,681,129,0,1,0
992,230,76,0,1,0
993,2,24,0,1,0
994,180,179,0,1,0
995,707,872,0,1,0
996,617,630,1,1,0
997,105,112,1,0,1
998,736,614,0,1,0
999,716,556,0,1,0
