Index,x,y,alive,infected,immune
0,770,301,0,1,0
1,25,637,1,0,1
2,944,221,0,0,1
3,527,860,1,0,1
4,913,713,0,1,0
5,449,150,0,1,0
6,446,36,0,1,0
7,955,532,0,1,0
8,305,761,1,0,1
9,860,591,0,1,0
10,371,144,0,1,0
11,673,150,0,1,0
12,577,954,0,1,0
13,83,292,0,1,0
14,835,290,0,1,0
15,89,812,0,1,0
16,527,332,1,0,1
17,793,619,0,1,0
18,963,207,0,1,0
19,592,835,0,1,0
20,969,637,0,1,0
21,360,345,0,1,0
22,502,768,0,1,0
23,254,65,1,0,1
24,194,406,0,1,0
25,9,153,0,1,0
26,786,983,0,1,0
27,695,493,0,1,0
28,130,152,0,1,0
29,522,937,0,1,0
30,695,750,0,1,0
31,561,8,0,1,0
32,759,868,1,0,1
33,959,391,1,0,1
34,209,909,0,1,0
35,281,1,0,1,0
36,629,5,1,0,1
37,848,734,0,1,0
38,71,597,0,1,0
39,391,737,0,1,0
40,130,37,0,1,0
41,661,515,1,0,1
42,498,176,1,0,1
43,123,411,0,1,0
44,461,282,0,1,0
45,190,122,0,1,0
46,545,882,1,0,1
47,764,575,0,1,0
48,726,335,0,1,0
49,435,149,0,1,0
50,498,924,0,1,0
51,900,785,0,1,0
52,142,373,0,1,0
53,164,370,0,1,0
54,288,883,0,1,0
55,586,311,0,0,1
56,737,146,0,1,0
57,588,272,0,1,0
58,168,379,0,1,0
59,990,407,0,1,0
60,219,555,0,1,0
61,594,6,0,1,0
62,377,965,0,1,0
63,166,500,0,1,0
64,4,962,0,1,0
65,952,370,1,0,1
66,66,792,0,1,0
67,761,862,0,1,0
68,636,761,0,1,0
69,669,931,0,1,0
70,576,819,0,1,0
71,769,32,0,1,0
72,595,806,0,1,0
73,642,735,0,1,0
74,335,3,0,1,0
75,982,141,1,0,1
76,105,330,0,1,0
77,438,229,1,0,1
78,324,721,1,0,1
79,924,100,0,1,0
80,96,500,0,1,0
81,775,823,0,1,0
82,171,144,0,1,0
83,189,885,0,1,0
84,332,545,0,1,0
85,188,405,0,1,0
86,398,727,1,0,1
87,892,589,0,1,0
88,546,167,0,1,0
89,626,931,0,1,0
90,319,172,0,1,0
91,248,515,0,1,0
92,270,416,0,1,0
93,476,893,0,1,0
94,663,448,0,1,0
95,186,941,0,1,0
96,708,922,0,1,0
97,653,514,0,1,0
98,71,43,0,1,0
99,634,155,0,1,0
100,234,293,1,0,0
101,791,438,1,0,0
102,720,849,1,1,0
103,0,33,1,1,0
104,662,436,1,1,0
105,573,563,1,0,0
106,875,231,1,0,0
107,637,226,0,1,0
108,867,351,1,1,0
109,766,644,1,0,0
110,338,852,1,0,0
111,6,776,1,0,0
112,791,422,1,0,0
113,890,325,1,0,0
114,568,325,1,1,0
115,863,570,0,1,0
116,108,980,1,0,0
117,737,836,0,1,0
118,413,5,1,0,0
119,153,734,1,0,0
120,696,505,1,1,0
121,872,500,1,0,0
122,976,497,1,0,0
123,666,90,1,0,0
124,305,317,1,0,0
125,816,621,1,1,0
126,808,5,1,0,0
127,646,803,1,0,0
128,212,718,1,0,0
129,531,8,1,0,0
130,377,773,1,0,0
131,4,180,1,0,0
132,955,252,1,1,0
133,74,247,0,1,0
134,697,585,1,1,0
135,318,507,1,0,0
136,210,206,1,0,0
137,571,613,1,0,0
138,648,707,1,0,0
139,580,160,1,0,1
140,6,421,0,1,0
141,566,742,1,0,0
142,490,372,1,0,0
143,756,109,0,1,0
144,395,706,1,0,0
145,195,58,1,1,0
146,535,511,1,0,0
147,457,624,1,0,0
148,686,363,0,1,0
149,278,173,1,0,0
150,83,185,1,1,0
151,647,375,1,0,0
152,384,394,1,0,0
153,361,350,1,1,0
154,3,901,1,0,0
155,132,172,1,1,0
156,558,520,1,0,0
157,172,286,1,0,0
158,364,684,1,0,0
159,841,620,1,1,0
160,813,757,0,1,0
161,120,578,1,0,0
162,719,754,1,0,0
163,611,156,1,0,0
164,74,537,0,1,0
165,573,873,0,1,0
166,893,276,1,0,0
167,324,210,0,1,0
168,238,3,1,0,0
169,848,944,1,0,0
170,500,718,1,0,0
171,948,535,0,1,0
172,153,228,1,0,0
173,6,926,1,0,0
174,45,870,1,0,0
175,84,103,1,0,0
176,610,383,1,0,0
177,379,420,1,0,0
178,385,623,1,0,0
179,709,0,1,0,0
180,556,97,1,0,0
181,915,631,1,0,0
182,427,959,1,0,0
183,754,262,1,0,0
184,369,307,1,0,0
185,510,70,1,0,0
186,771,370,1,1,0
187,663,494,0,1,0
188,402,944,1,0,0
189,814,116,1,0,0
190,947,561,1,0,0
191,935,950,1,0,0
192,925,212,0,1,0
193,503,245,0,1,0
194,973,542,0,1,0
195,502,251,1,1,0
196,1,676,1,1,0
197,961,948,1,0,0
198,752,887,1,0,0
199,824,594,0,1,0
200,551,587,1,0,0
201,191,786,1,0,0
202,310,870,1,1,0
203,947,7,1,0,0
204,50,765,1,0,0
205,640,911,1,1,0
206,216,352,1,0,0
207,760,318,1,0,0
208,285,601,1,0,0
209,756,139,1,0,0
210,199,978,1,0,0
211,706,775,1,0,0
212,90,601,0,1,0
213,627,770,0,1,0
214,990,506,1,0,0
215,529,770,1,0,0
216,265,77,0,1,0
217,374,266,1,0,0
218,645,426,1,0,0
219,309,10,1,0,0
220,9,785,1,0,0
221,794,130,0,1,0
222,7,550,1,0,0
223,334,190,0,1,0
224,289,472,0,1,0
225,652,655,1,0,0
226,388,546,1,0,0
227,509,628,1,0,0
228,956,714,0,1,0
229,417,355,1,0,0
230,270,162,1,0,0
231,939,165,1,0,0
232,821,119,1,0,0
233,218,750,1,0,0
234,376,655,1,1,0
235,635,502,0,1,0
236,354,813,1,0,0
237,308,992,1,0,0
238,458,404,1,0,0
239,231,901,0,1,0
240,255,54,1,1,0
241,283,889,0,1,0
242,299,241,0,1,0
243,178,325,1,1,0
244,297,894,0,1,0
245,874,579,1,1,0
246,703,103,1,0,0
247,547,830,0,1,0
248,323,988,1,1,0
249,692,889,0,1,0
250,838,601,0,1,0
251,891,640,1,1,0
252,727,690,0,1,0
253,637,31,1,0,0
254,154,269,1,0,0
255,124,461,0,1,0
256,602,389,1,0,0
257,713,579,1,1,0
258,585,548,1,0,0
259,716,797,1,0,0
260,791,521,1,1,0
261,453,558,1,0,0
262,4,515,1,1,0
263,983,586,1,1,0
264,63,630,1,1,0
265,161,350,1,0,0
266,113,927,1,0,0
267,275,35,1,0,0
268,721,153,1,0,0
269,892,0,1,0,0
270,786,707,1,0,0
271,767,202,1,0,0
272,865,907,1,0,1
273,494,707,1,0,0
274,140,402,1,1,0
275,165,925,0,1,0
276,475,63,1,1,0
277,606,630,1,0,0
278,489,487,1,0,0
279,384,6,1,0,0
280,211,257,1,0,0
281,204,742,1,0,0
282,517,719,1,0,0
283,942,869,1,0,0
284,805,738,1,0,0
285,821,8,1,0,0
286,853,931,1,1,0
287,9,39,0,1,0
288,3,695,1,0,0
289,246,744,1,0,0
290,554,355,1,0,0
291,898,80,1,0,0
292,67,850,1,0,0
293,7,244,1,0,0
294,34,850,1,0,0
295,222,626,1,0,0
296,243,697,1,0,0
297,400,154,1,0,0
298,713,717,1,1,0
299,55,261,1,0,0
300,361,723,1,1,0
301,663,554,1,1,0
302,93,156,1,1,0
303,6,498,0,1,0
304,568,250,0,1,0
305,942,3,1,0,0
306,745,113,1,1,0
307,641,254,1,1,0
308,838,10,1,0,0
309,490,325,1,1,0
310,943,327,1,0,0
311,723,493,1,0,0
312,255,769,1,0,0
313,352,5,1,0,0
314,5,244,1,0,0
315,871,632,0,1,0
316,7,790,1,0,0
317,752,719,0,0,1
318,482,663,1,0,0
319,61,990,1,0,0
320,673,828,1,0,0
321,802,639,1,0,1
322,836,699,0,1,0
323,763,649,1,1,0
324,0,503,0,1,0
325,624,813,0,1,0
326,359,85,1,0,0
327,868,422,1,0,0
328,102,466,1,0,0
329,151,433,1,0,0
330,684,781,1,0,0
331,6,150,0,1,0
332,686,929,0,1,0
333,184,908,0,1,0
334,258,433,1,0,0
335,792,691,1,0,0
336,848,348,1,0,0
337,451,61,0,1,0
338,758,5,0,1,0
339,4,707,1,0,0
340,886,634,1,1,0
341,801,710,1,0,0
342,505,642,1,0,0
343,557,6,0,1,0
344,943,938,1,0,0
345,508,584,1,0,0
346,220,278,1,0,0
347,317,472,0,1,0
348,260,437,1,0,0
349,778,179,1,0,0
350,95,834,1,0,0
351,544,311,1,1,0
352,420,886,1,0,0
353,787,741,1,0,0
354,844,889,1,0,0
355,55,767,1,0,0
356,130,708,1,0,0
357,102,433,0,1,0
358,561,643,1,0,0
359,601,935,0,1,0
360,305,407,1,1,0
361,9,816,1,0,0
362,696,975,0,1,0
363,659,364,1,0,0
364,851,895,1,0,0
365,868,813,0,1,0
366,326,178,0,1,0
367,397,666,1,0,0
368,229,430,1,0,0
369,130,473,1,0,1
370,690,880,1,1,0
371,9,886,1,0,0
372,740,542,1,1,0
373,370,928,1,1,0
374,902,843,0,1,0
375,463,174,0,1,0
376,161,784,1,0,0
377,510,844,0,1,0
378,537,610,1,0,0
379,156,774,1,0,0
380,771,330,0,1,0
381,848,706,1,1,0
382,805,367,1,1,0
383,462,10,1,0,0
384,855,155,1,0,0
385,392,951,1,0,0
386,857,727,1,1,0
387,302,146,1,0,0
388,751,0,0,1,0
389,354,175,1,1,0
390,4,21,0,1,0
391,56,923,1,0,0
392,176,111,0,1,0
393,281,857,1,1,0
394,714,496,1,0,0
395,257,0,1,0,0
396,80,477,1,0,0
397,942,803,1,0,0
398,192,170,0,1,0
399,689,88,1,0,0
400,528,409,1,0,0
401,714,559,1,1,0
402,328,495,1,0,0
403,298,51,1,0,0
404,281,639,1,0,0
405,882,196,1,0,0
406,738,465,1,0,0
407,352,513,1,0,0
408,7,755,1,0,0
409,631,97,1,0,0
410,288,724,1,1,0
411,438,61,1,0,0
412,470,354,1,0,0
413,767,834,1,1,0
414,225,786,1,0,0
415,506,227,1,0,0
416,136,597,1,0,0
417,473,907,0,1,0
418,287,861,1,1,0
419,366,304,1,0,0
420,702,460,1,0,0
421,830,772,0,1,0
422,59,633,1,0,0
423,395,75,1,0,0
424,112,336,1,1,0
425,135,378,0,1,0
426,50,796,1,1,0
427,382,593,1,0,0
428,980,9,1,0,0
429,600,976,0,1,0
430,359,105,1,0,0
431,560,702,1,0,0
432,919,281,1,0,0
433,852,444,1,0,0
434,380,785,1,0,0
435,861,426,1,0,0
436,488,10,1,0,0
437,828,635,1,1,0
438,511,592,1,0,0
439,840,207,1,0,0
440,287,38,0,1,0
441,747,525,1,1,0
442,440,509,1,0,0
443,278,346,1,0,0
444,164,236,1,0,0
445,253,424,1,0,0
446,784,707,1,0,0
447,457,885,0,1,0
448,701,105,1,0,0
449,147,240,1,0,0
450,916,328,1,0,0
451,335,922,0,1,0
452,959,99,1,0,0
453,172,728,1,0,0
454,599,714,1,0,0
455,594,342,1,0,0
456,990,900,1,0,0
457,633,305,0,1,0
458,339,755,0,1,0
459,10,840,1,0,0
460,978,8,1,0,0
461,366,461,1,0,0
462,618,539,1,1,0
463,799,442,1,0,0
464,571,799,0,1,0
465,796,529,0,1,0
466,264,138,1,0,0
467,484,407,1,0,0
468,27,6,1,1,0
469,674,377,1,0,0
470,678,969,0,1,0
471,40,519,1,1,0
472,854,0,1,0,0
473,7,564,1,0,0
474,283,118,1,1,0
475,336,3,1,1,0
476,367,389,1,0,0
477,493,471,1,0,0
478,379,894,1,1,0
479,810,220,1,0,0
480,854,453,1,0,0
481,288,244,1,0,0
482,236,896,1,0,1
483,494,847,0,1,0
484,956,725,0,1,0
485,658,555,0,1,0
486,268,429,1,0,0
487,94,631,1,0,0
488,322,804,1,0,0
489,594,316,1,1,0
490,909,823,1,1,0
491,412,259,0,1,0
492,990,15,1,0,0
493,815,77,1,0,0
494,608,263,0,1,0
495,65,641,0,1,0
496,99,105,1,0,0
497,586,491,0,1,0
498,148,774,1,0,0
499,923,230,1,1,0
500,327,222,1,0,0
501,123,902,1,0,0
502,567,7,0,1,0
503,754,8,0,1,0
504,241,330,1,0,0
505,633,545,1,1,0
506,777,778,1,1,0
507,609,363,0,1,0
508,409,76,1,1,0
509,131,613,1,0,0
510,574,978,1,1,0
511,894,548,0,1,0
512,916,195,1,0,0
513,104,724,1,0,0
514,604,122,1,0,0
515,155,150,1,0,0
516,842,449,1,0,0
517,588,113,1,0,0
518,621,264,0,1,0
519,454,138,0,1,0
520,805,660,0,1,0
521,833,158,1,0,0
522,370,628,1,0,0
523,506,663,1,0,0
524,895,905,1,1,0
525,568,411,1,0,0
526,4,37,0,1,0
527,422,383,1,0,0
528,754,6,0,1,0
529,283,540,1,0,1
530,897,599,1,0,1
531,437,722,1,0,0
532,168,923,1,1,0
533,154,194,1,1,0
534,864,436,1,0,0
535,201,904,1,1,0
536,847,639,0,1,0
537,394,625,1,0,0
538,382,78,1,0,0
539,532,339,1,0,0
540,516,672,1,0,0
541,559,684,1,0,0
542,704,430,1,0,0
543,944,52,1,0,0
544,331,266,1,0,0
545,49,967,1,0,0
546,117,367,0,1,0
547,426,462,1,0,0
548,49,749,1,0,0
549,638,535,0,1,0
550,768,419,0,1,0
551,215,966,1,0,0
552,848,338,1,1,0
553,368,786,1,0,0
554,459,698,1,0,0
555,106,879,1,0,0
556,305,632,1,0,0
557,336,940,1,1,0
558,865,632,1,1,0
559,779,511,1,1,0
560,730,639,1,0,0
561,656,696,1,0,0
562,873,585,0,1,0
563,396,886,1,1,0
564,3,142,1,1,0
565,236,748,1,0,0
566,265,112,1,0,0
567,273,329,1,0,0
568,717,106,1,1,0
569,133,945,1,0,0
570,819,593,1,0,1
571,314,676,1,0,0
572,523,280,1,1,0
573,250,637,1,0,0
574,883,460,1,0,0
575,487,159,0,1,0
576,91,874,1,0,0
577,322,817,1,0,0
578,231,160,1,0,0
579,724,137,1,0,0
580,183,778,1,0,0
581,1,370,1,0,0
582,376,294,1,0,0
583,525,925,0,1,0
584,312,132,1,1,0
585,168,573,1,0,0
586,798,281,1,0,0
587,801,2,1,0,0
588,203,508,1,0,0
589,565,755,1,0,0
590,577,340,1,0,0
591,816,436,1,0,0
592,848,829,0,1,0
593,267,721,1,0,0
594,769,615,0,1,0
595,546,952,1,1,0
596,306,869,0,1,0
597,764,471,1,0,0
598,154,242,1,0,0
599,144,455,1,1,0
600,882,259,1,0,0
601,768,811,0,1,0
602,768,540,0,1,0
603,7,429,0,1,0
604,593,146,0,1,0
605,343,421,1,1,0
606,800,949,1,0,0
607,176,361,0,1,0
608,590,641,1,0,0
609,246,326,1,0,0
610,785,876,1,0,0
611,348,238,1,0,0
612,268,911,1,1,0
613,47,541,0,1,0
614,638,836,1,0,0
615,507,7,0,1,0
616,937,751,1,0,0
617,686,571,0,1,0
618,480,239,0,1,0
619,674,230,0,1,0
620,948,107,0,1,0
621,467,389,1,0,0
622,529,988,1,1,0
623,176,288,1,0,0
624,780,366,1,0,0
625,322,559,1,0,0
626,4,20,1,1,0
627,157,308,1,0,0
628,833,4,1,0,0
629,677,747,0,1,0
630,792,470,1,0,0
631,929,946,1,0,0
632,930,812,1,0,0
633,213,282,1,0,0
634,867,299,1,0,0
635,503,939,0,1,0
636,812,891,0,1,0
637,151,417,0,1,0
638,344,483,1,0,0
639,656,427,1,1,0
640,142,768,1,0,0
641,979,589,0,1,0
642,8,967,0,1,0
643,879,620,0,1,0
644,438,231,0,1,0
645,78,239,0,1,0
646,562,278,1,0,0
647,983,642,0,1,0
648,92,331,0,1,0
649,650,453,0,1,0
650,954,990,1,0,0
651,844,293,1,0,0
652,231,454,1,0,0
653,219,4,1,0,0
654,7,824,1,0,0
655,508,2,0,1,0
656,442,466,1,0,0
657,599,211,0,1,0
658,291,732,1,1,0
659,217,46,1,0,0
660,274,62,1,1,0
661,338,672,1,0,0
662,356,42,1,0,0
663,750,491,1,1,0
664,130,701,1,0,0
665,210,547,1,0,0
666,155,382,0,1,0
667,647,123,1,0,0
668,909,621,0,1,0
669,921,7,1,0,0
670,179,314,1,0,0
671,771,707,1,0,0
672,883,694,0,1,0
673,824,335,1,0,1
674,674,245,1,1,0
675,625,593,1,0,0
676,802,780,1,0,0
677,943,913,1,0,0
678,401,390,1,0,0
679,59,133,1,1,0
680,561,459,1,0,0
681,489,4,1,0,0
682,192,644,1,0,0
683,67,567,0,1,0
684,179,106,0,1,0
685,353,133,1,0,1
686,920,141,0,1,0
687,795,520,1,1,0
688,611,767,1,0,0
689,804,684,1,0,0
690,599,622,1,0,0
691,294,695,1,0,0
692,769,796,1,1,0
693,530,873,0,1,0
694,723,261,1,0,0
695,657,408,0,1,0
696,820,382,1,0,1
697,607,370,1,1,0
698,270,454,1,0,0
699,166,720,1,0,0
700,708,328,1,0,0
701,38,930,1,0,0
702,525,394,1,0,0
703,397,9,1,0,0
704,336,889,0,1,0
705,6,645,1,0,0
706,558,872,1,1,0
707,492,740,1,0,0
708,836,317,0,1,0
709,536,10,1,0,0
710,649,195,0,1,0
711,435,580,1,0,0
712,6,579,1,0,0
713,881,855,0,1,0
714,871,438,1,0,0
715,582,2,0,1,0
716,72,763,1,0,0
717,776,717,1,0,0
718,407,432,1,0,0
719,628,914,1,0,0
720,380,401,1,0,0
721,828,154,1,0,0
722,910,153,1,0,0
723,879,893,1,1,0
724,77,808,0,1,0
725,537,204,1,0,0
726,397,440,1,0,0
727,15,952,1,0,0
728,421,735,1,0,0
729,8,523,0,1,0
730,162,213,1,0,0
731,115,668,1,0,0
732,532,860,1,0,1
733,364,203,1,1,0
734,9,268,1,0,0
735,225,538,1,0,0
736,562,456,1,0,0
737,199,7,1,0,0
738,20,841,1,0,0
739,103,734,1,0,0
740,91,141,0,1,0
741,937,2,1,0,0
742,689,860,1,0,0
743,369,604,1,0,0
744,879,616,0,1,0
745,432,829,1,1,0
746,137,308,1,0,0
747,8,520,1,1,0
748,477,596,1,0,0
749,903,176,1,0,0
750,990,874,1,0,0
751,877,25,1,0,0
752,323,436,1,1,0
753,2,945,1,0,0
754,589,234,0,1,0
755,488,479,1,0,0
756,835,547,1,0,0
757,861,804,0,1,0
758,479,818,1,0,0
759,3,160,1,0,1
760,635,196,0,1,0
761,531,953,0,1,0
762,620,544,0,1,0
763,880,479,1,0,0
764,334,8,0,1,0
765,457,762,1,0,0
766,734,475,1,0,0
767,168,710,1,0,0
768,977,45,1,0,0
769,365,21,1,0,0
770,338,147,1,1,0
771,329,532,1,0,0
772,896,729,1,1,0
773,864,609,0,1,0
774,881,551,0,1,0
775,612,751,0,1,0
776,872,379,1,0,0
777,167,78,0,1,0
778,951,639,1,0,0
779,118,5,1,0,0
780,204,798,1,0,0
781,658,532,0,1,0
782,360,59,1,0,0
783,207,285,1,0,0
784,306,948,1,0,0
785,747,113,1,1,0
786,863,56,1,0,0
787,583,814,0,1,0
788,10,911,1,0,0
789,53,971,1,0,0
790,533,86,0,1,0
791,224,567,0,1,0
792,9,983,1,0,0
793,43,695,0,1,0
794,260,568,1,1,0
795,963,683,1,0,1
796,478,636,1,0,0
797,931,280,1,0,0
798,893,605,0,1,0
799,853,438,1,0,0
800,478,489,1,0,0
801,272,239,1,0,0
802,382,263,1,0,0
803,301,156,1,1,0
804,501,7,0,1,0
805,739,216,1,0,0
806,938,370,0,1,0
807,405,92,1,1,0
808,790,573,1,0,0
809,918,259,1,0,0
810,837,612,0,1,0
811,706,405,1,0,0
812,856,592,0,1,0
813,202,620,1,0,0
814,823,10,1,0,0
815,531,423,1,0,0
816,535,202,1,0,0
817,388,825,1,0,0
818,728,505,1,1,0
819,839,874,0,1,0
820,131,685,1,0,0
821,532,35,0,1,0
822,357,662,0,1,0
823,930,867,1,0,0
824,91,678,1,0,0
825,574,751,1,0,0
826,404,45,1,0,0
827,600,896,0,1,0
828,576,950,0,1,0
829,740,509,0,1,0
830,534,643,1,0,0
831,596,610,1,0,0
832,200,393,0,1,0
833,182,37,1,0,0
834,10,194,1,0,0
835,757,436,1,0,0
836,428,304,1,1,0
837,965,779,1,0,0
838,107,404,1,1,0
839,904,944,1,0,0
840,225,554,0,1,0
841,366,688,1,0,0
842,273,948,1,0,0
843,495,587,1,0,0
844,177,384,1,0,1
845,645,144,0,1,0
846,439,297,0,1,0
847,259,744,1,0,0
848,841,789,0,1,0
849,910,860,1,0,0
850,606,16,1,0,0
851,364,604,1,0,0
852,214,818,1,1,0
853,127,661,1,0,0
854,491,212,0,1,0
855,267,426,1,1,0
856,377,920,0,1,0
857,304,796,1,0,0
858,414,431,1,0,0
859,940,127,0,1,0
860,407,911,1,1,0
861,768,917,1,1,0
862,0,280,1,0,0
863,791,101,1,0,0
864,224,311,1,0,0
865,225,536,1,0,1
866,95,228,1,0,0
867,37,234,0,1,0
868,722,667,1,0,0
869,621,383,1,0,0
870,684,860,1,0,0
871,315,751,0,1,0
872,152,252,1,0,0
873,900,414,1,0,0
874,691,378,0,1,0
875,962,949,1,0,0
876,853,704,1,1,0
877,188,344,1,0,0
878,922,569,1,0,0
879,584,730,1,0,0
880,331,929,0,1,0
881,472,455,1,0,0
882,1,31,1,0,1
883,829,350,0,1,0
884,2,672,0,1,0
885,542,830,0,1,0
886,532,182,1,0,0
887,335,694,0,1,0
888,559,230,1,0,0
889,151,29,1,0,0
890,634,695,0,1,0
891,464,307,0,1,0
892,907,714,1,1,0
893,29,819,1,0,0
894,484,960,1,0,0
895,93,4,1,0,0
896,862,246,1,0,0
897,734,204,1,0,0
898,303,260,1,0,0
899,113,913,1,0,0
900,472,392,1,0,0
901,587,9,0,1,0
902,345,696,1,0,0
903,670,659,1,0,0
904,890,719,1,1,0
905,670,516,0,1,0
906,8,112,1,0,0
907,259,759,1,0,0
908,81,612,1,1,0
909,107,977,1,0,0
910,990,389,1,1,0
911,188,193,1,0,0
912,613,725,1,1,0
913,632,713,1,1,0
914,511,197,0,1,0
915,609,395,1,0,0
916,875,967,1,0,0
917,342,904,1,0,0
918,2,403,1,0,0
919,525,390,1,0,0
920,603,612,1,0,0
921,396,955,1,1,0
922,573,859,0,1,0
923,660,437,1,1,0
924,642,120,1,0,0
925,446,864,0,1,0
926,914,621,0,1,0
927,217,10,1,0,0
928,685,489,0,1,0
929,889,496,1,0,0
930,411,48,1,0,0
931,937,602,1,0,0
932,203,116,1,1,0
933,575,584,1,0,0
934,961,882,1,0,0
935,150,109,1,1,0
936,765,47,1,0,0
937,716,285,1,0,0
938,488,469,1,0,0
939,430,495,1,0,0
940,433,841,0,1,0
941,125,358,1,1,0
942,669,197,1,1,0
943,637,165,1,1,0
944,844,57,1,0,0
945,192,419,1,0,0
946,525,850,0,1,0
947,603,852,1,0,0
948,0,908,1,0,0
949,934,543,1,0,0
950,340,633,1,0,0
951,202,601,1,0,0
952,434,978,1,0,0
953,513,646,1,0,0
954,626,499,1,1,0
955,192,27,1,0,0
956,295,242,1,1,0
957,405,197,1,0,0
958,485,330,1,0,0
959,755,671,1,1,0
960,669,943,0,1,0
961,253,702,1,0,0
962,731,990,1,1,0
963,321,394,1,1,0
964,61,6,1,0,0
965,376,122,1,0,0
966,531,217,1,0,0
967,32,785,1,0,0
968,209,304,1,0,0
969,155,61,1,0,0
970,4,673,0,1,0
971,446,578,1,0,0
972,483,203,0,1,0
973,756,805,0,1,0
974,7,719,1,0,0
975,400,402,1,0,0
976,792,639,1,1,0
977,354,659,1,0,0
978,523,162,0,1,0
979,233,809,0,1,0
980,789,343,0,1,0
981,630,887,1,0,0
982,468,228,0,1,0
983,448,430,1,0,0
984,217,415,1,0,0
985,423,273,0,1,0
986,650,950,0,1,0
987,724,25,1,0,0
988,511,323,0,1,0
989,125,668,1,0,0
990,96,560,1,1,0
991,648,182,0,1,0
992,222,82,0,1,0
993,1,24,0,1,0
994,217,205,1,0,0
995,785,910,1,1,0
996,604,632,1,0,0
997,160,139,1,1,0
998,729,601,1,0,0
999,729,562,0,1,0
