Index,x,y,alive,infected,immune
0,775,286,0,1,0
1,40,629,1,0,1
2,940,207,0,0,1
3,509,858,1,0,1
4,908,710,0,1,0
5,449,145,0,1,0
6,444,51,0,1,0
7,972,533,0,1,0
8,298,756,1,0,1
9,855,595,0,1,0
10,388,138,0,1,0
11,663,132,0,1,0
12,560,953,0,1,0
13,92,295,0,1,0
14,831,287,0,1,0
15,78,805,0,1,0
16,537,335,1,0,1
17,793,626,0,1,0
18,960,213,0,1,0
19,588,836,0,1,0
20,977,625,0,1,0
21,356,348,0,1,0
22,506,769,0,1,0
23,248,64,1,0,1
24,195,399,0,1,0
25,5,153,0,1,0
26,788,983,0,1,0
27,710,495,0,1,0
28,116,137,0,1,0
29,526,917,0,1,0
30,691,740,0,1,0
31,561,1,0,1,0
32,773,886,1,0,1
33,954,393,1,0,1
34,217,904,0,1,0
35,281,0,0,1,0
36,629,5,1,0,1
37,856,722,0,1,0
38,67,598,0,1,0
39,394,755,0,1,0
40,147,39,0,1,0
41,677,519,1,0,1
42,496,174,1,0,1
43,125,410,0,1,0
44,444,285,0,1,0
45,188,122,0,1,0
46,531,881,1,0,1
47,770,581,0,1,0
48,728,328,0,1,0
49,435,164,0,1,0
50,498,909,0,1,0
51,898,779,0,1,0
52,137,384,0,1,0
53,155,376,0,1,0
54,296,883,0,1,0
55,569,313,0,0,1
56,741,148,0,1,0
57,584,264,0,1,0
58,178,389,0,1,0
59,990,407,0,1,0
60,216,538,0,1,0
61,594,2,0,1,0
62,373,963,0,1,0
63,183,490,0,1,0
64,6,962,0,1,0
65,964,386,1,0,1
66,67,797,0,1,0
67,758,862,0,1,0
68,636,762,0,1,0
69,664,938,0,1,0
70,580,800,0,1,0
71,771,39,0,1,0
72,594,819,0,1,0
73,632,737,0,1,0
74,335,9,0,1,0
75,978,157,1,0,1
76,99,346,0,1,0
77,424,236,1,0,1
78,334,731,1,0,1
79,919,89,0,1,0
80,97,513,0,1,0
81,779,827,0,1,0
82,167,150,0,1,0
83,187,892,0,1,0
84,340,536,0,1,0
85,204,410,0,1,0
86,409,718,1,0,1
87,875,584,0,1,0
88,553,162,0,1,0
89,637,930,0,1,0
90,325,177,0,1,0
91,237,521,0,1,0
92,281,424,0,1,0
93,478,882,0,1,0
94,674,451,0,1,0
95,192,939,0,1,0
96,722,924,0,1,0
97,638,524,0,1,0
98,61,45,0,1,0
99,646,143,0,1,0
100,230,298,1,0,0
101,801,430,1,0,0
102,699,864,1,1,0
103,5,33,1,1,0
104,665,440,1,1,0
105,565,563,1,0,0
106,865,229,1,0,0
107,641,219,0,1,0
108,854,374,1,1,0
109,757,653,1,1,0
110,334,848,1,0,0
111,6,776,1,0,0
112,780,437,1,0,0
113,893,327,1,0,0
114,566,324,1,1,0
115,880,563,0,1,0
116,93,971,1,0,0
117,731,846,0,1,0
118,413,4,1,0,0
119,152,749,1,0,0
120,694,500,1,1,0
121,881,507,1,0,0
122,984,495,1,0,0
123,672,89,1,0,0
124,306,325,1,0,0
125,820,634,1,0,1
126,808,0,1,0,0
127,656,797,1,0,0
128,212,726,1,0,0
129,531,2,1,1,0
130,377,773,1,0,0
131,2,180,1,0,0
132,947,246,0,1,0
133,76,253,0,1,0
134,704,572,1,1,0
135,318,494,1,0,0
136,210,200,1,0,0
137,561,605,1,0,0
138,642,713,1,1,0
139,590,151,1,0,1
140,0,421,0,1,0
141,570,729,1,0,0
142,490,374,1,0,0
143,759,108,0,1,0
144,401,699,1,0,0
145,191,84,0,1,0
146,547,523,1,0,0
147,444,629,1,0,0
148,690,352,0,1,0
149,286,178,1,0,0
150,83,172,1,1,0
151,636,373,1,0,0
152,386,403,1,0,0
153,372,356,1,1,0
154,6,901,1,0,0
155,133,174,1,1,0
156,557,516,1,0,0
157,178,290,1,0,0
158,367,701,1,0,0
159,839,612,1,1,0
160,825,748,0,1,0
161,126,566,1,0,0
162,717,753,1,0,0
163,610,166,1,0,0
164,80,536,0,1,0
165,565,867,0,1,0
166,896,271,1,0,0
167,316,205,0,1,0
168,238,0,1,0,0
169,853,945,1,0,0
170,515,723,1,0,0
171,938,538,0,1,0
172,155,215,1,0,0
173,7,926,1,0,0
174,58,856,1,0,0
175,71,99,1,0,0
176,613,379,1,1,0
177,385,416,1,0,0
178,382,606,1,0,0
179,709,7,1,0,0
180,542,102,1,0,0
181,924,616,1,1,0
182,429,957,1,0,0
183,742,255,1,0,0
184,363,309,1,0,0
185,507,63,1,0,0
186,801,376,1,1,0
187,665,502,0,1,0
188,412,940,1,0,0
189,817,108,1,0,0
190,930,564,1,0,0
191,928,949,1,0,0
192,914,217,0,1,0
193,492,253,0,1,0
194,966,534,0,1,0
195,495,243,1,1,0
196,2,676,1,1,0
197,965,957,1,0,0
198,761,888,1,0,0
199,805,593,0,1,0
200,543,601,1,0,0
201,184,790,1,0,0
202,311,853,1,1,0
203,947,8,1,0,0
204,36,749,1,0,0
205,640,912,0,1,0
206,223,338,1,0,0
207,760,314,1,0,0
208,291,601,1,0,0
209,754,133,1,0,0
210,215,982,1,0,0
211,703,777,1,0,0
212,96,613,0,1,0
213,636,769,0,1,0
214,990,506,1,0,0
215,536,758,1,0,0
216,261,67,0,1,0
217,388,265,1,0,0
218,643,430,1,0,0
219,309,10,1,0,0
220,7,785,1,0,0
221,797,148,0,1,0
222,5,550,1,0,0
223,349,178,0,1,0
224,275,459,0,1,0
225,652,642,1,0,0
226,399,551,1,0,0
227,512,619,1,0,0
228,948,715,0,1,0
229,421,344,1,0,0
230,261,154,1,0,0
231,938,170,1,0,0
232,829,129,1,0,0
233,222,760,1,0,0
234,361,651,1,1,0
235,644,492,0,1,0
236,345,829,1,0,0
237,308,3,1,0,0
238,472,395,1,0,0
239,226,890,0,1,0
240,247,67,1,1,0
241,275,889,0,1,0
242,300,226,0,1,0
243,199,304,1,1,0
244,299,892,0,1,0
245,895,581,1,1,0
246,719,118,1,0,0
247,553,827,0,1,0
248,321,9,0,1,0
249,692,871,0,1,0
250,836,599,0,1,0
251,915,627,1,1,0
252,719,697,0,1,0
253,638,42,1,0,0
254,147,277,1,0,0
255,124,448,0,1,0
256,621,394,1,0,0
257,726,578,0,1,0
258,585,537,1,0,0
259,725,805,1,0,0
260,816,526,1,1,0
261,460,547,1,0,0
262,5,515,1,1,0
263,979,599,1,1,0
264,79,621,0,1,0
265,161,346,1,0,0
266,118,919,1,0,0
267,274,28,1,0,0
268,730,144,1,0,0
269,892,9,1,0,0
270,781,702,1,0,0
271,760,206,1,0,0
272,864,925,1,0,1
273,508,696,1,0,0
274,157,408,1,0,1
275,164,921,0,1,0
276,467,77,0,0,1
277,615,615,1,0,0
278,482,501,1,0,0
279,384,7,1,0,0
280,218,252,1,0,0
281,208,744,1,0,0
282,513,726,1,0,0
283,953,878,1,0,0
284,810,737,1,0,0
285,821,2,1,0,0
286,870,954,1,1,0
287,6,39,0,1,0
288,7,695,1,0,0
289,240,741,1,0,0
290,540,357,1,0,0
291,904,89,1,0,0
292,65,861,1,0,0
293,9,244,1,0,0
294,42,852,1,0,0
295,230,629,1,0,0
296,238,686,1,0,0
297,400,154,1,0,0
298,738,717,0,1,0
299,46,274,1,0,0
300,380,728,1,1,0
301,659,572,1,1,0
302,110,156,1,1,0
303,7,498,0,1,0
304,574,239,0,1,0
305,942,0,1,0,0
306,728,111,0,1,0
307,623,242,1,1,0
308,838,10,1,0,0
309,487,301,1,1,0
310,950,311,1,0,0
311,723,487,1,0,0
312,246,780,1,0,0
313,352,2,1,0,0
314,4,244,1,0,0
315,880,647,0,1,0
316,3,790,1,0,0
317,744,723,0,0,1
318,493,673,1,0,0
319,61,990,1,0,0
320,680,824,1,0,0
321,800,643,1,0,1
322,850,694,0,1,0
323,770,640,1,1,0
324,7,503,0,1,0
325,624,818,0,1,0
326,362,90,1,0,0
327,861,430,1,0,0
328,117,473,1,0,0
329,158,442,1,0,0
330,696,782,1,0,0
331,7,150,0,1,0
332,679,922,0,1,0
333,186,915,0,1,0
334,272,427,1,0,0
335,797,697,1,0,0
336,840,348,1,1,0
337,458,67,0,1,0
338,758,7,0,1,0
339,6,707,1,0,0
340,886,624,1,1,0
341,789,718,1,0,0
342,503,644,1,0,0
343,557,1,0,1,0
344,946,950,1,0,0
345,505,588,1,0,0
346,222,284,1,0,0
347,315,459,0,1,0
348,243,438,1,0,0
349,788,193,1,0,0
350,104,815,1,0,0
351,532,309,1,1,0
352,413,874,1,0,0
353,786,734,1,0,0
354,859,889,1,0,0
355,60,771,1,0,0
356,137,704,1,0,0
357,103,431,0,1,0
358,561,638,1,0,0
359,611,940,0,1,0
360,320,410,1,1,0
361,2,816,1,0,0
362,708,974,0,1,0
363,673,357,1,0,0
364,846,893,1,0,0
365,857,807,0,1,0
366,320,168,0,1,0
367,400,684,1,0,0
368,245,416,1,0,0
369,124,465,1,0,1
370,679,899,1,1,0
371,0,886,1,0,0
372,740,520,1,1,0
373,375,925,0,1,0
374,897,844,0,1,0
375,455,180,0,1,0
376,164,782,1,0,0
377,514,828,0,1,0
378,527,610,1,0,0
379,158,784,1,0,0
380,772,337,0,1,0
381,838,704,1,1,0
382,805,377,1,1,0
383,462,10,1,0,0
384,844,157,1,0,0
385,412,960,1,1,0
386,858,718,1,1,0
387,289,140,1,0,0
388,751,9,0,1,0
389,351,194,1,1,0
390,6,21,0,1,0
391,46,910,1,0,0
392,181,124,0,1,0
393,283,863,0,1,0
394,725,506,1,1,0
395,257,1,1,0,0
396,82,476,1,0,0
397,940,808,1,0,0
398,197,184,0,1,0
399,688,90,1,0,0
400,536,424,1,0,0
401,717,556,1,1,0
402,324,492,1,0,0
403,306,46,1,0,0
404,273,656,1,0,0
405,883,198,1,0,0
406,729,459,1,0,0
407,333,521,1,0,0
408,8,755,1,0,0
409,617,102,1,0,0
410,284,725,1,1,0
411,445,58,1,1,0
412,463,350,1,0,0
413,744,833,1,1,0
414,231,787,1,0,0
415,509,225,1,0,0
416,124,602,1,0,0
417,469,907,0,1,0
418,296,874,1,1,0
419,368,303,1,0,0
420,695,454,1,0,0
421,832,772,0,1,0
422,49,633,1,1,0
423,412,67,1,0,0
424,115,327,1,1,0
425,127,382,0,1,0
426,38,785,0,1,0
427,390,589,1,0,0
428,980,2,1,0,0
429,597,975,0,1,0
430,348,97,1,0,0
431,568,706,1,0,0
432,915,273,1,0,0
433,864,450,1,0,0
434,374,794,1,0,0
435,850,417,1,0,0
436,488,10,1,0,0
437,831,645,1,1,0
438,499,589,1,0,0
439,848,202,1,0,0
440,295,35,0,1,0
441,735,532,1,1,0
442,444,501,1,0,0
443,282,347,1,0,0
444,164,234,1,0,0
445,257,417,1,0,0
446,801,710,1,0,0
447,447,899,0,1,0
448,705,115,1,0,0
449,142,241,1,0,0
450,917,334,1,0,0
451,322,928,0,1,0
452,957,92,1,0,0
453,179,724,1,0,0
454,589,700,1,0,0
455,588,327,1,1,0
456,990,900,1,0,0
457,636,324,0,1,0
458,344,754,0,1,0
459,10,840,1,0,0
460,978,6,1,0,0
461,366,452,1,0,0
462,618,551,1,1,0
463,791,440,1,0,0
464,583,805,0,1,0
465,793,544,0,1,0
466,275,129,1,0,0
467,491,421,1,0,0
468,27,7,1,0,1
469,685,381,1,0,0
470,690,975,0,1,0
471,36,529,1,1,0
472,854,5,1,0,0
473,8,564,1,0,0
474,280,104,1,1,0
475,336,1,1,1,0
476,371,405,1,0,0
477,488,489,1,0,0
478,385,902,1,1,0
479,817,228,1,0,0
480,858,454,1,0,0
481,291,241,1,1,0
482,231,882,1,0,1
483,482,862,0,1,0
484,952,729,0,1,0
485,656,552,0,1,0
486,283,430,0,1,0
487,94,634,1,0,0
488,340,799,1,0,0
489,587,330,1,1,0
490,914,846,1,1,0
491,400,262,0,1,0
492,990,15,1,0,0
493,799,79,1,0,0
494,594,266,0,1,0
495,73,642,0,1,0
496,93,108,1,0,0
497,582,504,0,1,0
498,154,764,1,0,0
499,922,229,1,1,0
500,313,220,1,0,0
501,117,900,1,0,0
502,567,5,0,1,0
503,754,5,0,1,0
504,248,322,1,0,0
505,647,531,1,1,0
506,765,776,1,1,0
507,609,373,0,1,0
508,412,65,1,1,0
509,135,615,1,0,0
510,554,980,1,1,0
511,893,542,0,1,0
512,910,190,1,0,0
513,105,717,1,0,0
514,602,138,1,1,0
515,151,146,1,1,0
516,832,431,1,0,0
517,587,117,1,0,0
518,626,258,0,1,0
519,447,128,0,1,0
520,813,658,0,1,0
521,840,159,1,0,0
522,351,623,1,0,0
523,495,672,1,0,0
524,883,918,0,1,0
525,568,411,1,0,0
526,9,37,0,1,0
527,437,366,1,0,0
528,754,6,0,1,0
529,283,530,1,0,1
530,900,605,1,0,1
531,434,737,1,0,0
532,156,910,1,1,0
533,140,188,0,1,0
534,857,430,1,0,0
535,201,900,1,1,0
536,842,644,0,1,0
537,401,622,1,0,0
538,388,91,1,0,0
539,538,341,1,0,0
540,512,685,1,0,0
541,548,672,1,0,0
542,703,431,1,0,0
543,958,53,1,0,0
544,334,275,1,0,0
545,46,962,1,0,0
546,116,356,0,1,0
547,428,460,1,0,0
548,39,751,1,0,0
549,622,525,0,1,0
550,765,413,0,1,0
551,222,959,1,0,0
552,843,316,1,1,0
553,363,786,1,0,0
554,476,706,1,0,0
555,119,875,1,0,0
556,314,635,1,0,0
557,324,932,1,1,0
558,845,613,1,1,0
559,787,507,1,1,0
560,724,646,1,0,0
561,662,716,1,0,0
562,875,589,0,1,0
563,396,872,1,1,0
564,6,142,1,1,0
565,231,749,1,0,0
566,276,102,1,0,0
567,278,333,1,0,0
568,714,106,1,1,0
569,146,949,1,0,0
570,819,594,1,0,1
571,303,659,1,0,0
572,537,307,1,1,0
573,246,632,1,0,0
574,867,456,1,0,0
575,501,151,0,1,0
576,90,864,1,0,0
577,326,832,1,0,0
578,235,165,1,0,0
579,721,124,1,0,0
580,184,774,1,0,0
581,8,370,1,0,0
582,372,294,1,0,0
583,517,929,0,1,0
584,312,130,1,1,0
585,157,563,1,0,0
586,809,277,1,0,0
587,801,2,1,0,0
588,191,518,1,0,0
589,580,758,1,0,0
590,580,329,1,0,0
591,825,449,1,0,0
592,835,819,0,1,0
593,252,721,1,0,0
594,768,616,0,1,0
595,571,941,1,1,0
596,297,870,0,1,0
597,766,477,1,0,0
598,171,240,1,0,0
599,154,468,1,1,0
600,874,248,1,0,0
601,775,814,0,1,0
602,761,546,0,1,0
603,2,429,0,1,0
604,602,128,0,1,0
605,342,414,1,1,0
606,805,948,1,0,0
607,174,352,0,1,0
608,595,640,1,0,0
609,243,321,1,0,0
610,787,877,1,0,0
611,355,244,1,0,0
612,245,912,0,1,0
613,63,538,0,1,0
614,636,832,1,0,0
615,507,2,0,1,0
616,933,757,1,0,0
617,694,570,0,1,0
618,488,250,0,1,0
619,684,218,0,1,0
620,958,104,0,1,0
621,474,395,1,0,0
622,539,4,0,1,0
623,183,306,1,0,0
624,777,361,1,1,0
625,338,546,1,0,0
626,1,20,1,1,0
627,159,318,1,0,0
628,833,1,1,0,0
629,664,750,0,1,0
630,774,466,1,0,0
631,929,939,1,0,0
632,938,810,1,0,0
633,199,297,1,0,0
634,861,302,1,0,0
635,495,933,0,1,0
636,805,880,0,1,0
637,143,409,0,1,0
638,353,482,1,0,0
639,664,410,1,1,0
640,130,773,1,0,0
641,968,588,0,1,0
642,7,967,0,1,0
643,879,616,0,1,0
644,439,232,0,1,0
645,77,222,0,1,0
646,568,291,1,0,0
647,991,644,0,1,0
648,79,325,0,1,0
649,667,448,0,1,0
650,954,990,1,0,0
651,836,299,1,0,0
652,231,461,1,0,0
653,219,2,1,0,0
654,9,824,1,0,0
655,508,0,0,1,0
656,456,458,1,0,0
657,599,211,0,1,0
658,303,749,0,1,0
659,208,44,1,0,0
660,278,56,1,1,0
661,352,684,1,0,0
662,346,34,1,0,0
663,727,497,1,1,0
664,137,698,1,0,0
665,201,544,1,0,0
666,148,391,0,1,0
667,634,131,1,0,0
668,902,606,0,1,0
669,921,3,1,0,0
670,173,290,1,1,0
671,778,718,1,0,0
672,874,692,0,1,0
673,811,328,1,0,1
674,699,248,0,1,0
675,614,594,1,0,0
676,811,768,1,0,0
677,939,929,1,0,0
678,411,395,1,0,0
679,57,142,1,1,0
680,575,467,1,0,0
681,489,5,1,0,0
682,207,654,1,0,0
683,57,571,0,1,0
684,181,97,0,1,0
685,359,137,1,0,1
686,920,136,0,1,0
687,807,498,1,1,0
688,605,776,1,0,0
689,804,674,1,0,0
690,600,626,1,0,0
691,292,699,1,0,0
692,765,798,1,1,0
693,542,872,0,1,0
694,714,262,1,0,0
695,646,403,0,1,0
696,810,387,1,0,1
697,580,354,1,1,0
698,273,456,1,1,0
699,170,727,1,0,0
700,703,316,1,0,0
701,34,922,1,0,0
702,539,403,1,0,0
703,397,6,1,0,0
704,332,900,0,1,0
705,4,645,1,0,0
706,547,869,1,1,0
707,503,744,1,0,0
708,843,309,0,1,0
709,536,10,1,1,0
710,656,209,0,1,0
711,437,575,1,0,0
712,0,579,1,0,0
713,869,846,0,1,0
714,872,443,1,0,0
715,582,9,0,1,0
716,74,769,1,0,0
717,773,723,1,0,0
718,398,434,1,0,0
719,620,896,1,1,0
720,369,401,1,0,0
721,836,138,1,0,0
722,909,158,1,0,0
723,874,882,1,1,0
724,69,808,0,1,0
725,548,188,1,0,0
726,404,432,1,0,0
727,18,948,1,0,0
728,431,728,1,0,0
729,4,523,0,1,0
730,173,204,1,0,0
731,114,676,1,0,0
732,539,859,1,0,1
733,355,178,1,1,0
734,8,268,1,0,0
735,244,535,1,1,0
736,551,464,1,0,0
737,199,9,1,0,0
738,14,857,1,0,0
739,111,725,1,0,0
740,84,139,0,1,0
741,937,1,1,0,0
742,696,852,1,0,0
743,360,607,1,0,0
744,874,603,0,1,0
745,431,827,1,0,1
746,127,303,1,0,0
747,5,520,1,1,0
748,471,588,1,0,0
749,899,178,1,0,0
750,990,874,1,0,0
751,875,24,1,0,0
752,315,434,1,1,0
753,4,945,1,0,0
754,585,239,0,1,0
755,495,488,1,0,0
756,845,533,1,0,0
757,861,803,0,1,0
758,474,817,1,0,0
759,8,160,1,0,1
760,633,190,0,1,0
761,538,952,0,1,0
762,628,545,0,1,0
763,886,459,1,0,0
764,334,5,0,1,0
765,455,751,1,0,0
766,737,463,1,0,0
767,167,698,1,0,0
768,981,40,1,0,0
769,353,37,1,0,0
770,336,142,1,1,0
771,332,530,1,1,0
772,887,707,1,1,0
773,860,614,0,1,0
774,868,540,0,1,0
775,615,741,0,1,0
776,877,371,1,0,0
777,187,87,0,1,0
778,947,637,1,0,0
779,118,6,1,0,0
780,206,792,1,0,0
781,653,538,0,1,0
782,350,79,1,0,0
783,210,278,1,0,0
784,311,939,1,0,0
785,776,124,1,1,0
786,863,61,1,0,0
787,593,807,0,1,0
788,10,911,1,0,0
789,64,961,1,0,0
790,529,97,0,1,0
791,229,572,0,1,0
792,5,983,1,0,0
793,39,699,0,1,0
794,253,579,1,1,0
795,955,681,1,0,1
796,467,631,1,0,0
797,932,298,1,0,0
798,897,607,0,1,0
799,839,439,1,0,0
800,478,490,1,0,0
801,254,245,1,0,0
802,372,262,1,0,0
803,291,164,1,1,0
804,501,9,0,1,0
805,740,223,1,0,0
806,938,377,0,1,0
807,404,117,1,1,0
808,782,578,1,0,0
809,913,248,1,0,0
810,822,602,0,1,0
811,718,404,1,0,0
812,870,589,0,1,0
813,209,629,1,0,0
814,823,10,1,0,0
815,527,414,1,0,0
816,528,197,1,0,0
817,391,817,1,0,0
818,729,520,1,1,0
819,836,877,0,1,0
820,132,677,1,0,0
821,534,42,0,1,0
822,346,666,0,1,0
823,919,858,1,0,0
824,96,683,1,0,0
825,579,759,1,0,0
826,406,45,1,0,0
827,612,892,0,1,0
828,570,938,0,1,0
829,742,519,0,1,0
830,532,658,1,0,0
831,602,597,1,0,0
832,217,407,0,1,0
833,179,36,1,0,0
834,10,194,1,0,0
835,760,434,1,0,0
836,420,311,1,1,0
837,968,778,1,0,0
838,106,384,1,1,0
839,894,939,1,0,0
840,226,563,0,1,0
841,374,691,1,0,0
842,277,946,1,0,0
843,491,601,1,0,0
844,176,371,1,0,1
845,656,146,0,1,0
846,431,296,0,1,0
847,248,745,1,0,0
848,857,793,0,1,0
849,909,863,1,0,0
850,596,20,1,0,0
851,375,598,1,0,0
852,216,814,1,1,0
853,121,648,1,0,0
854,486,209,0,1,0
855,268,413,1,1,0
856,388,907,0,1,0
857,294,788,1,0,0
858,424,425,1,0,0
859,951,131,0,1,0
860,417,916,0,1,0
861,786,912,1,1,0
862,5,280,1,0,0
863,790,96,1,0,0
864,219,301,1,0,0
865,233,548,1,0,1
866,100,226,1,0,0
867,49,231,0,1,0
868,732,675,1,0,0
869,615,403,1,0,0
870,672,843,1,0,0
871,309,740,0,1,0
872,141,245,1,0,0
873,896,414,1,0,0
874,688,383,0,1,0
875,954,944,1,0,0
876,871,698,1,1,0
877,207,332,1,0,0
878,909,569,1,0,0
879,579,726,1,0,0
880,328,942,0,1,0
881,477,448,1,0,0
882,9,31,1,0,1
883,833,358,0,1,0
884,4,672,0,1,0
885,550,835,0,1,0
886,515,179,1,0,0
887,334,699,0,1,0
888,551,214,1,0,0
889,153,28,1,1,0
890,632,695,0,1,0
891,445,318,0,1,0
892,906,703,1,1,0
893,27,828,1,0,0
894,484,966,1,0,0
895,93,7,1,0,0
896,875,243,1,0,0
897,728,193,1,0,0
898,310,247,1,0,0
899,100,917,1,0,0
900,478,386,1,0,0
901,587,2,0,1,0
902,340,705,1,1,0
903,671,663,1,0,0
904,880,708,1,1,0
905,670,517,0,1,0
906,2,112,1,0,0
907,248,771,1,0,0
908,107,605,1,1,0
909,107,970,1,0,0
910,990,389,1,0,1
911,195,185,1,1,0
912,605,710,1,1,0
913,624,714,0,1,0
914,514,205,0,1,0
915,615,396,1,0,0
916,861,972,1,0,0
917,341,894,1,0,0
918,2,403,1,0,0
919,528,399,1,0,0
920,597,607,1,0,0
921,380,923,1,1,0
922,570,855,0,1,0
923,671,420,1,1,0
924,634,121,1,0,0
925,449,852,0,1,0
926,929,624,0,1,0
927,217,10,1,0,0
928,673,495,0,1,0
929,882,512,1,0,0
930,416,36,1,0,0
931,928,622,1,0,0
932,199,106,0,1,0
933,556,574,1,0,0
934,953,884,1,0,0
935,155,117,1,1,0
936,766,33,1,1,0
937,698,290,1,0,0
938,498,472,1,0,0
939,418,489,1,0,0
940,429,847,0,1,0
941,130,326,1,1,0
942,660,172,1,1,0
943,648,172,1,1,0
944,854,72,1,0,0
945,181,413,1,0,0
946,536,865,0,1,0
947,610,843,1,0,0
948,8,908,1,0,0
949,932,543,1,0,0
950,347,624,1,0,0
951,203,617,1,0,0
952,431,983,1,0,0
953,502,653,1,0,0
954,619,521,0,1,0
955,193,25,1,0,0
956,288,233,1,1,0
957,417,204,1,0,0
958,488,326,1,0,0
959,757,669,1,1,0
960,673,942,0,1,0
961,268,709,1,0,0
962,731,990,1,1,0
963,299,395,1,1,0
964,61,3,1,0,0
965,360,132,1,0,0
966,524,204,1,0,0
967,29,791,1,1,0
968,213,295,1,0,0
969,166,60,1,0,0
970,5,673,0,1,0
971,448,583,1,0,0
972,483,201,0,1,0
973,743,803,0,1,0
974,6,719,1,0,0
975,405,401,1,0,0
976,797,653,1,1,0
977,360,654,1,1,0
978,524,157,0,1,0
979,242,798,0,1,0
980,779,353,0,1,0
981,628,882,1,0,0
982,463,224,0,1,0
983,453,429,1,0,0
984,220,415,1,0,0
985,427,277,0,1,0
986,655,956,0,1,0
987,720,31,1,0,0
988,508,325,0,1,0
989,138,648,1,0,0
990,87,565,1,0,1
991,648,167,0,1,0
992,228,75,0,1,0
993,3,24,0,1,0
994,222,209,1,0,0
995,761,899,1,1,0
996,592,637,1,0,0
997,153,147,1,1,0
998,725,604,1,0,0
999,737,564,0,1,0
