Index,x,y,alive,infected,immune
0,779,305,0,1,0
1,30,639,1,0,1
2,940,217,0,0,1
3,543,874,1,0,1
4,912,719,0,1,0
5,463,147,0,1,0
6,453,38,0,1,0
7,960,529,0,1,0
8,295,752,1,0,1
9,862,599,0,1,0
10,365,144,0,1,0
11,673,153,0,1,0
12,572,964,0,1,0
13,71,295,0,1,0
14,827,295,0,1,0
15,80,795,0,1,0
16,515,337,1,0,1
17,790,617,0,1,0
18,951,191,0,1,0
19,580,841,0,1,0
20,967,640,0,1,0
21,369,348,0,1,0
22,507,771,0,1,0
23,252,66,1,0,1
24,202,388,0,1,0
25,6,153,0,1,0
26,772,979,0,1,0
27,689,496,0,1,0
28,123,164,0,1,0
29,511,939,0,1,0
30,706,735,0,1,0
31,561,0,0,1,0
32,756,869,1,0,1
33,968,401,1,0,1
34,209,911,0,1,0
35,281,5,0,1,0
36,629,4,1,0,1
37,851,749,0,1,0
38,70,593,0,1,0
39,398,728,0,1,0
40,127,30,0,1,0
41,651,513,1,0,1
42,486,188,1,0,1
43,130,418,0,1,0
44,462,275,0,1,0
45,191,115,0,1,0
46,529,879,1,0,1
47,759,574,0,1,0
48,728,345,0,1,0
49,432,133,0,1,0
50,490,908,0,1,0
51,895,791,0,1,0
52,142,377,0,1,0
53,176,367,0,1,0
54,286,892,0,1,0
55,584,294,0,0,1
56,748,159,0,1,0
57,593,275,0,1,0
58,165,380,0,1,0
59,990,407,0,1,0
60,220,551,0,1,0
61,594,3,0,1,0
62,384,966,0,1,0
63,159,481,0,1,0
64,3,962,0,1,0
65,941,379,1,0,1
66,73,805,0,1,0
67,765,844,0,1,0
68,638,753,0,1,0
69,671,939,0,1,0
70,573,828,0,1,0
71,766,26,0,1,0
72,599,799,0,1,0
73,641,733,0,1,0
74,335,2,0,1,0
75,973,138,1,0,1
76,108,330,0,1,0
77,429,227,1,0,1
78,323,712,1,0,1
79,920,95,0,1,0
80,111,500,0,1,0
81,788,818,0,1,0
82,176,131,0,1,0
83,190,880,0,1,0
84,332,549,0,1,0
85,206,392,0,1,0
86,399,737,1,0,1
87,873,597,0,1,0
88,561,160,0,1,0
89,631,938,0,1,0
90,330,190,0,1,0
91,251,502,0,1,0
92,286,422,0,1,0
93,482,886,0,1,0
94,654,436,0,1,0
95,191,939,0,1,0
96,720,905,0,1,0
97,636,510,0,1,0
98,77,55,0,1,0
99,640,164,0,1,0
100,236,287,1,0,0
101,784,430,1,0,0
102,729,834,1,1,0
103,8,33,1,1,0
104,659,418,1,1,0
105,575,561,1,0,0
106,870,226,1,0,0
107,644,231,1,1,0
108,842,357,1,0,0
109,759,634,1,0,0
110,332,856,1,0,0
111,7,776,1,0,0
112,796,415,1,0,0
113,884,344,1,0,0
114,574,325,1,1,0
115,864,584,0,1,0
116,118,971,1,0,0
117,738,829,0,1,0
118,413,2,1,0,0
119,157,740,1,0,0
120,691,493,1,0,0
121,868,497,1,0,0
122,973,501,1,0,0
123,671,86,1,0,0
124,291,320,1,0,0
125,807,625,1,1,0
126,808,9,1,0,0
127,651,807,1,0,0
128,220,729,1,0,0
129,531,6,1,0,0
130,394,780,1,0,0
131,9,180,1,0,0
132,959,226,1,1,0
133,73,237,0,1,0
134,694,583,1,1,0
135,326,522,1,0,0
136,209,191,1,0,0
137,566,618,1,0,0
138,640,703,1,0,0
139,574,152,1,0,1
140,4,421,0,1,0
141,568,736,1,0,0
142,485,375,1,0,0
143,761,116,0,1,0
144,377,723,1,0,0
145,209,63,1,1,0
146,532,527,1,0,0
147,469,624,1,0,0
148,691,365,0,1,0
149,298,172,1,0,0
150,98,183,1,1,0
151,649,383,1,0,0
152,372,394,1,0,0
153,346,356,1,0,0
154,3,901,1,0,0
155,136,187,1,1,0
156,560,520,1,0,0
157,179,292,1,0,0
158,363,696,1,0,0
159,841,608,1,1,0
160,826,762,1,1,0
161,133,569,1,0,0
162,711,753,1,0,0
163,615,165,1,0,0
164,60,541,0,1,0
165,570,883,0,1,0
166,889,263,1,0,0
167,329,208,0,1,0
168,238,0,1,0,0
169,863,938,1,0,0
170,500,717,1,0,0
171,946,522,0,1,0
172,150,245,1,0,0
173,8,926,1,0,0
174,50,864,1,0,0
175,81,89,1,0,0
176,610,363,1,0,0
177,366,410,1,0,0
178,368,611,1,0,0
179,709,9,1,0,0
180,562,99,1,0,0
181,929,629,1,0,0
182,427,952,1,0,0
183,740,280,1,0,0
184,364,301,1,0,0
185,513,72,1,0,0
186,775,344,1,1,0
187,654,477,0,1,0
188,406,926,1,0,0
189,822,104,1,0,0
190,946,557,1,0,0
191,923,966,1,0,0
192,933,208,0,1,0
193,492,227,0,1,0
194,963,551,1,1,0
195,507,236,1,0,0
196,9,676,1,1,0
197,947,946,1,0,0
198,760,883,1,0,0
199,824,588,0,1,0
200,533,583,1,0,0
201,206,778,1,0,0
202,300,872,1,1,0
203,947,6,1,0,0
204,43,757,1,0,0
205,645,889,1,1,0
206,210,353,1,0,0
207,741,315,1,0,0
208,278,604,1,0,0
209,760,142,1,0,0
210,206,961,1,0,0
211,698,783,1,0,0
212,89,600,0,1,0
213,619,781,0,1,0
214,990,506,1,0,0
215,541,769,1,0,0
216,277,91,0,1,0
217,367,268,1,0,0
218,643,416,1,0,0
219,309,10,1,0,0
220,8,785,1,0,0
221,788,124,1,1,0
222,3,550,1,0,0
223,329,199,0,1,0
224,298,479,0,1,0
225,660,655,1,0,0
226,384,554,1,0,0
227,510,614,1,0,0
228,956,712,0,1,0
229,407,359,1,0,0
230,286,150,1,0,0
231,933,169,1,0,0
232,810,132,1,0,0
233,202,747,1,0,0
234,380,659,1,1,0
235,641,496,0,1,0
236,343,823,1,0,0
237,310,984,1,0,0
238,457,394,1,0,0
239,235,914,0,1,0
240,264,68,1,1,0
241,292,886,0,1,0
242,298,233,1,1,0
243,179,336,1,1,0
244,299,908,0,1,0
245,880,582,1,1,0
246,711,91,1,0,0
247,565,831,0,1,0
248,330,972,1,1,0
249,690,881,0,1,0
250,829,607,0,1,0
251,883,632,1,1,0
252,728,685,0,1,0
253,651,44,1,0,0
254,155,280,1,0,0
255,131,467,0,1,0
256,603,391,1,0,0
257,697,589,1,0,0
258,587,539,1,0,0
259,705,807,1,0,0
260,783,528,1,0,0
261,454,563,1,0,0
262,9,515,1,0,0
263,968,592,1,0,0
264,85,648,1,0,0
265,147,348,1,0,0
266,109,944,1,0,0
267,285,26,1,0,0
268,710,158,1,0,0
269,892,6,1,0,0
270,786,716,1,0,0
271,777,203,1,0,0
272,872,911,1,1,0
273,506,717,1,0,0
274,147,390,1,1,0
275,165,936,1,1,0
276,491,61,1,1,0
277,591,628,1,0,0
278,472,497,1,0,0
279,384,0,1,0,0
280,191,253,1,0,0
281,202,747,1,0,0
282,529,735,1,0,0
283,943,861,1,0,0
284,796,724,1,0,0
285,821,1,1,0,0
286,862,906,1,1,0
287,7,39,0,1,0
288,8,695,1,0,0
289,258,748,1,0,0
290,550,371,1,0,0
291,913,81,1,0,0
292,73,855,1,0,0
293,0,244,1,0,0
294,41,861,1,0,0
295,228,641,1,0,0
296,244,694,1,0,0
297,393,159,1,0,0
298,716,713,1,1,0
299,53,276,1,0,0
300,380,740,1,1,0
301,683,570,1,0,0
302,81,146,1,1,0
303,8,498,0,1,0
304,559,258,0,1,0
305,942,0,1,0,0
306,756,98,1,0,0
307,662,240,1,1,0
308,838,10,1,0,0
309,500,312,1,1,0
310,958,338,1,0,0
311,711,484,1,0,0
312,250,769,1,0,0
313,352,1,1,0,0
314,1,244,1,0,0
315,876,632,0,1,0
316,0,790,1,0,0
317,737,705,0,0,1
318,495,661,1,0,0
319,61,990,1,0,0
320,668,822,1,0,0
321,799,638,1,0,1
322,824,705,0,1,0
323,768,644,1,1,0
324,8,503,0,1,0
325,639,807,0,1,0
326,374,95,1,0,0
327,872,407,1,0,0
328,104,473,1,0,0
329,150,442,1,0,0
330,694,780,1,0,0
331,8,150,0,1,0
332,683,939,0,1,0
333,177,913,0,1,0
334,256,426,1,0,0
335,792,691,1,0,0
336,852,359,1,0,0
337,456,50,0,1,0
338,758,7,0,1,0
339,0,707,1,0,0
340,901,604,1,1,0
341,804,711,1,0,0
342,497,655,1,0,0
343,557,0,0,1,0
344,952,950,1,0,0
345,503,594,1,0,0
346,222,280,1,0,0
347,321,466,0,1,0
348,254,446,1,0,0
349,766,181,1,0,0
350,101,837,1,0,0
351,542,315,1,1,0
352,425,905,1,0,0
353,770,744,1,0,0
354,837,903,1,0,0
355,51,776,1,0,0
356,113,711,1,0,0
357,115,426,0,1,0
358,569,652,1,0,0
359,607,940,0,1,0
360,319,417,1,1,0
361,8,816,1,0,0
362,699,971,0,1,0
363,655,355,1,0,0
364,846,892,1,0,0
365,862,813,0,1,0
366,332,184,0,1,0
367,396,662,1,0,0
368,216,445,1,0,0
369,119,460,1,1,0
370,706,889,1,1,0
371,8,886,1,0,0
372,750,514,1,1,0
373,373,914,1,1,0
374,921,834,0,1,0
375,472,159,0,1,0
376,155,776,1,0,0
377,526,824,0,1,0
378,541,598,1,0,0
379,154,778,1,0,0
380,760,319,0,1,0
381,853,729,1,1,0
382,819,379,1,0,0
383,462,10,1,0,0
384,848,145,1,0,0
385,410,952,1,0,0
386,854,724,1,1,0
387,287,137,1,0,0
388,751,7,0,1,0
389,335,199,1,1,0
390,2,21,0,1,0
391,60,916,1,0,0
392,163,118,0,1,0
393,282,860,1,1,0
394,720,503,1,0,0
395,257,7,1,0,0
396,80,462,1,0,0
397,953,807,1,0,0
398,191,164,0,1,0
399,680,82,1,0,0
400,520,418,1,0,0
401,727,560,1,1,0
402,311,486,1,0,0
403,299,39,1,0,0
404,276,645,1,0,0
405,895,206,1,0,0
406,739,452,1,0,0
407,339,518,1,0,0
408,1,755,1,0,0
409,621,94,1,0,0
410,312,734,1,1,0
411,425,66,1,0,0
412,473,342,1,0,0
413,766,830,1,1,0
414,231,779,1,0,0
415,515,226,1,0,0
416,136,589,1,0,0
417,457,910,0,1,0
418,271,852,1,1,0
419,357,320,1,0,0
420,715,470,1,0,0
421,830,769,0,1,0
422,59,651,1,0,0
423,397,79,1,0,0
424,120,336,1,0,0
425,130,371,0,1,0
426,63,801,1,1,0
427,399,589,1,0,0
428,980,6,1,0,0
429,590,972,0,1,0
430,375,102,1,0,0
431,549,692,1,0,0
432,922,274,1,0,0
433,861,437,1,0,0
434,362,779,1,0,0
435,868,409,1,0,0
436,488,10,1,0,0
437,828,637,1,1,0
438,517,591,1,0,0
439,848,201,1,0,0
440,273,66,1,1,0
441,775,520,1,1,0
442,438,521,1,0,0
443,279,344,1,0,0
444,168,252,1,0,0
445,254,442,1,0,0
446,781,693,1,0,0
447,459,892,0,1,0
448,682,115,1,0,0
449,139,249,1,0,0
450,916,328,1,0,0
451,329,905,0,1,0
452,958,80,1,0,0
453,153,735,1,0,0
454,590,710,1,0,0
455,582,338,1,0,0
456,990,900,1,0,0
457,644,312,0,1,0
458,337,752,1,1,0
459,10,840,1,0,0
460,978,9,1,0,0
461,369,467,1,0,0
462,625,532,1,1,0
463,798,430,1,0,0
464,565,794,0,1,0
465,813,538,0,1,0
466,255,124,1,0,0
467,478,415,1,0,0
468,27,4,1,1,0
469,672,395,1,0,0
470,671,952,0,1,0
471,24,533,1,1,0
472,854,8,1,0,0
473,2,564,1,0,0
474,297,131,1,1,0
475,336,5,1,1,0
476,371,395,1,0,0
477,490,476,1,0,0
478,393,882,1,1,0
479,800,219,1,0,0
480,848,452,1,0,0
481,293,249,1,0,0
482,248,912,1,1,0
483,506,857,0,1,0
484,956,711,0,1,0
485,656,551,0,1,0
486,256,440,1,0,0
487,100,632,1,0,0
488,332,800,1,0,0
489,575,310,1,1,0
490,911,823,1,1,0
491,428,247,0,1,0
492,990,15,1,0,0
493,805,87,1,0,0
494,603,262,0,1,0
495,83,649,0,1,0
496,85,119,1,0,0
497,605,497,0,1,0
498,146,770,1,0,0
499,935,234,1,1,0
500,331,230,1,0,0
501,126,914,1,0,0
502,567,6,1,1,0
503,754,3,0,1,0
504,231,324,1,0,0
505,639,526,1,1,0
506,784,780,1,0,0
507,620,354,0,1,0
508,425,88,1,0,0
509,141,621,1,0,0
510,549,967,1,1,0
511,893,567,0,1,0
512,906,196,1,0,0
513,103,723,1,0,0
514,598,140,1,0,0
515,146,143,1,0,0
516,851,433,1,0,0
517,590,100,1,0,0
518,614,268,0,1,0
519,460,138,0,1,0
520,805,661,0,1,0
521,832,162,1,0,0
522,382,615,1,0,0
523,521,662,1,0,0
524,887,907,1,1,0
525,584,405,1,0,0
526,7,37,0,1,0
527,431,387,1,0,0
528,754,6,0,1,0
529,290,522,1,1,0
530,904,614,1,1,0
531,449,725,1,0,0
532,177,939,1,1,0
533,143,200,1,1,0
534,861,447,1,0,0
535,209,892,1,1,0
536,848,630,0,1,0
537,392,612,1,0,0
538,386,67,1,0,0
539,530,343,1,0,0
540,528,662,1,0,0
541,552,675,1,0,0
542,718,432,1,0,0
543,952,51,1,0,0
544,315,260,1,0,0
545,57,961,1,0,0
546,117,367,0,1,0
547,428,453,1,0,0
548,39,731,1,0,0
549,642,531,0,1,0
550,764,402,0,1,0
551,217,963,1,0,0
552,842,337,1,1,0
553,360,796,1,0,0
554,459,701,1,0,0
555,110,880,1,0,0
556,323,649,1,0,0
557,363,954,1,1,0
558,869,644,1,1,0
559,783,512,1,0,0
560,728,635,1,0,0
561,663,682,1,0,0
562,868,580,0,1,0
563,402,878,1,1,0
564,0,142,1,1,0
565,225,747,1,0,0
566,260,112,1,0,0
567,268,321,1,0,0
568,743,116,1,0,0
569,136,959,1,0,0
570,822,591,1,1,0
571,313,662,1,0,0
572,538,286,1,1,0
573,247,647,1,0,0
574,886,472,1,0,0
575,495,175,0,1,0
576,93,869,1,0,0
577,321,801,1,0,0
578,228,156,1,0,0
579,714,144,1,0,0
580,184,794,1,0,0
581,9,370,1,0,0
582,373,294,1,0,0
583,541,932,0,1,0
584,305,128,1,0,0
585,179,555,1,0,0
586,792,275,1,0,0
587,801,7,1,0,0
588,200,512,1,0,0
589,561,767,1,0,0
590,576,336,1,0,0
591,808,450,1,0,0
592,841,836,0,1,0
593,270,735,1,0,0
594,770,625,0,1,0
595,545,949,1,1,0
596,312,869,0,1,0
597,782,482,1,0,0
598,173,234,1,0,0
599,151,466,1,1,0
600,893,245,1,0,0
601,761,805,0,1,0
602,779,536,0,1,0
603,4,429,0,1,0
604,597,151,0,1,0
605,328,429,1,1,0
606,802,952,1,0,0
607,172,349,0,1,0
608,601,629,1,0,0
609,239,330,1,0,0
610,783,868,1,0,0
611,344,235,1,0,0
612,273,922,1,1,0
613,46,537,0,1,0
614,645,837,1,0,0
615,507,9,1,1,0
616,934,764,1,0,0
617,681,556,0,1,0
618,484,236,0,1,0
619,684,227,1,1,0
620,947,111,0,1,0
621,467,392,1,0,0
622,522,966,1,0,0
623,179,286,1,0,0
624,792,372,1,0,0
625,319,555,1,0,0
626,4,20,1,0,0
627,148,317,1,0,0
628,833,7,1,0,0
629,657,757,0,1,0
630,804,460,1,0,0
631,927,953,1,0,0
632,926,814,1,0,0
633,210,273,1,0,0
634,864,293,1,0,0
635,505,928,0,1,0
636,817,887,0,1,0
637,161,409,0,1,0
638,329,499,1,0,0
639,660,420,1,1,0
640,135,760,1,0,0
641,962,589,0,1,0
642,2,967,0,1,0
643,879,610,0,1,0
644,457,234,0,1,0
645,76,228,0,1,0
646,550,268,1,0,0
647,978,645,0,1,0
648,99,327,1,1,0
649,656,454,0,1,0
650,954,990,1,0,0
651,847,276,1,0,0
652,234,461,1,0,0
653,219,7,1,0,0
654,5,824,1,0,0
655,508,2,0,1,0
656,454,476,1,0,0
657,593,211,0,1,0
658,296,724,1,1,0
659,205,36,1,0,0
660,275,70,1,1,0
661,338,675,1,0,0
662,357,41,1,0,0
663,762,492,1,1,0
664,124,707,1,0,0
665,198,553,1,0,0
666,159,378,0,1,0
667,645,109,1,0,0
668,899,612,0,1,0
669,921,6,1,0,0
670,169,310,1,0,0
671,770,701,1,0,0
672,902,690,0,1,0
673,832,347,1,1,0
674,685,245,1,1,0
675,607,603,1,0,0
676,799,793,1,0,0
677,950,909,1,0,0
678,397,390,1,0,0
679,79,131,1,1,0
680,555,471,1,0,0
681,489,3,1,0,0
682,181,657,1,0,0
683,86,568,0,1,0
684,166,116,0,1,0
685,372,152,1,1,0
686,926,149,0,1,0
687,794,516,1,1,0
688,601,771,1,0,0
689,811,694,1,0,0
690,596,626,1,0,0
691,299,697,1,0,0
692,753,782,1,1,0
693,533,874,0,1,0
694,728,263,1,0,0
695,655,418,0,1,0
696,820,379,1,1,0
697,608,358,1,0,0
698,274,464,1,0,0
699,153,730,1,0,0
700,698,328,1,0,0
701,39,934,1,0,0
702,524,391,1,0,0
703,397,4,1,0,0
704,349,879,0,1,0
705,0,645,1,0,0
706,554,889,1,1,0
707,486,742,1,0,0
708,838,308,0,1,0
709,536,10,1,0,0
710,643,194,0,1,0
711,430,586,1,0,0
712,1,579,1,0,0
713,873,849,0,1,0
714,865,435,1,0,0
715,582,3,0,1,0
716,78,765,1,0,0
717,769,720,1,0,0
718,411,441,1,0,0
719,615,913,1,0,0
720,389,405,1,0,0
721,840,144,1,0,0
722,926,155,1,0,0
723,870,889,1,1,0
724,85,799,0,1,0
725,521,198,1,0,0
726,386,436,1,0,0
727,26,937,1,0,0
728,425,729,1,0,0
729,5,523,0,1,0
730,165,204,1,0,0
731,113,664,1,0,0
732,530,873,1,1,0
733,354,198,1,1,0
734,5,268,1,0,0
735,225,536,1,0,0
736,548,464,1,0,0
737,199,9,1,0,0
738,38,841,1,0,0
739,107,728,1,0,0
740,91,133,0,1,0
741,937,4,1,0,0
742,686,862,1,0,0
743,378,596,1,0,0
744,885,617,0,1,0
745,432,820,1,1,0
746,141,298,1,0,0
747,9,520,1,1,0
748,469,592,1,0,0
749,916,171,1,0,0
750,990,874,1,0,0
751,880,12,1,0,0
752,323,428,1,1,0
753,7,945,1,0,0
754,594,232,0,1,0
755,502,468,1,0,0
756,823,543,1,0,0
757,864,805,0,1,0
758,479,818,1,0,0
759,0,160,1,1,0
760,630,198,1,1,0
761,527,961,1,1,0
762,632,539,0,1,0
763,865,485,1,0,0
764,334,0,0,1,0
765,458,770,1,0,0
766,734,476,1,0,0
767,173,716,1,0,0
768,959,54,1,0,0
769,369,32,1,0,0
770,321,155,1,1,0
771,318,529,1,0,0
772,873,723,1,1,0
773,867,600,0,1,0
774,871,555,0,1,0
775,627,741,0,1,0
776,878,384,1,0,0
777,166,85,0,1,0
778,950,637,1,0,0
779,118,5,1,0,0
780,206,805,1,0,0
781,650,520,0,1,0
782,357,54,1,0,0
783,206,285,1,0,0
784,307,937,1,0,0
785,752,100,1,0,0
786,872,53,1,0,0
787,588,820,1,1,0
788,10,911,1,0,0
789,48,951,1,0,0
790,529,75,0,1,0
791,224,571,0,1,0
792,5,983,1,0,0
793,42,685,0,1,0
794,250,554,1,1,0
795,951,698,1,1,0
796,485,639,1,0,0
797,944,282,1,0,0
798,893,604,0,1,0
799,865,448,1,0,0
800,465,476,1,0,0
801,270,239,1,0,0
802,385,252,1,0,0
803,314,159,1,1,0
804,501,9,0,1,0
805,744,232,1,0,0
806,945,372,0,1,0
807,422,86,1,1,0
808,798,576,1,0,0
809,919,251,1,0,0
810,840,628,0,1,0
811,713,402,1,0,0
812,851,587,0,1,0
813,204,628,1,0,0
814,823,10,1,0,0
815,521,423,1,0,0
816,540,200,1,0,0
817,399,819,1,0,0
818,713,520,1,1,0
819,825,868,0,1,0
820,134,695,1,0,0
821,527,39,0,1,0
822,382,670,1,1,0
823,933,869,1,0,0
824,109,678,1,0,0
825,581,756,1,0,0
826,409,27,1,0,0
827,599,900,0,1,0
828,575,952,0,1,0
829,732,516,0,1,0
830,529,650,1,0,0
831,588,609,1,0,0
832,201,377,0,1,0
833,183,40,1,0,0
834,10,194,1,0,0
835,754,449,1,0,0
836,418,304,1,1,0
837,955,785,1,0,0
838,102,420,1,1,0
839,911,930,1,0,0
840,242,541,0,1,0
841,351,686,1,0,0
842,267,957,1,0,0
843,485,603,1,0,0
844,187,371,1,1,0
845,634,147,0,1,0
846,432,287,0,1,0
847,254,745,1,0,0
848,825,795,0,1,0
849,900,865,1,0,0
850,621,23,1,0,0
851,361,610,1,0,0
852,227,816,1,1,0
853,119,663,1,0,0
854,480,205,0,1,0
855,270,423,1,0,0
856,374,918,0,1,0
857,295,814,1,0,0
858,400,442,1,0,0
859,935,115,0,1,0
860,402,907,1,1,0
861,766,916,1,0,0
862,8,280,1,0,0
863,797,101,1,0,0
864,229,302,1,0,0
865,229,547,1,1,0
866,90,232,1,0,0
867,38,234,0,1,0
868,713,658,1,0,0
869,626,394,1,0,0
870,675,843,1,0,0
871,325,759,0,1,0
872,144,253,1,0,0
873,893,413,1,0,0
874,699,374,0,1,0
875,962,945,1,0,0
876,863,712,1,1,0
877,202,340,1,0,0
878,922,581,1,0,0
879,598,729,1,0,0
880,321,929,0,1,0
881,473,465,1,0,0
882,5,31,1,1,0
883,842,353,1,1,0
884,2,672,0,1,0
885,552,825,0,1,0
886,537,193,1,0,0
887,356,725,1,1,0
888,567,224,1,0,0
889,156,31,1,0,0
890,628,696,0,1,0
891,454,287,0,1,0
892,902,724,1,0,0
893,26,819,1,0,0
894,489,968,1,0,0
895,93,996,1,0,0
896,868,239,1,0,0
897,743,202,1,0,0
898,322,257,1,0,0
899,110,913,1,0,0
900,474,380,1,0,0
901,587,1,0,1,0
902,342,693,1,0,0
903,673,658,1,0,0
904,908,718,1,1,0
905,668,540,1,1,0
906,1,112,1,0,0
907,261,755,1,0,0
908,91,601,1,0,0
909,107,984,1,0,0
910,990,389,1,1,0
911,205,176,1,0,0
912,618,729,1,0,0
913,618,723,1,1,0
914,523,188,0,1,0
915,609,387,1,0,0
916,869,959,1,0,0
917,350,918,1,0,0
918,8,403,1,0,0
919,521,404,1,0,0
920,609,606,1,0,0
921,367,968,1,1,0
922,569,861,0,1,0
923,666,446,1,1,0
924,654,125,1,0,0
925,443,865,0,1,0
926,906,613,0,1,0
927,217,10,1,0,0
928,673,500,0,1,0
929,889,483,1,0,0
930,421,32,1,0,0
931,951,603,1,0,0
932,189,98,1,1,0
933,580,587,1,0,0
934,959,874,1,0,0
935,141,101,1,1,0
936,762,51,1,0,0
937,716,292,1,0,0
938,489,472,1,0,0
939,431,504,1,0,0
940,433,839,0,1,0
941,125,366,1,1,0
942,685,192,1,1,0
943,636,155,1,1,0
944,842,52,1,0,0
945,200,427,1,0,0
946,528,835,0,1,0
947,606,857,1,0,0
948,2,908,1,0,0
949,927,538,1,0,0
950,347,639,1,0,0
951,202,598,1,0,0
952,441,970,1,0,0
953,512,642,1,0,0
954,614,490,1,1,0
955,201,34,1,0,0
956,301,237,1,1,0
957,412,206,1,0,0
958,484,340,1,0,0
959,759,658,1,0,0
960,657,939,0,1,0
961,244,718,1,0,0
962,731,990,1,1,0
963,302,411,1,1,0
964,61,8,1,0,0
965,382,136,1,0,0
966,535,231,1,0,0
967,23,796,1,0,0
968,194,294,1,0,0
969,148,73,1,0,0
970,2,673,0,1,0
971,443,587,1,0,0
972,487,219,0,1,0
973,746,806,0,1,0
974,0,719,1,0,0
975,392,408,1,0,0
976,784,650,1,1,0
977,352,657,1,0,0
978,518,156,0,1,0
979,232,805,0,1,0
980,811,352,1,1,0
981,630,887,1,0,0
982,470,221,0,1,0
983,433,428,1,0,0
984,229,408,1,0,0
985,416,267,0,1,0
986,644,940,0,1,0
987,709,21,1,0,0
988,508,319,0,1,0
989,121,658,1,0,0
990,68,548,1,1,0
991,653,186,0,1,0
992,226,75,0,1,0
993,9,24,0,1,0
994,217,208,1,0,0
995,773,910,1,1,0
996,611,634,1,0,0
997,145,122,1,1,0
998,736,612,1,0,0
999,729,553,0,1,0
