Index,x,y,alive,infected,immune
0,791,316,0,1,0
1,27,631,1,0,1
2,960,228,0,0,1
3,551,831,1,0,1
4,874,731,0,1,0
5,451,126,0,1,0
6,462,51,0,1,0
7,6,559,0,1,0
8,292,789,1,0,1
9,865,600,0,1,0
10,434,118,0,1,0
11,660,177,0,1,0
12,544,979,0,1,0
13,66,308,0,1,0
14,833,287,0,1,0
15,83,794,0,1,0
16,518,304,1,0,1
17,771,606,0,1,0
18,972,197,0,1,0
19,598,844,0,1,0
20,946,602,0,1,0
21,335,377,0,1,0
22,453,806,0,1,0
23,252,74,1,0,1
24,219,405,0,1,0
25,0,153,0,1,0
26,795,3,0,1,0
27,667,465,0,1,0
28,119,136,0,1,0
29,500,900,0,1,0
30,697,726,0,1,0
31,561,0,0,1,0
32,759,873,1,0,1
33,968,361,1,0,1
34,245,880,0,1,0
35,281,4,0,1,0
36,629,7,1,0,1
37,898,718,0,1,0
38,27,568,0,1,0
39,425,747,0,1,0
40,170,48,0,1,0
41,680,504,1,0,1
42,508,155,1,0,1
43,141,410,0,1,0
44,425,268,0,1,0
45,203,140,0,1,0
46,550,894,1,0,1
47,752,608,0,1,0
48,720,321,0,1,0
49,406,152,0,1,0
50,510,909,0,1,0
51,904,691,0,1,0
52,112,411,0,1,0
53,141,388,0,1,0
54,275,877,0,1,0
55,558,338,0,0,1
56,706,186,0,1,0
57,530,253,0,1,0
58,165,386,0,1,0
59,990,407,0,1,0
60,243,555,0,1,0
61,594,1,0,1,0
62,340,954,0,1,0
63,189,435,0,1,0
64,3,962,0,1,0
65,9,349,1,0,1
66,64,837,0,1,0
67,804,813,0,1,0
68,619,713,0,1,0
69,701,933,0,1,0
70,578,794,0,1,0
71,738,25,0,1,0
72,580,836,0,1,0
73,610,727,0,1,0
74,335,9,0,1,0
75,990,163,1,0,1
76,158,341,0,1,0
77,421,236,1,0,1
78,367,729,1,0,1
79,917,101,0,1,0
80,94,501,0,1,0
81,836,827,0,1,0
82,177,153,0,1,0
83,225,904,0,1,0
84,372,541,0,1,0
85,199,361,0,1,0
86,360,693,1,0,1
87,853,621,0,1,0
88,554,163,0,1,0
89,633,936,0,1,0
90,309,199,0,1,0
91,240,505,0,1,0
92,266,464,0,1,0
93,510,912,0,1,0
94,670,464,0,1,0
95,219,958,0,1,0
96,727,944,0,1,0
97,600,492,0,1,0
98,100,62,0,1,0
99,663,163,0,1,0
100,213,289,0,1,0
101,821,403,1,0,0
102,686,878,1,0,1
103,4,33,0,0,1
104,663,482,1,0,1
105,575,593,1,0,0
106,867,250,1,0,0
107,624,231,0,1,0
108,887,423,0,1,0
109,821,611,0,0,1
110,342,855,1,0,0
111,9,776,0,1,0
112,746,481,1,1,0
113,868,359,0,1,0
114,565,354,0,1,0
115,897,537,0,1,0
116,120,983,1,0,0
117,683,838,0,1,0
118,413,2,1,0,0
119,181,760,1,0,0
120,663,516,1,0,1
121,872,513,0,1,0
122,0,481,1,0,0
123,669,106,1,0,0
124,302,331,1,0,0
125,838,629,1,0,1
126,808,0,0,1,0
127,645,798,1,1,0
128,197,758,1,0,0
129,531,7,0,1,0
130,426,795,1,0,0
131,9,180,1,0,0
132,931,253,0,1,0
133,34,267,0,1,0
134,653,576,0,1,0
135,338,411,1,1,0
136,199,272,1,1,0
137,582,587,1,0,0
138,661,734,1,1,0
139,611,165,1,0,1
140,8,421,0,1,0
141,626,685,1,1,0
142,503,373,1,0,0
143,796,97,0,1,0
144,400,684,1,0,0
145,191,42,0,1,0
146,533,538,1,0,0
147,428,675,1,0,0
148,718,356,0,1,0
149,284,177,0,1,0
150,108,222,1,0,1
151,664,405,0,1,0
152,361,425,1,1,0
153,353,365,0,1,0
154,4,901,1,0,0
155,101,152,0,1,0
156,576,562,1,0,0
157,180,277,0,1,0
158,370,721,1,0,0
159,843,586,0,1,0
160,811,705,0,1,0
161,142,572,0,1,0
162,747,787,1,0,0
163,624,182,0,1,0
164,67,540,0,1,0
165,548,820,0,1,0
166,887,264,1,1,0
167,262,231,0,1,0
168,238,7,1,0,0
169,863,926,1,0,0
170,526,699,1,0,0
171,920,541,0,1,0
172,133,240,1,0,0
173,5,926,1,0,0
174,83,896,1,0,0
175,48,73,1,0,0
176,601,399,0,1,0
177,381,438,0,1,0
178,374,632,1,1,0
179,709,5,0,1,0
180,527,91,0,1,0
181,980,604,0,1,0
182,425,912,1,1,0
183,800,236,1,0,0
184,302,310,1,0,0
185,534,56,1,0,0
186,805,353,1,0,1
187,686,460,0,1,0
188,439,956,1,0,0
189,848,88,1,0,0
190,948,543,1,1,0
191,950,977,1,0,0
192,947,231,0,1,0
193,481,244,0,1,0
194,982,539,0,1,0
195,515,290,0,1,0
196,0,676,1,0,1
197,967,947,1,0,0
198,791,917,1,1,0
199,818,598,0,1,0
200,522,591,1,0,0
201,163,786,1,0,0
202,277,839,0,1,0
203,947,7,1,0,0
204,31,752,1,0,0
205,667,929,0,1,0
206,233,320,1,0,0
207,772,312,0,1,0
208,242,588,1,1,0
209,753,113,1,1,0
210,233,990,1,0,0
211,728,779,1,0,0
212,94,616,0,1,0
213,598,808,0,1,0
214,990,506,1,0,0
215,536,762,1,0,0
216,297,56,0,1,0
217,366,251,0,1,0
218,606,427,0,1,0
219,309,10,1,0,0
220,8,785,1,1,0
221,772,133,0,1,0
222,3,550,1,1,0
223,369,157,0,1,0
224,282,433,0,1,0
225,636,641,1,0,0
226,388,565,1,0,0
227,519,685,1,0,0
228,943,710,0,1,0
229,441,364,1,0,0
230,257,184,0,1,0
231,956,158,1,0,0
232,823,152,1,0,0
233,261,758,1,0,0
234,384,635,0,1,0
235,628,510,0,1,0
236,337,874,1,0,0
237,308,8,1,0,0
238,499,395,1,0,0
239,240,902,0,1,0
240,254,80,0,0,1
241,277,855,0,1,0
242,320,237,0,1,0
243,192,324,1,0,1
244,257,873,0,1,0
245,834,599,1,0,1
246,711,137,1,1,0
247,535,867,0,1,0
248,321,7,0,1,0
249,671,818,0,1,0
250,848,576,0,1,0
251,877,696,1,0,1
252,723,681,0,1,0
253,614,63,1,0,0
254,138,247,1,0,0
255,96,474,0,1,0
256,654,389,1,0,0
257,716,591,0,1,0
258,555,578,1,0,0
259,763,834,1,1,0
260,853,508,0,1,0
261,502,553,1,0,0
262,8,515,0,1,0
263,933,635,0,1,0
264,110,603,0,1,0
265,175,355,0,1,0
266,102,889,1,0,0
267,287,66,1,1,0
268,750,134,0,1,0
269,892,2,1,0,0
270,819,677,1,1,0
271,739,225,1,0,0
272,850,967,1,0,1
273,530,714,1,0,0
274,151,446,1,0,1
275,170,941,0,1,0
276,459,60,0,0,1
277,629,659,1,0,0
278,518,511,1,0,0
279,384,1,1,0,0
280,247,253,1,1,0
281,159,722,1,0,0
282,503,680,1,0,0
283,975,883,1,0,0
284,794,718,1,1,0
285,821,4,1,0,0
286,887,942,1,0,1
287,7,39,0,1,0
288,4,695,1,0,0
289,207,739,1,0,0
290,543,359,0,1,0
291,871,120,1,1,0
292,55,845,1,0,0
293,1,244,1,0,0
294,19,864,1,0,0
295,249,674,1,1,0
296,209,712,1,0,0
297,359,139,0,1,0
298,715,732,0,1,0
299,92,293,1,1,0
300,458,740,1,0,1
301,674,574,1,0,1
302,105,175,0,0,1
303,2,498,0,1,0
304,580,261,0,1,0
305,942,7,1,0,0
306,721,121,0,1,0
307,609,264,1,0,1
308,838,10,1,0,0
309,486,289,1,0,1
310,904,332,0,1,0
311,742,472,0,1,0
312,210,766,0,1,0
313,352,2,1,0,0
314,0,244,1,0,0
315,863,707,0,1,0
316,4,790,0,1,0
317,776,746,0,0,1
318,566,718,1,0,0
319,61,990,1,0,0
320,657,842,1,0,0
321,811,613,1,0,1
322,815,733,0,1,0
323,776,615,1,0,1
324,3,503,0,1,0
325,616,818,0,1,0
326,362,90,1,0,0
327,852,494,1,0,0
328,118,461,1,1,0
329,154,476,0,1,0
330,661,805,1,0,0
331,6,150,0,1,0
332,717,909,0,1,0
333,224,903,0,1,0
334,264,423,0,1,0
335,802,706,0,1,0
336,817,295,0,1,0
337,432,115,0,1,0
338,758,2,0,1,0
339,7,707,1,0,0
340,898,629,0,1,0
341,788,688,0,1,0
342,481,660,1,0,0
343,557,8,0,1,0
344,971,960,1,0,0
345,474,573,1,0,0
346,224,269,1,1,0
347,326,488,0,1,0
348,300,426,0,1,0
349,806,174,1,0,0
350,93,806,1,1,0
351,533,268,1,0,1
352,406,851,1,1,0
353,817,733,1,1,0
354,921,899,0,1,0
355,80,759,1,1,0
356,115,697,1,1,0
357,99,430,0,1,0
358,542,618,1,0,0
359,610,940,0,1,0
360,336,394,0,1,0
361,8,816,1,0,0
362,713,0,0,1,0
363,677,357,1,1,0
364,851,880,0,1,0
365,832,863,0,1,0
366,337,136,0,1,0
367,422,669,1,0,0
368,217,416,0,1,0
369,139,484,1,0,1
370,662,864,0,1,0
371,1,886,1,0,0
372,719,574,1,0,1
373,355,942,0,1,0
374,864,849,0,1,0
375,488,152,0,1,0
376,189,794,1,0,0
377,466,843,0,1,0
378,484,666,1,0,0
379,115,783,1,0,0
380,767,358,0,1,0
381,839,679,1,0,1
382,750,387,0,1,0
383,462,10,1,0,0
384,847,170,1,0,0
385,438,8,1,0,1
386,887,755,0,1,0
387,291,126,1,0,0
388,751,3,0,1,0
389,375,144,1,0,1
390,0,21,0,1,0
391,85,903,1,0,0
392,188,97,0,1,0
393,249,852,0,1,0
394,764,533,0,1,0
395,257,2,1,0,0
396,92,503,1,0,0
397,958,814,1,0,0
398,193,154,0,1,0
399,668,75,1,0,0
400,508,400,1,0,0
401,720,573,0,0,1
402,298,453,0,1,0
403,305,66,0,1,0
404,268,590,1,0,0
405,891,181,1,0,0
406,775,463,1,1,0
407,330,500,0,1,0
408,0,755,1,0,0
409,609,107,1,0,0
410,274,686,1,0,1
411,447,10,1,1,0
412,520,326,1,0,0
413,737,847,0,1,0
414,250,805,0,1,0
415,498,202,1,1,0
416,135,542,0,1,0
417,501,902,0,1,0
418,313,849,0,1,0
419,387,316,0,1,0
420,725,487,1,1,0
421,863,769,0,1,0
422,64,710,1,0,1
423,357,83,1,1,0
424,134,336,0,1,0
425,157,362,0,1,0
426,35,814,0,1,0
427,352,602,1,1,0
428,980,2,1,0,0
429,579,981,0,1,0
430,347,114,1,0,0
431,601,703,1,1,0
432,881,290,1,0,0
433,854,482,1,0,0
434,399,790,1,0,0
435,837,393,1,0,0
436,488,10,1,0,0
437,838,641,0,1,0
438,504,586,1,0,0
439,875,206,1,0,0
440,289,58,0,1,0
441,770,540,1,0,1
442,427,507,1,0,0
443,232,329,1,0,0
444,183,210,1,0,0
445,256,460,0,1,0
446,799,670,0,1,0
447,420,939,0,1,0
448,709,112,1,0,0
449,105,252,1,0,0
450,898,325,1,1,0
451,301,7,0,1,0
452,967,115,1,1,0
453,208,728,1,0,0
454,567,688,1,0,0
455,603,292,0,1,0
456,990,900,1,0,0
457,613,348,0,1,0
458,351,778,0,1,0
459,10,840,1,0,0
460,978,2,1,0,0
461,401,452,1,0,0
462,607,554,1,0,1
463,823,441,1,0,0
464,573,834,0,1,0
465,831,549,0,1,0
466,313,168,1,0,0
467,486,417,1,0,0
468,27,0,1,0,1
469,679,371,0,1,0
470,689,9,0,1,0
471,20,527,0,1,0
472,854,5,1,0,0
473,9,564,1,1,0
474,254,87,0,0,1
475,336,7,1,0,1
476,349,366,1,1,0
477,493,501,1,0,0
478,376,896,1,0,1
479,801,247,1,0,0
480,850,425,1,0,0
481,304,260,1,0,1
482,230,854,1,0,1
483,497,889,0,1,0
484,950,736,0,1,0
485,636,633,0,1,0
486,317,455,0,1,0
487,131,658,1,1,0
488,361,798,1,0,0
489,586,340,1,0,1
490,904,849,1,0,1
491,397,306,0,1,0
492,990,15,1,0,0
493,762,96,1,1,0
494,565,259,0,1,0
495,141,609,0,1,0
496,90,99,1,0,0
497,618,478,0,1,0
498,156,740,1,0,0
499,931,255,1,0,1
500,323,218,1,1,0
501,106,963,1,0,0
502,567,0,0,1,0
503,754,5,0,1,0
504,243,342,1,0,0
505,651,483,1,0,1
506,721,718,1,0,1
507,619,343,0,1,0
508,417,85,0,1,0
509,89,631,0,1,0
510,553,8,1,0,1
511,866,541,0,1,0
512,906,200,1,0,0
513,109,692,1,1,0
514,637,182,0,1,0
515,123,104,0,1,0
516,833,428,1,0,0
517,602,124,0,1,0
518,619,266,0,1,0
519,424,114,0,1,0
520,769,641,0,1,0
521,895,131,1,1,0
522,306,613,1,1,0
523,467,710,1,0,0
524,831,867,0,1,0
525,560,385,1,0,0
526,6,37,0,1,0
527,416,392,1,0,0
528,754,8,0,1,0
529,328,548,1,0,1
530,937,590,1,0,1
531,478,718,1,0,0
532,122,898,0,1,0
533,100,181,0,1,0
534,826,468,1,0,0
535,217,884,0,1,0
536,845,654,0,1,0
537,401,578,1,0,0
538,399,104,0,1,0
539,571,346,1,1,0
540,506,656,1,0,0
541,557,674,1,0,0
542,676,491,1,1,0
543,986,45,1,0,0
544,342,263,1,0,0
545,52,992,1,0,0
546,125,387,0,1,0
547,458,455,1,0,0
548,73,737,1,0,0
549,607,538,0,1,0
550,804,412,0,1,0
551,243,960,1,0,0
552,901,313,1,0,1
553,395,834,1,0,0
554,474,715,1,0,0
555,184,870,0,1,0
556,363,656,0,1,0
557,312,988,0,1,0
558,822,587,1,0,1
559,737,491,0,1,0
560,739,652,1,0,0
561,674,713,0,1,0
562,877,619,0,1,0
563,398,935,0,1,0
564,1,142,1,0,1
565,228,705,1,0,0
566,212,104,0,1,0
567,255,346,1,0,0
568,759,113,0,1,0
569,162,947,1,0,0
570,803,629,1,0,1
571,279,631,1,0,0
572,542,278,0,1,0
573,248,610,1,1,0
574,892,464,1,0,0
575,529,185,0,1,0
576,94,878,1,0,0
577,326,840,1,0,0
578,190,184,1,1,0
579,745,131,0,1,0
580,196,796,1,0,0
581,9,370,1,0,0
582,362,322,1,0,0
583,524,914,0,1,0
584,277,209,1,0,1
585,173,557,1,0,0
586,800,287,1,1,0
587,801,5,0,1,0
588,203,512,1,0,0
589,569,733,1,0,0
590,537,349,0,1,0
591,802,386,1,0,0
592,825,880,0,1,0
593,258,690,0,1,0
594,749,598,0,1,0
595,547,911,1,0,1
596,306,841,0,1,0
597,750,521,0,1,0
598,147,259,1,0,0
599,115,439,0,1,0
600,913,257,0,1,0
601,757,783,0,1,0
602,745,518,0,1,0
603,4,429,0,1,0
604,570,90,0,1,0
605,378,422,0,1,0
606,811,6,1,1,0
607,142,317,0,1,0
608,567,639,1,0,0
609,306,351,1,0,0
610,784,890,1,0,0
611,418,225,1,0,0
612,248,866,0,1,0
613,79,534,0,1,0
614,646,788,1,1,0
615,507,1,0,1,0
616,949,764,1,0,0
617,707,597,0,1,0
618,466,225,0,1,0
619,684,227,0,1,0
620,943,84,0,1,0
621,500,347,1,0,0
622,539,5,0,1,0
623,175,310,1,1,0
624,704,351,1,0,1
625,292,504,1,0,0
626,4,20,0,1,0
627,130,309,0,1,0
628,833,2,1,0,0
629,674,733,0,1,0
630,751,508,0,1,0
631,909,980,1,0,0
632,979,815,1,0,0
633,210,303,0,1,0
634,889,280,0,1,0
635,484,908,0,1,0
636,807,868,0,1,0
637,133,440,0,1,0
638,359,516,1,0,0
639,624,350,1,0,1
640,123,762,1,0,0
641,974,580,0,1,0
642,5,967,0,1,0
643,880,603,0,1,0
644,426,278,0,1,0
645,74,198,0,1,0
646,573,266,1,1,0
647,8,644,0,1,0
648,66,331,0,1,0
649,695,435,0,1,0
650,954,990,1,0,0
651,807,333,0,1,0
652,220,425,1,1,0
653,219,0,1,0,0
654,4,824,1,0,0
655,508,2,0,1,0
656,454,422,1,0,0
657,591,210,0,1,0
658,290,729,0,1,0
659,213,62,1,1,0
660,308,97,1,0,1
661,341,634,1,1,0
662,337,49,1,0,0
663,731,419,0,1,0
664,85,688,1,0,0
665,231,550,1,1,0
666,112,400,0,1,0
667,613,160,1,0,0
668,880,624,0,1,0
669,921,2,1,0,0
670,192,299,0,1,0
671,781,706,1,0,0
672,895,680,0,1,0
673,815,294,1,0,1
674,674,254,0,1,0
675,605,565,1,0,0
676,823,812,1,0,0
677,900,905,1,1,0
678,445,406,1,0,0
679,2,147,0,1,0
680,552,494,1,0,0
681,489,7,1,0,0
682,192,685,1,0,0
683,78,612,0,1,0
684,212,99,0,1,0
685,362,131,1,0,1
686,905,103,0,1,0
687,829,503,1,0,1
688,587,785,0,1,0
689,798,704,1,1,0
690,606,598,1,0,0
691,295,736,0,1,0
692,792,780,0,1,0
693,532,877,0,1,0
694,756,295,1,0,0
695,612,443,0,1,0
696,811,392,1,0,1
697,588,359,0,1,0
698,221,449,1,1,0
699,170,745,1,0,0
700,713,323,1,0,0
701,58,939,1,0,0
702,556,391,1,0,0
703,397,5,1,0,0
704,329,887,0,1,0
705,6,645,0,1,0
706,545,921,1,0,1
707,493,713,1,0,0
708,845,268,0,1,0
709,536,10,0,1,0
710,666,186,0,1,0
711,434,587,1,0,0
712,3,579,1,0,0
713,880,886,0,1,0
714,859,440,1,0,0
715,582,3,0,1,0
716,78,783,1,0,0
717,792,700,1,1,0
718,370,418,1,1,0
719,613,907,0,1,0
720,352,430,1,1,0
721,821,130,1,0,0
722,940,151,1,0,0
723,902,895,0,1,0
724,77,823,0,1,0
725,540,193,1,1,0
726,361,435,0,1,0
727,3,951,1,0,0
728,457,763,1,1,0
729,7,523,0,1,0
730,159,240,1,0,0
731,126,727,1,0,0
732,526,869,1,0,1
733,382,168,1,0,1
734,6,268,1,0,0
735,259,535,0,1,0
736,516,499,1,0,0
737,199,3,1,0,0
738,59,849,1,0,0
739,132,698,1,0,0
740,57,156,0,1,0
741,937,2,1,0,0
742,713,842,0,1,0
743,311,672,0,1,0
744,875,597,0,1,0
745,424,828,1,0,1
746,157,308,1,1,0
747,7,520,1,0,1
748,472,626,1,0,0
749,927,138,1,0,0
750,990,874,1,0,0
751,905,59,1,0,0
752,316,453,1,0,1
753,8,945,1,0,0
754,546,242,0,1,0
755,500,505,1,0,0
756,873,507,0,1,0
757,878,800,0,1,0
758,488,803,0,1,0
759,7,160,1,0,1
760,618,211,0,1,0
761,535,938,0,1,0
762,653,577,0,1,0
763,869,463,1,0,0
764,334,5,0,1,0
765,427,723,1,1,0
766,732,444,0,1,0
767,195,681,1,0,0
768,946,4,1,0,0
769,351,10,1,0,0
770,362,158,1,0,1
771,318,515,0,1,0
772,852,712,0,1,0
773,865,588,0,1,0
774,859,521,0,1,0
775,596,725,0,1,0
776,850,342,1,1,0
777,186,83,0,1,0
778,931,676,1,0,0
779,118,5,1,0,0
780,223,798,0,1,0
781,676,531,0,1,0
782,359,101,1,1,0
783,189,286,1,0,0
784,294,969,1,1,0
785,774,69,1,0,1
786,886,65,1,0,0
787,603,842,0,1,0
788,10,911,1,0,0
789,68,943,1,0,0
790,562,124,0,1,0
791,201,628,0,1,0
792,4,983,1,0,0
793,22,691,0,1,0
794,257,614,0,1,0
795,950,698,1,0,1
796,438,657,1,0,0
797,915,303,0,1,0
798,858,557,0,1,0
799,852,427,1,0,0
800,497,505,1,0,0
801,261,211,1,0,0
802,370,297,0,1,0
803,263,151,0,1,0
804,501,1,0,1,0
805,754,265,1,0,0
806,925,398,0,1,0
807,419,126,1,0,1
808,773,590,0,1,0
809,967,229,0,1,0
810,844,658,0,1,0
811,655,439,0,1,0
812,879,595,0,1,0
813,215,613,1,1,0
814,823,10,1,0,0
815,545,380,1,0,0
816,529,174,0,1,0
817,374,820,1,0,0
818,698,536,1,0,1
819,864,901,0,1,0
820,128,693,1,0,0
821,531,90,0,1,0
822,297,627,0,1,0
823,969,870,0,1,0
824,80,702,1,0,0
825,579,776,1,0,0
826,399,7,1,0,0
827,610,890,0,1,0
828,591,931,0,1,0
829,747,493,0,1,0
830,555,685,1,0,0
831,587,594,1,0,0
832,233,411,0,1,0
833,161,7,0,1,0
834,10,194,1,0,0
835,770,469,0,1,0
836,463,267,1,0,1
837,931,760,1,0,0
838,74,389,1,0,1
839,922,939,1,0,0
840,219,556,0,1,0
841,378,695,1,0,0
842,286,984,0,1,0
843,516,597,1,0,0
844,142,371,1,0,1
845,683,197,0,1,0
846,436,272,0,1,0
847,222,709,1,0,0
848,869,791,0,1,0
849,936,824,1,1,0
850,593,9,0,1,0
851,378,601,1,0,0
852,247,845,1,0,1
853,120,681,0,1,0
854,472,222,0,1,0
855,257,420,0,1,0
856,414,873,0,1,0
857,301,759,1,0,0
858,404,421,1,0,0
859,956,114,0,1,0
860,402,928,0,1,0
861,781,908,0,1,0
862,2,280,1,0,0
863,750,45,1,0,0
864,192,343,0,1,0
865,238,539,1,0,1
866,84,232,1,0,0
867,55,202,0,1,0
868,726,680,0,1,0
869,595,413,0,1,0
870,668,879,1,1,0
871,303,733,0,1,0
872,132,271,1,0,0
873,915,419,1,1,0
874,713,362,0,1,0
875,946,934,1,0,0
876,928,724,0,1,0
877,253,303,1,0,0
878,948,543,0,1,0
879,579,743,1,0,0
880,352,934,0,1,0
881,499,491,1,0,0
882,6,31,1,0,1
883,847,302,0,1,0
884,9,672,0,1,0
885,551,838,0,1,0
886,486,189,0,1,0
887,351,727,0,1,0
888,562,194,0,1,0
889,147,43,1,1,0
890,594,707,0,1,0
891,462,310,0,1,0
892,944,685,1,0,1
893,38,836,1,0,0
894,499,982,1,0,0
895,93,1,1,0,0
896,869,298,1,0,0
897,743,224,1,0,0
898,349,224,0,1,0
899,96,951,1,0,0
900,497,374,1,0,0
901,587,0,0,1,0
902,304,729,1,1,0
903,680,671,1,0,0
904,919,695,0,1,0
905,659,527,0,1,0
906,9,112,1,0,0
907,234,766,1,1,0
908,174,614,0,1,0
909,107,949,1,0,0
910,990,389,1,0,1
911,231,228,0,1,0
912,594,705,0,1,0
913,617,677,0,1,0
914,553,180,0,1,0
915,594,413,0,1,0
916,789,961,0,1,0
917,401,884,1,1,0
918,8,403,1,0,0
919,516,367,1,0,0
920,584,632,1,0,0
921,337,866,1,0,1
922,576,808,0,1,0
923,656,411,1,0,1
924,587,153,1,0,0
925,413,852,0,1,0
926,967,607,0,1,0
927,217,10,1,0,0
928,649,513,0,1,0
929,858,488,1,1,0
930,408,20,1,0,0
931,931,625,0,1,0
932,173,78,0,1,0
933,524,574,1,0,0
934,924,924,1,1,0
935,183,89,1,0,1
936,778,9,0,1,0
937,681,317,1,0,0
938,468,493,1,0,0
939,428,506,1,0,0
940,392,884,0,1,0
941,99,335,0,1,0
942,697,190,1,0,1
943,680,172,0,1,0
944,881,32,1,0,0
945,187,396,1,1,0
946,511,861,0,1,0
947,630,849,0,1,0
948,8,908,1,0,0
949,925,502,0,1,0
950,373,623,1,1,0
951,248,571,0,1,0
952,428,4,0,1,0
953,528,637,1,0,0
954,590,542,0,1,0
955,180,6,1,1,0
956,316,220,0,1,0
957,406,233,1,0,0
958,450,254,0,1,0
959,782,674,0,1,0
960,639,910,0,1,0
961,229,661,0,1,0
962,731,990,1,0,1
963,252,384,0,1,0
964,61,0,1,0,0
965,354,136,1,1,0
966,521,177,1,1,0
967,0,793,0,1,0
968,243,260,1,1,0
969,147,34,0,1,0
970,2,673,0,1,0
971,452,567,1,0,0
972,504,201,0,1,0
973,743,802,0,1,0
974,6,719,1,0,0
975,390,464,1,0,0
976,801,689,1,0,1
977,329,635,0,1,0
978,537,166,0,1,0
979,251,805,0,1,0
980,755,375,0,1,0
981,600,893,1,1,0
982,472,251,0,1,0
983,439,465,1,0,0
984,250,399,0,1,0
985,421,277,0,1,0
986,603,925,0,1,0
987,721,2,1,1,0
988,497,304,0,1,0
989,140,658,1,1,0
990,75,563,1,0,1
991,619,164,0,1,0
992,241,86,0,1,0
993,4,24,0,1,0
994,187,195,0,1,0
995,701,908,0,1,0
996,599,629,1,0,0
997,99,155,1,0,1
998,708,593,0,1,0
999,699,563,0,1,0
