Index,x,y,alive,infected,immune
0,791,308,0,1,0
1,31,687,1,0,1
2,960,197,0,0,1
3,527,854,1,0,1
4,910,768,0,1,0
5,427,97,0,1,0
6,492,79,0,1,0
7,4,559,0,1,0
8,310,783,1,0,1
9,866,580,0,1,0
10,430,157,0,1,0
11,647,131,0,1,0
12,503,971,0,1,0
13,71,300,0,1,0
14,874,292,0,1,0
15,61,749,0,1,0
16,499,313,1,0,1
17,764,692,0,1,0
18,973,162,0,1,0
19,610,815,0,1,0
20,937,572,0,1,0
21,308,375,0,1,0
22,393,826,0,1,0
23,231,94,1,0,1
24,220,405,0,1,0
25,0,153,0,1,0
26,795,8,0,1,0
27,689,423,0,1,0
28,75,136,0,1,0
29,481,903,0,1,0
30,724,699,0,1,0
31,561,2,0,1,0
32,758,905,1,0,1
33,953,291,1,0,1
34,267,849,0,1,0
35,281,0,0,1,0
36,629,1,1,0,1
37,933,670,0,1,0
38,7,585,0,1,0
39,411,756,0,1,0
40,172,40,0,1,0
41,648,544,1,0,1
42,493,161,1,0,1
43,124,418,0,1,0
44,478,280,0,1,0
45,201,98,0,1,0
46,553,911,1,0,1
47,792,562,0,1,0
48,748,342,0,1,0
49,470,161,0,1,0
50,515,894,0,1,0
51,859,715,0,1,0
52,114,374,0,1,0
53,139,350,0,1,0
54,293,804,0,1,0
55,558,289,0,0,1
56,677,170,0,1,0
57,546,268,0,1,0
58,157,375,0,1,0
59,990,407,0,1,0
60,212,603,0,1,0
61,594,5,0,1,0
62,389,965,0,1,0
63,135,413,0,1,0
64,6,962,0,1,0
65,5,349,1,0,1
66,29,829,0,1,0
67,793,828,0,1,0
68,632,758,0,1,0
69,715,909,0,1,0
70,589,827,0,1,0
71,747,10,0,1,0
72,546,772,0,1,0
73,599,760,0,1,0
74,335,9,0,1,0
75,990,163,1,0,1
76,109,342,0,1,0
77,438,244,1,0,1
78,358,755,1,0,1
79,930,82,0,1,0
80,144,511,0,1,0
81,789,870,0,1,0
82,131,134,0,1,0
83,261,932,0,1,0
84,358,523,0,1,0
85,218,331,0,1,0
86,376,665,1,0,1
87,852,604,0,1,0
88,549,143,0,1,0
89,639,938,0,1,0
90,269,195,0,1,0
91,210,498,0,1,0
92,264,507,0,1,0
93,516,908,0,1,0
94,654,425,0,1,0
95,219,908,0,1,0
96,771,934,0,1,0
97,541,532,0,1,0
98,151,43,0,1,0
99,671,173,0,1,0
100,241,261,0,1,0
101,742,367,1,0,1
102,696,899,1,0,1
103,5,33,0,0,1
104,679,456,1,0,1
105,583,583,1,0,0
106,855,255,0,1,0
107,612,190,0,1,0
108,883,393,0,1,0
109,819,604,0,0,1
110,356,875,1,0,1
111,4,776,0,1,0
112,779,447,0,1,0
113,848,377,0,1,0
114,576,306,0,1,0
115,897,529,0,1,0
116,71,967,1,0,0
117,709,837,0,1,0
118,413,8,1,0,0
119,189,748,1,0,0
120,695,489,1,0,1
121,861,534,0,1,0
122,0,481,1,0,0
123,676,90,1,0,0
124,289,406,0,1,0
125,836,610,1,0,1
126,808,1,0,1,0
127,671,749,0,1,0
128,210,738,1,0,1
129,531,0,0,1,0
130,451,878,0,1,0
131,7,180,1,0,0
132,935,244,0,1,0
133,1,274,0,1,0
134,650,611,0,1,0
135,285,439,0,1,0
136,200,199,0,1,0
137,581,548,1,0,0
138,601,708,1,0,1
139,619,144,1,0,1
140,4,421,0,1,0
141,646,667,1,0,1
142,573,399,0,1,0
143,793,154,0,1,0
144,387,629,0,1,0
145,166,78,0,1,0
146,508,585,1,0,0
147,466,672,1,0,0
148,755,337,0,1,0
149,282,179,0,1,0
150,123,202,1,0,1
151,651,397,0,1,0
152,377,440,1,0,1
153,308,358,0,1,0
154,0,901,1,0,0
155,59,120,0,1,0
156,580,568,1,0,0
157,240,281,0,1,0
158,407,724,1,0,0
159,869,614,0,1,0
160,799,724,0,1,0
161,138,572,0,1,0
162,820,808,0,1,0
163,652,201,0,1,0
164,45,538,0,1,0
165,548,863,0,1,0
166,849,324,0,1,0
167,257,219,0,1,0
168,238,8,0,1,0
169,883,3,1,0,0
170,541,672,1,1,0
171,958,498,0,1,0
172,107,268,1,0,0
173,8,926,1,0,0
174,131,918,0,1,0
175,40,59,1,0,0
176,615,398,0,1,0
177,386,429,0,1,0
178,403,627,0,1,0
179,709,0,0,1,0
180,522,79,0,1,0
181,967,583,0,1,0
182,450,884,0,1,0
183,740,251,1,0,0
184,317,292,1,0,0
185,519,53,1,0,0
186,854,333,1,0,1
187,701,471,0,1,0
188,394,990,0,1,0
189,849,60,1,0,0
190,948,528,0,1,0
191,950,9,0,1,0
192,914,241,0,1,0
193,468,229,0,1,0
194,2,537,0,1,0
195,498,332,0,1,0
196,6,676,1,0,1
197,966,990,1,0,0
198,765,938,0,1,0
199,814,561,0,1,0
200,502,597,1,0,0
201,196,820,1,0,0
202,229,863,0,1,0
203,947,7,0,1,0
204,51,740,1,0,0
205,664,947,0,1,0
206,174,307,1,0,1
207,767,318,0,1,0
208,262,623,0,1,0
209,799,62,1,0,1
210,233,990,1,0,0
211,742,773,0,1,0
212,60,567,0,1,0
213,599,793,0,1,0
214,990,506,1,0,0
215,523,728,1,0,0
216,316,62,0,1,0
217,397,273,0,1,0
218,616,421,0,1,0
219,309,10,1,0,1
220,3,785,0,0,1
221,729,177,0,1,0
222,5,550,0,1,0
223,400,143,0,1,0
224,293,462,0,1,0
225,655,675,0,1,0
226,341,550,1,1,0
227,479,649,1,0,0
228,945,718,0,1,0
229,432,321,1,1,0
230,271,152,0,1,0
231,966,164,1,0,0
232,818,142,1,0,0
233,212,768,0,1,0
234,463,634,0,1,0
235,681,486,0,1,0
236,350,875,0,1,0
237,308,6,0,1,0
238,536,410,1,0,0
239,239,903,0,1,0
240,258,94,0,0,1
241,281,923,0,1,0
242,307,272,0,1,0
243,202,367,1,0,1
244,245,858,0,1,0
245,821,612,1,0,1
246,762,185,1,0,1
247,554,858,0,1,0
248,321,7,0,1,0
249,681,778,0,1,0
250,876,584,0,1,0
251,915,641,1,0,1
252,726,634,0,1,0
253,660,57,1,0,0
254,182,263,1,0,0
255,90,470,0,1,0
256,619,425,1,1,0
257,717,595,0,1,0
258,579,607,1,0,0
259,777,828,1,0,1
260,821,470,0,1,0
261,545,495,0,1,0
262,9,515,0,1,0
263,887,629,0,1,0
264,108,614,0,1,0
265,176,379,0,1,0
266,67,926,1,0,0
267,241,46,0,0,1
268,739,136,0,1,0
269,892,8,1,0,0
270,864,672,1,0,1
271,750,276,1,0,0
272,865,957,1,0,1
273,498,675,1,0,0
274,110,397,1,0,1
275,137,968,0,1,0
276,517,122,0,0,1
277,669,624,1,1,0
278,522,487,1,0,0
279,384,6,1,0,0
280,256,255,0,1,0
281,198,697,0,1,0
282,455,631,1,1,0
283,990,904,1,0,0
284,816,750,0,1,0
285,821,4,0,1,0
286,890,972,1,0,1
287,6,39,0,1,0
288,0,695,0,1,0
289,118,731,0,1,0
290,566,381,0,1,0
291,829,129,1,0,1
292,71,872,1,0,0
293,8,244,0,1,0
294,52,845,1,1,0
295,225,662,0,1,0
296,244,716,0,1,0
297,343,140,0,1,0
298,687,736,0,1,0
299,104,275,1,0,1
300,462,705,1,0,1
301,695,561,1,0,1
302,147,144,0,0,1
303,4,498,0,1,0
304,547,274,0,1,0
305,942,4,1,1,0
306,711,137,0,1,0
307,597,281,1,0,1
308,838,10,1,0,0
309,447,272,1,0,1
310,849,330,0,1,0
311,734,486,0,1,0
312,249,759,0,1,0
313,352,5,1,0,0
314,2,244,0,1,0
315,853,742,0,1,0
316,4,790,0,1,0
317,771,759,0,0,1
318,586,775,0,1,0
319,61,990,1,0,0
320,737,865,0,1,0
321,786,584,1,0,1
322,772,756,0,1,0
323,838,666,1,0,1
324,2,503,0,1,0
325,573,879,0,1,0
326,350,56,0,1,0
327,798,484,0,1,0
328,123,489,0,1,0
329,102,440,0,1,0
330,618,801,0,1,0
331,6,150,0,1,0
332,700,928,0,1,0
333,193,921,0,1,0
334,213,414,0,1,0
335,812,659,0,1,0
336,843,296,0,1,0
337,393,94,0,1,0
338,758,8,0,1,0
339,1,707,1,0,0
340,904,650,0,1,0
341,818,692,0,1,0
342,506,660,1,0,0
343,557,7,0,1,0
344,966,944,1,0,0
345,440,585,1,0,0
346,184,261,1,0,1
347,301,467,0,1,0
348,330,449,0,1,0
349,790,127,0,1,0
350,65,836,1,0,1
351,482,285,1,0,1
352,328,889,0,1,0
353,834,799,0,1,0
354,905,944,0,1,0
355,2,791,1,0,1
356,111,695,0,1,0
357,115,418,0,1,0
358,551,593,1,0,0
359,633,907,0,1,0
360,352,345,0,1,0
361,3,816,0,1,0
362,713,6,0,1,0
363,637,324,1,0,1
364,892,881,0,1,0
365,828,859,0,1,0
366,342,183,0,1,0
367,430,636,0,1,0
368,213,390,0,1,0
369,168,458,1,0,1
370,678,884,0,1,0
371,8,886,1,0,0
372,757,633,1,0,1
373,353,973,0,1,0
374,868,923,0,1,0
375,504,160,0,1,0
376,214,772,0,1,0
377,499,850,0,1,0
378,509,640,1,0,0
379,95,796,1,0,0
380,807,405,0,1,0
381,822,647,1,0,1
382,696,419,0,1,0
383,462,10,1,0,0
384,846,164,1,0,0
385,438,0,1,0,1
386,885,761,0,1,0
387,304,95,1,0,0
388,751,1,0,1,0
389,367,129,1,0,1
390,1,21,0,1,0
391,75,899,1,0,0
392,191,77,0,1,0
393,279,824,0,1,0
394,757,543,0,1,0
395,257,9,1,0,0
396,81,503,0,1,0
397,1,827,0,1,0
398,214,162,0,1,0
399,672,110,1,0,0
400,541,437,1,0,0
401,746,539,0,0,1
402,352,485,0,1,0
403,328,74,0,1,0
404,146,562,0,1,0
405,905,169,1,0,0
406,739,491,0,1,0
407,306,506,0,1,0
408,9,755,1,0,0
409,605,93,0,1,0
410,299,632,1,0,1
411,447,10,1,0,1
412,529,298,0,1,0
413,756,790,0,1,0
414,218,831,0,1,0
415,487,243,1,0,1
416,147,545,0,1,0
417,541,889,0,1,0
418,296,852,0,1,0
419,410,251,0,1,0
420,715,541,0,1,0
421,869,764,0,1,0
422,80,719,1,0,1
423,313,88,1,0,1
424,148,352,0,1,0
425,141,405,0,1,0
426,78,788,0,1,0
427,337,564,1,0,1
428,980,8,1,0,0
429,574,956,0,1,0
430,346,146,0,1,0
431,563,696,0,1,0
432,888,294,0,1,0
433,865,477,1,0,1
434,418,815,1,0,0
435,816,391,0,1,0
436,488,10,1,0,0
437,798,603,0,1,0
438,516,638,1,0,0
439,860,180,1,0,0
440,288,64,0,1,0
441,727,559,1,0,1
442,434,462,1,0,0
443,227,256,0,1,0
444,99,220,0,0,1
445,266,460,0,1,0
446,813,694,0,1,0
447,393,945,0,1,0
448,663,78,1,0,0
449,88,256,1,0,0
450,921,322,0,1,0
451,301,7,0,1,0
452,950,121,1,0,1
453,209,672,1,1,0
454,620,641,0,1,0
455,611,241,0,1,0
456,990,900,1,0,0
457,660,380,0,1,0
458,327,800,0,1,0
459,10,840,1,0,0
460,978,7,1,0,0
461,422,398,1,0,1
462,616,566,1,0,1
463,823,548,1,0,1
464,552,807,0,1,0
465,816,491,0,1,0
466,257,163,1,1,0
467,453,433,1,0,0
468,27,4,1,0,1
469,721,384,0,1,0
470,689,4,0,1,0
471,3,530,0,1,0
472,854,9,1,0,0
473,6,564,1,0,1
474,278,85,0,0,1
475,336,3,1,0,1
476,338,374,0,1,0
477,478,475,1,0,0
478,373,849,1,0,1
479,767,215,1,0,0
480,831,430,0,1,0
481,257,235,1,0,1
482,243,797,1,0,1
483,555,933,0,1,0
484,927,751,0,1,0
485,616,608,0,1,0
486,343,471,0,1,0
487,119,572,0,0,1
488,364,781,1,0,0
489,604,386,1,0,1
490,880,827,1,0,1
491,384,310,0,1,0
492,990,15,1,0,0
493,779,116,0,1,0
494,554,259,0,1,0
495,111,569,0,1,0
496,151,154,0,1,0
497,602,426,0,1,0
498,146,767,1,1,0
499,891,249,1,0,1
500,299,226,1,0,1
501,112,956,1,0,0
502,567,7,0,1,0
503,754,4,0,1,0
504,242,352,0,1,0
505,620,470,1,0,1
506,715,709,1,0,1
507,600,367,0,1,0
508,353,105,0,1,0
509,110,639,0,1,0
510,553,5,1,0,1
511,895,527,0,1,0
512,906,172,1,0,0
513,75,673,1,0,1
514,647,183,0,1,0
515,125,108,0,1,0
516,821,385,0,1,0
517,595,177,0,1,0
518,628,249,0,1,0
519,396,102,0,1,0
520,730,676,0,1,0
521,900,90,0,1,0
522,301,586,1,0,1
523,494,730,1,0,0
524,808,849,0,1,0
525,607,402,1,0,1
526,7,37,0,1,0
527,408,385,1,1,0
528,754,8,0,1,0
529,299,548,1,0,1
530,893,533,1,0,1
531,487,724,1,0,0
532,109,904,0,1,0
533,63,194,0,1,0
534,833,413,0,1,0
535,230,875,0,1,0
536,865,662,0,1,0
537,351,563,0,1,0
538,426,164,0,1,0
539,568,379,1,0,1
540,507,694,0,1,0
541,503,698,0,1,0
542,679,478,0,1,0
543,5,46,0,1,0
544,323,284,1,0,0
545,52,0,1,0,0
546,124,429,0,1,0
547,442,434,1,1,0
548,69,734,1,1,0
549,604,552,0,1,0
550,779,379,0,1,0
551,267,929,1,1,0
552,915,310,1,0,1
553,384,871,1,1,0
554,533,762,1,0,0
555,181,866,0,1,0
556,339,588,0,1,0
557,299,5,0,1,0
558,860,585,1,0,1
559,714,536,0,1,0
560,770,654,0,1,0
561,682,739,0,1,0
562,885,617,0,1,0
563,435,990,0,1,0
564,6,142,1,0,1
565,192,724,1,0,0
566,179,103,0,1,0
567,268,374,0,1,0
568,746,111,0,1,0
569,185,976,0,1,0
570,816,644,1,0,1
571,283,661,1,1,0
572,536,306,0,1,0
573,224,533,1,0,1
574,862,505,0,1,0
575,494,194,0,1,0
576,45,911,1,0,0
577,329,834,1,0,1
578,167,180,0,1,0
579,747,129,0,1,0
580,227,774,1,1,0
581,6,370,1,0,0
582,389,302,0,1,0
583,513,949,0,1,0
584,307,231,1,0,1
585,137,533,0,1,0
586,788,339,0,1,0
587,801,8,0,1,0
588,251,562,0,1,0
589,539,799,0,1,0
590,439,309,0,1,0
591,820,341,1,0,1
592,825,858,0,1,0
593,268,680,0,1,0
594,786,586,0,1,0
595,573,880,1,0,1
596,294,835,0,1,0
597,747,593,0,1,0
598,134,321,0,1,0
599,89,370,0,1,0
600,933,258,0,1,0
601,721,785,0,1,0
602,748,454,0,1,0
603,4,429,0,1,0
604,521,81,0,1,0
605,369,426,0,1,0
606,811,8,1,0,1
607,141,335,0,1,0
608,548,671,1,0,0
609,327,392,0,1,0
610,778,939,0,1,0
611,432,284,0,1,0
612,334,863,0,1,0
613,72,544,0,1,0
614,602,734,1,0,1
615,507,5,0,1,0
616,940,795,1,0,0
617,727,618,0,1,0
618,461,220,0,1,0
619,654,191,0,1,0
620,1,76,0,1,0
621,523,325,0,1,0
622,539,3,0,1,0
623,139,337,0,1,0
624,702,369,1,0,1
625,246,473,0,1,0
626,2,20,0,1,0
627,187,361,0,1,0
628,833,1,1,0,0
629,648,648,0,1,0
630,763,507,0,1,0
631,905,956,1,1,0
632,990,792,1,0,0
633,198,294,0,1,0
634,881,297,0,1,0
635,512,871,0,1,0
636,791,825,0,1,0
637,180,472,0,1,0
638,377,543,1,0,0
639,637,356,1,0,1
640,184,731,0,1,0
641,0,586,0,1,0
642,2,967,0,1,0
643,915,583,0,1,0
644,471,251,0,1,0
645,71,186,0,1,0
646,618,219,0,1,0
647,1,644,0,1,0
648,91,298,0,1,0
649,698,409,0,1,0
650,954,990,0,1,0
651,803,316,0,1,0
652,258,406,0,1,0
653,219,4,1,0,0
654,1,824,0,1,0
655,508,9,0,1,0
656,395,403,0,1,0
657,627,234,0,1,0
658,287,712,0,1,0
659,252,50,1,0,1
660,278,116,1,0,1
661,338,604,1,0,1
662,314,91,1,1,0
663,712,411,0,1,0
664,113,619,0,1,0
665,243,523,0,1,0
666,122,416,0,1,0
667,574,124,0,1,0
668,914,650,0,1,0
669,921,0,1,0,0
670,232,369,0,1,0
671,826,691,0,1,0
672,899,653,0,1,0
673,802,303,1,0,1
674,706,302,0,1,0
675,626,565,1,0,0
676,828,862,0,1,0
677,874,909,0,1,0
678,491,381,1,0,0
679,6,147,0,1,0
680,551,504,1,0,0
681,489,9,1,0,0
682,176,747,1,0,0
683,6,604,0,1,0
684,207,69,0,1,0
685,399,170,1,0,1
686,893,91,0,1,0
687,794,547,1,0,1
688,555,801,0,1,0
689,825,733,1,0,1
690,611,550,0,1,0
691,282,767,0,1,0
692,852,735,0,1,0
693,467,881,0,1,0
694,694,267,1,0,0
695,649,405,0,1,0
696,790,395,1,0,1
697,541,335,0,1,0
698,194,447,1,0,1
699,152,679,0,1,0
700,754,295,1,0,1
701,81,926,1,0,0
702,513,422,0,1,0
703,397,4,1,0,0
704,275,843,0,1,0
705,0,645,0,1,0
706,569,967,1,0,1
707,510,672,1,1,0
708,847,275,0,1,0
709,536,10,0,1,0
710,686,163,0,1,0
711,413,592,1,0,0
712,9,579,0,1,0
713,887,826,0,1,0
714,879,409,0,1,0
715,582,0,0,1,0
716,92,849,0,1,0
717,764,711,1,0,1
718,406,392,1,0,1
719,639,900,0,1,0
720,409,411,0,1,0
721,802,93,1,0,0
722,970,154,1,0,0
723,904,901,0,1,0
724,128,817,0,1,0
725,549,214,0,1,0
726,306,473,0,1,0
727,4,951,1,0,0
728,488,846,0,0,1
729,9,523,0,1,0
730,164,192,1,1,0
731,154,717,0,1,0
732,517,807,1,0,1
733,444,138,1,0,1
734,1,268,0,1,0
735,162,580,0,1,0
736,541,470,1,0,0
737,199,2,1,0,0
738,20,819,0,1,0
739,134,706,0,1,0
740,110,130,0,1,0
741,937,8,1,1,0
742,694,804,0,1,0
743,339,631,0,1,0
744,830,606,0,1,0
745,464,842,1,0,1
746,174,309,1,0,1
747,6,520,1,0,1
748,497,662,1,0,0
749,904,124,1,0,0
750,990,874,1,0,0
751,943,99,0,1,0
752,317,484,1,0,1
753,2,945,1,0,0
754,514,246,0,1,0
755,502,504,1,0,0
756,872,521,0,1,0
757,882,831,0,1,0
758,494,789,0,1,0
759,8,160,1,0,1
760,600,247,0,1,0
761,563,949,0,1,0
762,649,536,0,1,0
763,799,497,0,1,0
764,334,0,0,1,0
765,382,748,1,0,1
766,714,462,0,1,0
767,248,753,1,1,0
768,946,9,0,1,0
769,351,10,1,0,0
770,393,171,1,0,1
771,345,495,0,1,0
772,873,681,0,1,0
773,910,602,0,1,0
774,851,552,0,1,0
775,574,708,0,1,0
776,859,374,1,0,1
777,151,67,0,1,0
778,930,649,0,1,0
779,118,3,1,0,0
780,238,809,0,1,0
781,636,573,0,1,0
782,379,140,0,1,0
783,193,223,1,0,1
784,228,1,1,0,1
785,736,100,1,0,1
786,890,137,1,0,1
787,599,858,0,1,0
788,10,911,1,0,0
789,77,948,1,0,0
790,545,118,0,1,0
791,179,654,0,1,0
792,8,983,1,0,0
793,2,688,0,1,0
794,211,572,0,1,0
795,911,718,1,0,1
796,426,694,1,0,0
797,962,237,0,1,0
798,912,530,0,1,0
799,873,471,0,1,0
800,469,479,1,0,0
801,275,156,0,1,0
802,383,287,0,1,0
803,260,168,0,1,0
804,501,3,0,1,0
805,784,226,1,0,0
806,875,391,0,1,0
807,414,119,1,0,1
808,816,635,0,1,0
809,1,242,0,1,0
810,830,678,0,1,0
811,685,408,0,1,0
812,872,627,0,1,0
813,156,622,1,0,1
814,823,10,0,1,0
815,505,363,0,1,0
816,550,163,0,1,0
817,384,859,0,1,0
818,691,542,1,0,1
819,788,919,0,1,0
820,156,672,0,1,0
821,538,112,0,1,0
822,252,662,0,1,0
823,990,839,0,1,0
824,37,707,1,0,0
825,541,775,0,1,0
826,399,2,1,0,0
827,644,881,0,1,0
828,605,937,0,1,0
829,732,503,0,1,0
830,621,684,0,1,0
831,581,573,1,0,0
832,240,439,0,1,0
833,161,6,0,1,0
834,10,194,1,0,0
835,771,520,0,1,0
836,448,321,1,0,1
837,907,773,1,1,0
838,42,420,1,0,1
839,966,982,1,0,0
840,239,556,0,1,0
841,394,714,1,0,0
842,269,974,0,1,0
843,539,588,1,0,0
844,159,366,1,0,1
845,688,160,0,1,0
846,452,254,0,1,0
847,191,653,0,1,0
848,887,831,0,1,0
849,989,846,0,1,0
850,593,7,0,1,0
851,427,597,0,1,0
852,320,798,1,0,1
853,171,671,0,1,0
854,465,182,0,1,0
855,196,419,0,1,0
856,419,885,0,1,0
857,303,756,1,0,0
858,407,419,0,0,1
859,912,151,0,1,0
860,405,882,0,1,0
861,783,937,0,1,0
862,2,280,0,1,0
863,768,35,1,0,0
864,196,331,0,1,0
865,256,542,1,0,1
866,109,239,0,1,0
867,82,187,0,1,0
868,680,694,0,1,0
869,692,424,0,1,0
870,686,847,1,0,1
871,370,734,0,1,0
872,48,206,0,1,0
873,923,537,0,1,0
874,669,370,0,1,0
875,919,937,0,1,0
876,952,722,0,1,0
877,237,276,0,1,0
878,932,561,0,1,0
879,611,749,1,1,0
880,365,956,0,1,0
881,483,515,1,0,0
882,3,31,1,0,1
883,855,313,0,1,0
884,7,672,0,1,0
885,575,863,0,1,0
886,487,149,0,1,0
887,359,727,0,1,0
888,580,215,0,1,0
889,170,19,1,0,1
890,580,693,0,1,0
891,490,284,0,1,0
892,940,691,1,0,1
893,22,849,1,0,0
894,516,990,0,1,0
895,93,0,1,0,0
896,869,277,0,1,0
897,770,225,1,0,0
898,310,209,0,1,0
899,81,972,1,0,0
900,452,352,1,1,0
901,587,3,0,1,0
902,271,754,1,0,1
903,633,664,0,1,0
904,959,699,0,1,0
905,656,493,0,1,0
906,0,112,1,0,0
907,269,775,1,0,1
908,204,593,0,1,0
909,67,946,1,0,0
910,990,389,1,0,1
911,194,293,0,1,0
912,598,654,0,1,0
913,599,702,0,1,0
914,563,230,0,1,0
915,627,380,0,1,0
916,776,955,0,1,0
917,392,871,1,0,1
918,2,403,1,0,0
919,562,397,0,1,0
920,572,667,1,1,0
921,287,835,1,0,1
922,624,779,0,1,0
923,675,480,1,0,1
924,561,138,0,1,0
925,434,847,0,1,0
926,984,668,0,1,0
927,217,10,1,0,0
928,683,521,0,1,0
929,841,490,1,0,1
930,418,10,1,0,0
931,908,623,0,1,0
932,161,71,0,1,0
933,488,559,1,0,0
934,926,966,0,1,0
935,147,93,1,0,1
936,778,4,0,1,0
937,666,284,1,1,0
938,422,455,1,0,0
939,377,505,1,0,0
940,380,918,0,1,0
941,102,297,0,1,0
942,694,185,1,0,1
943,709,160,0,1,0
944,919,27,1,0,0
945,173,382,1,0,1
946,490,892,0,1,0
947,624,826,0,1,0
948,9,908,1,0,0
949,958,513,0,1,0
950,393,577,1,0,1
951,242,600,0,1,0
952,428,4,0,1,0
953,516,666,1,1,0
954,621,533,0,1,0
955,180,9,0,1,0
956,350,185,0,1,0
957,397,236,1,0,0
958,394,296,0,1,0
959,787,654,0,1,0
960,598,969,0,1,0
961,220,644,0,1,0
962,731,990,1,0,1
963,280,347,0,1,0
964,61,9,1,0,0
965,341,140,0,1,0
966,502,256,1,0,1
967,9,793,0,1,0
968,267,310,0,0,1
969,77,21,0,1,0
970,3,673,0,1,0
971,476,610,1,0,0
972,523,146,0,1,0
973,761,782,0,1,0
974,3,719,1,0,0
975,345,430,0,1,0
976,814,660,1,0,1
977,309,634,0,1,0
978,488,162,0,1,0
979,260,761,0,1,0
980,719,402,0,1,0
981,636,868,0,1,0
982,452,222,0,1,0
983,440,494,1,0,0
984,208,430,0,1,0
985,438,317,0,1,0
986,582,969,0,1,0
987,721,4,1,0,1
988,532,288,0,1,0
989,108,654,0,1,0
990,82,570,1,0,1
991,696,125,0,1,0
992,225,67,0,1,0
993,5,24,0,1,0
994,178,161,0,1,0
995,706,885,0,1,0
996,648,621,0,1,0
997,73,98,1,0,1
998,714,615,0,1,0
999,694,563,0,1,0
