Index,x,y,alive,infected,immune
0,785,311,0,1,0
1,1,697,1,0,1
2,949,179,0,0,1
3,554,892,1,0,1
4,972,803,0,1,0
5,388,129,0,1,0
6,492,96,0,1,0
7,1,559,0,1,0
8,343,762,1,0,1
9,854,600,0,1,0
10,438,135,0,1,0
11,586,127,0,1,0
12,515,0,0,1,0
13,44,350,0,1,0
14,860,238,0,1,0
15,107,773,0,1,0
16,481,351,1,0,1
17,800,706,0,1,0
18,969,137,0,1,0
19,670,799,0,1,0
20,960,546,0,1,0
21,320,313,0,1,0
22,404,805,0,1,0
23,253,161,1,0,1
24,202,421,0,1,0
25,3,153,0,1,0
26,795,1,0,1,0
27,692,399,0,1,0
28,114,125,0,1,0
29,496,893,0,1,0
30,694,670,0,1,0
31,561,6,0,1,0
32,748,878,1,0,1
33,966,271,1,0,1
34,257,834,0,1,0
35,281,1,0,1,0
36,629,5,1,0,1
37,949,672,0,1,0
38,6,585,0,1,0
39,376,773,0,1,0
40,220,23,0,1,0
41,642,549,1,0,1
42,530,192,1,0,1
43,144,427,0,1,0
44,495,268,0,1,0
45,206,132,0,1,0
46,554,912,1,0,1
47,749,532,0,1,0
48,741,345,0,1,0
49,496,154,0,1,0
50,519,930,0,1,0
51,845,678,0,1,0
52,138,373,0,1,0
53,178,347,0,1,0
54,296,770,0,1,0
55,545,264,0,0,1
56,695,179,0,1,0
57,545,275,0,1,0
58,171,356,0,1,0
59,990,407,0,1,0
60,176,673,0,1,0
61,594,5,0,1,0
62,447,929,0,1,0
63,150,424,0,1,0
64,6,962,0,1,0
65,0,349,1,0,1
66,16,829,0,1,0
67,799,815,0,1,0
68,630,779,0,1,0
69,684,931,0,1,0
70,604,815,0,1,0
71,747,10,0,1,0
72,502,774,0,1,0
73,585,769,0,1,0
74,335,5,0,1,0
75,990,163,1,0,1
76,117,329,0,1,0
77,417,245,1,0,1
78,321,739,1,0,1
79,965,71,0,1,0
80,118,508,0,1,0
81,741,842,0,1,0
82,111,105,0,1,0
83,283,940,0,1,0
84,371,556,0,1,0
85,200,293,0,1,0
86,387,640,1,0,1
87,854,577,0,1,0
88,629,111,0,1,0
89,613,8,0,1,0
90,241,158,0,1,0
91,205,495,0,1,0
92,271,546,0,1,0
93,504,959,0,1,0
94,614,338,0,1,0
95,211,894,0,1,0
96,781,851,0,1,0
97,509,559,0,1,0
98,118,55,0,1,0
99,716,198,0,1,0
100,258,272,0,1,0
101,744,430,1,0,1
102,663,915,1,0,1
103,4,33,0,0,1
104,648,418,1,0,1
105,583,565,1,1,0
106,872,284,0,1,0
107,636,211,0,1,0
108,896,331,0,1,0
109,811,580,0,0,1
110,361,890,1,0,1
111,3,776,0,1,0
112,804,424,0,1,0
113,871,311,0,1,0
114,559,261,0,1,0
115,884,571,0,1,0
116,62,907,1,0,0
117,701,820,0,1,0
118,413,0,1,0,0
119,210,739,0,1,0
120,699,471,1,0,1
121,849,533,0,1,0
122,8,481,1,0,0
123,626,28,1,0,0
124,284,431,0,1,0
125,852,556,1,0,1
126,808,6,0,1,0
127,687,756,0,1,0
128,239,765,1,0,1
129,531,2,0,1,0
130,478,886,0,1,0
131,9,180,1,0,0
132,899,263,0,1,0
133,3,274,0,1,0
134,629,604,0,1,0
135,320,450,0,1,0
136,182,165,0,1,0
137,555,534,0,1,0
138,629,760,1,0,1
139,593,161,1,0,1
140,5,421,0,1,0
141,594,643,1,0,1
142,532,379,0,1,0
143,808,182,0,1,0
144,404,605,0,1,0
145,178,77,0,1,0
146,470,582,1,0,0
147,466,691,0,1,0
148,745,351,0,1,0
149,263,205,0,1,0
150,155,229,1,0,1
151,697,353,0,1,0
152,397,453,1,0,1
153,338,353,0,1,0
154,7,901,1,0,0
155,75,162,0,1,0
156,576,565,1,1,0
157,204,287,0,1,0
158,443,729,0,1,0
159,859,621,0,1,0
160,787,717,0,1,0
161,145,593,0,1,0
162,819,792,0,1,0
163,676,205,0,1,0
164,93,571,0,1,0
165,549,920,0,1,0
166,837,301,0,1,0
167,264,195,0,1,0
168,238,4,0,1,0
169,883,6,1,0,0
170,556,683,1,0,1
171,974,510,0,1,0
172,153,374,0,1,0
173,5,926,1,0,0
174,192,851,0,1,0
175,77,51,1,0,0
176,586,447,0,1,0
177,396,404,0,1,0
178,405,654,0,1,0
179,709,5,0,1,0
180,524,121,0,1,0
181,964,631,0,1,0
182,454,868,0,1,0
183,730,287,1,0,0
184,336,316,1,1,0
185,522,81,1,0,0
186,842,279,1,0,1
187,748,457,0,1,0
188,394,990,0,1,0
189,845,61,1,0,0
190,926,532,0,1,0
191,950,0,0,1,0
192,913,234,0,1,0
193,472,228,0,1,0
194,0,537,0,1,0
195,539,259,0,1,0
196,0,676,1,0,1
197,966,990,0,1,0
198,719,951,0,1,0
199,793,543,0,1,0
200,512,603,1,0,0
201,170,873,0,1,0
202,194,818,0,1,0
203,947,0,0,1,0
204,0,719,1,0,0
205,719,887,0,1,0
206,187,265,1,0,1
207,767,379,0,1,0
208,264,601,0,1,0
209,787,32,1,0,1
210,233,990,1,0,0
211,706,791,0,1,0
212,27,587,0,1,0
213,578,860,0,1,0
214,990,506,1,0,0
215,504,686,1,1,0
216,364,92,0,1,0
217,477,295,0,1,0
218,681,390,0,1,0
219,309,10,1,0,1
220,9,785,0,0,1
221,735,199,0,1,0
222,4,550,0,1,0
223,438,102,0,1,0
224,275,478,0,1,0
225,645,692,0,1,0
226,327,532,1,0,1
227,493,657,1,1,0
228,950,722,0,1,0
229,460,299,1,0,1
230,334,156,0,1,0
231,8,120,1,0,1
232,790,134,0,1,0
233,216,757,0,1,0
234,422,664,0,1,0
235,675,487,0,1,0
236,390,849,0,1,0
237,308,8,0,1,0
238,497,387,1,1,0
239,234,913,0,1,0
240,190,140,0,0,1
241,273,946,0,1,0
242,261,232,0,1,0
243,185,325,1,0,1
244,254,815,0,1,0
245,828,587,1,0,1
246,784,214,1,0,1
247,560,825,0,1,0
248,321,9,0,1,0
249,687,788,0,1,0
250,893,600,0,1,0
251,896,676,1,0,1
252,684,612,0,1,0
253,670,124,1,0,0
254,129,222,1,0,0
255,122,431,0,1,0
256,643,409,0,0,1
257,753,613,0,1,0
258,585,574,0,1,0
259,813,814,1,0,1
260,805,450,0,1,0
261,575,500,0,1,0
262,1,515,0,1,0
263,869,642,0,1,0
264,59,631,0,1,0
265,178,377,0,1,0
266,28,890,1,0,0
267,250,30,0,0,1
268,748,128,0,1,0
269,892,2,1,0,0
270,800,710,1,0,1
271,744,309,1,0,0
272,848,943,1,0,1
273,468,690,0,1,0
274,128,363,1,0,1
275,112,0,0,1,0
276,492,162,0,0,1
277,698,657,1,0,1
278,535,520,1,0,0
279,384,7,1,0,0
280,250,204,0,1,0
281,203,727,0,1,0
282,516,668,1,0,1
283,990,904,1,0,0
284,861,793,0,1,0
285,821,6,0,1,0
286,831,950,1,0,1
287,6,39,0,1,0
288,2,695,0,1,0
289,155,705,0,1,0
290,568,378,0,1,0
291,856,121,1,0,1
292,18,868,1,0,0
293,5,244,0,1,0
294,41,908,1,0,1
295,232,642,0,1,0
296,250,700,0,1,0
297,320,104,0,1,0
298,666,761,0,1,0
299,65,275,1,0,1
300,467,737,1,0,1
301,693,571,1,0,1
302,195,155,0,0,1
303,0,498,0,1,0
304,559,218,0,1,0
305,942,2,0,1,0
306,758,94,0,1,0
307,568,273,1,0,1
308,838,10,1,0,0
309,441,223,1,0,1
310,854,330,0,1,0
311,787,551,0,1,0
312,218,790,0,1,0
313,352,2,1,0,0
314,4,244,0,1,0
315,903,747,0,1,0
316,4,790,0,1,0
317,792,759,0,0,1
318,551,795,0,1,0
319,61,990,1,0,0
320,734,858,0,1,0
321,752,573,1,0,1
322,790,829,0,1,0
323,828,646,1,0,1
324,5,503,0,1,0
325,613,829,0,1,0
326,286,76,0,1,0
327,797,478,0,1,0
328,143,481,0,1,0
329,87,419,0,1,0
330,630,782,0,1,0
331,5,150,0,1,0
332,702,956,0,1,0
333,240,866,0,1,0
334,196,391,0,1,0
335,780,672,0,1,0
336,871,335,0,1,0
337,429,116,0,1,0
338,758,2,0,1,0
339,3,707,1,0,0
340,885,677,0,1,0
341,862,616,0,1,0
342,547,674,0,1,0
343,557,5,0,1,0
344,960,931,1,0,0
345,483,589,1,0,0
346,171,215,1,0,1
347,281,498,0,1,0
348,249,466,0,1,0
349,772,101,0,1,0
350,110,817,1,0,1
351,486,267,1,0,1
352,362,953,0,1,0
353,845,750,0,1,0
354,828,913,0,1,0
355,5,791,1,0,1
356,138,673,0,1,0
357,94,423,0,1,0
358,578,575,0,1,0
359,646,888,0,1,0
360,379,317,0,1,0
361,7,816,0,1,0
362,713,0,0,1,0
363,604,365,1,0,1
364,853,864,0,1,0
365,848,851,0,1,0
366,346,163,0,1,0
367,439,612,0,1,0
368,275,392,0,1,0
369,175,508,1,0,1
370,646,868,0,1,0
371,4,886,1,0,0
372,761,619,1,0,1
373,367,4,0,1,0
374,886,891,0,1,0
375,510,143,0,1,0
376,190,851,0,1,0
377,506,896,0,1,0
378,506,664,1,1,0
379,110,874,0,1,0
380,829,443,0,1,0
381,845,654,1,0,1
382,711,476,0,1,0
383,462,10,1,0,0
384,829,178,1,0,0
385,438,1,1,0,1
386,879,775,0,1,0
387,303,149,0,1,0
388,751,7,0,1,0
389,406,122,1,0,1
390,0,21,0,1,0
391,33,880,1,0,0
392,175,56,0,1,0
393,256,813,0,1,0
394,757,564,0,1,0
395,257,0,1,0,0
396,46,494,0,1,0
397,1,827,0,1,0
398,242,242,0,1,0
399,735,99,1,1,0
400,556,453,1,0,0
401,722,472,0,0,1
402,352,503,0,1,0
403,332,83,0,1,0
404,119,561,0,1,0
405,911,100,1,1,0
406,693,449,0,1,0
407,272,475,0,1,0
408,5,755,1,0,0
409,590,84,0,1,0
410,319,669,1,0,1
411,447,10,1,0,1
412,539,299,0,1,0
413,766,793,0,1,0
414,237,859,0,1,0
415,491,209,1,0,1
416,180,501,0,1,0
417,568,914,0,1,0
418,281,878,0,1,0
419,410,258,0,1,0
420,727,494,0,1,0
421,898,759,0,1,0
422,22,680,1,0,1
423,284,50,1,0,1
424,204,400,0,1,0
425,122,367,0,1,0
426,71,794,0,1,0
427,298,561,1,0,1
428,980,6,1,0,0
429,585,990,0,1,0
430,342,169,0,1,0
431,607,686,0,1,0
432,883,284,0,1,0
433,813,473,1,0,1
434,446,821,0,1,0
435,840,388,0,1,0
436,488,10,1,0,0
437,801,626,0,1,0
438,515,691,1,1,0
439,854,152,0,1,0
440,281,6,0,1,0
441,701,596,1,0,1
442,428,466,1,0,0
443,273,292,0,1,0
444,137,208,0,0,1
445,280,449,0,1,0
446,786,634,0,1,0
447,403,923,0,1,0
448,648,97,1,0,0
449,60,264,1,0,0
450,921,289,0,1,0
451,301,5,0,1,0
452,948,149,1,0,1
453,257,699,1,0,1
454,634,627,0,1,0
455,600,182,0,1,0
456,990,900,1,0,0
457,659,354,0,1,0
458,309,804,0,1,0
459,10,840,1,0,0
460,978,2,1,0,0
461,459,391,1,0,1
462,642,606,1,0,1
463,831,567,1,0,1
464,582,873,0,1,0
465,853,481,0,1,0
466,215,216,1,0,1
467,472,447,1,0,0
468,27,5,1,0,1
469,721,363,0,1,0
470,689,9,0,1,0
471,4,530,0,1,0
472,854,2,1,0,0
473,7,564,1,0,1
474,325,80,0,0,1
475,336,0,1,0,1
476,312,360,0,1,0
477,552,526,0,1,0
478,435,842,1,0,1
479,717,250,1,0,0
480,832,436,0,1,0
481,232,235,1,0,1
482,254,833,1,0,1
483,534,963,0,1,0
484,892,735,0,1,0
485,630,589,0,1,0
486,334,503,0,1,0
487,107,526,0,0,1
488,364,817,0,1,0
489,606,402,1,0,1
490,877,804,1,0,1
491,393,349,0,1,0
492,990,15,1,0,0
493,747,102,0,1,0
494,563,197,0,1,0
495,100,588,0,1,0
496,141,175,0,1,0
497,646,483,0,1,0
498,196,808,1,0,1
499,921,200,1,0,1
500,333,229,1,0,1
501,97,936,1,0,0
502,567,7,0,1,0
503,754,7,0,1,0
504,221,311,0,1,0
505,620,455,1,0,1
506,678,684,1,0,1
507,618,391,0,1,0
508,334,132,0,1,0
509,148,641,0,1,0
510,553,1,1,0,1
511,970,510,0,1,0
512,892,184,1,0,0
513,20,667,1,0,1
514,672,168,0,1,0
515,144,114,0,1,0
516,850,385,0,1,0
517,590,189,0,1,0
518,688,248,0,1,0
519,380,106,0,1,0
520,725,694,0,1,0
521,924,100,0,1,0
522,274,555,1,0,1
523,447,751,0,1,0
524,797,854,0,1,0
525,606,390,1,0,1
526,4,37,0,1,0
527,469,402,1,0,1
528,754,0,0,1,0
529,285,549,1,0,1
530,921,503,1,0,1
531,454,718,1,1,0
532,133,918,0,1,0
533,64,215,0,1,0
534,830,364,0,1,0
535,245,842,0,1,0
536,874,682,0,1,0
537,399,572,0,1,0
538,441,125,0,1,0
539,613,405,1,0,1
540,465,670,0,1,0
541,469,711,0,1,0
542,663,500,0,1,0
543,5,46,0,1,0
544,310,283,1,0,0
545,52,0,0,1,0
546,121,414,0,1,0
547,431,389,0,1,0
548,65,832,0,0,1
549,633,564,0,1,0
550,776,348,0,1,0
551,231,923,0,1,0
552,970,255,1,0,1
553,359,816,1,0,1
554,486,753,1,1,0
555,215,843,0,1,0
556,347,616,0,1,0
557,299,9,0,1,0
558,848,541,1,0,1
559,711,528,0,1,0
560,780,662,0,1,0
561,691,759,0,1,0
562,832,598,0,1,0
563,435,990,0,1,0
564,1,142,1,0,1
565,183,711,0,1,0
566,172,89,0,1,0
567,253,337,0,1,0
568,756,148,0,1,0
569,210,6,0,1,0
570,750,645,1,0,1
571,274,635,0,1,0
572,626,335,0,1,0
573,174,534,1,0,1
574,887,548,0,1,0
575,510,205,0,1,0
576,45,875,1,0,0
577,321,819,1,0,1
578,179,161,0,1,0
579,723,124,0,1,0
580,218,782,0,1,0
581,4,370,1,0,0
582,360,324,0,1,0
583,519,978,0,1,0
584,317,221,1,0,1
585,159,520,0,1,0
586,796,334,0,1,0
587,801,9,0,1,0
588,292,595,0,1,0
589,559,798,0,1,0
590,409,367,0,1,0
591,805,391,1,0,1
592,804,849,0,1,0
593,258,700,0,1,0
594,813,588,0,1,0
595,588,901,1,0,1
596,329,820,0,1,0
597,768,613,0,1,0
598,144,327,0,1,0
599,84,362,0,1,0
600,921,265,0,1,0
601,722,801,0,1,0
602,723,471,0,1,0
603,6,429,0,1,0
604,518,97,0,1,0
605,389,364,0,1,0
606,811,6,1,0,1
607,145,280,0,1,0
608,509,626,1,0,0
609,400,424,0,1,0
610,777,943,0,1,0
611,421,246,0,1,0
612,322,856,0,1,0
613,40,511,0,1,0
614,579,774,1,0,1
615,507,7,0,1,0
616,905,811,1,0,0
617,720,608,0,1,0
618,450,286,0,1,0
619,703,233,0,1,0
620,7,76,0,1,0
621,509,284,0,1,0
622,539,8,0,1,0
623,151,382,0,1,0
624,689,361,1,0,1
625,256,489,0,1,0
626,9,20,0,1,0
627,128,333,0,1,0
628,833,9,1,0,0
629,630,648,0,1,0
630,740,464,0,1,0
631,896,874,0,1,0
632,990,792,1,0,0
633,154,233,0,1,0
634,850,264,0,1,0
635,542,871,0,1,0
636,754,788,0,1,0
637,184,456,0,1,0
638,380,552,1,1,0
639,662,353,1,0,1
640,156,756,0,1,0
641,8,586,0,1,0
642,8,967,0,1,0
643,912,625,0,1,0
644,529,258,0,1,0
645,66,200,0,1,0
646,622,200,0,1,0
647,5,644,0,1,0
648,102,223,0,1,0
649,727,390,0,1,0
650,954,990,0,1,0
651,744,335,0,1,0
652,266,454,0,1,0
653,219,2,0,1,0
654,6,824,0,1,0
655,508,4,0,1,0
656,373,410,0,1,0
657,674,214,0,1,0
658,316,759,0,1,0
659,243,55,1,0,1
660,277,107,1,0,1
661,329,620,1,0,1
662,360,158,1,0,1
663,683,399,0,1,0
664,123,590,0,1,0
665,244,564,0,1,0
666,138,407,0,1,0
667,572,80,0,1,0
668,926,636,0,1,0
669,921,8,1,0,0
670,241,351,0,1,0
671,789,694,0,1,0
672,908,691,0,1,0
673,737,269,1,0,1
674,726,326,0,1,0
675,671,571,0,1,0
676,826,886,0,1,0
677,900,880,0,1,0
678,518,384,1,1,0
679,5,147,0,1,0
680,545,465,0,1,0
681,489,1,1,0,0
682,139,720,0,1,0
683,5,604,0,1,0
684,216,56,0,1,0
685,395,250,1,0,1
686,839,128,0,1,0
687,801,544,1,0,1
688,582,785,0,1,0
689,808,758,1,0,1
690,603,575,0,1,0
691,210,734,0,1,0
692,767,753,0,1,0
693,412,853,0,1,0
694,674,325,1,0,0
695,713,416,0,1,0
696,826,438,1,0,1
697,569,352,0,1,0
698,188,465,1,0,1
699,116,703,0,1,0
700,761,276,1,0,1
701,120,944,1,0,0
702,540,398,0,1,0
703,397,5,1,0,0
704,296,863,0,1,0
705,3,645,0,1,0
706,550,5,1,0,1
707,488,702,0,1,0
708,871,290,0,1,0
709,536,10,0,1,0
710,654,184,0,1,0
711,363,588,0,1,0
712,8,579,0,1,0
713,868,806,0,1,0
714,893,428,0,1,0
715,582,9,0,1,0
716,94,868,0,1,0
717,773,754,1,0,1
718,427,376,1,0,1
719,624,899,0,1,0
720,464,381,0,1,0
721,883,67,0,1,0
722,975,144,0,1,0
723,902,866,0,1,0
724,112,874,0,1,0
725,579,175,0,1,0
726,285,507,0,1,0
727,4,951,1,0,0
728,507,899,0,0,1
729,6,523,0,1,0
730,208,245,0,1,0
731,122,710,0,1,0
732,490,764,1,0,1
733,426,162,1,0,1
734,4,268,0,1,0
735,174,560,0,1,0
736,581,476,0,1,0
737,199,1,1,0,0
738,69,857,0,1,0
739,163,704,0,1,0
740,108,98,0,1,0
741,937,3,0,1,0
742,702,806,0,1,0
743,333,640,0,1,0
744,801,616,0,1,0
745,444,849,1,0,1
746,137,254,1,0,1
747,0,520,1,0,1
748,501,654,0,1,0
749,944,109,0,1,0
750,990,874,1,0,0
751,912,88,0,1,0
752,322,528,1,0,1
753,4,945,1,0,0
754,483,243,0,1,0
755,558,592,0,1,0
756,806,532,0,1,0
757,835,815,0,1,0
758,514,777,0,1,0
759,4,160,1,0,1
760,535,192,0,1,0
761,579,2,0,1,0
762,614,532,0,1,0
763,787,471,0,1,0
764,334,8,0,1,0
765,377,730,1,0,1
766,747,457,0,1,0
767,249,754,1,0,1
768,946,9,0,1,0
769,351,10,1,0,0
770,432,189,1,0,1
771,298,439,0,1,0
772,825,651,0,1,0
773,886,656,0,1,0
774,850,579,0,1,0
775,569,672,0,1,0
776,790,408,1,0,1
777,119,85,0,1,0
778,877,652,0,1,0
779,118,5,0,1,0
780,275,807,0,1,0
781,669,571,0,1,0
782,341,143,0,1,0
783,171,263,1,0,1
784,228,3,1,0,1
785,703,130,1,0,1
786,800,151,1,0,1
787,657,865,0,1,0
788,10,911,1,0,0
789,118,891,1,0,0
790,523,109,0,1,0
791,207,639,0,1,0
792,1,983,1,0,0
793,2,688,0,1,0
794,214,586,0,1,0
795,929,735,1,0,1
796,408,698,1,1,0
797,978,177,0,1,0
798,943,480,0,1,0
799,918,445,0,1,0
800,498,457,1,0,0
801,230,164,0,1,0
802,364,267,0,1,0
803,265,151,0,1,0
804,501,7,0,1,0
805,794,259,1,0,0
806,874,410,0,1,0
807,410,93,1,0,1
808,826,591,0,1,0
809,6,242,0,1,0
810,871,597,0,1,0
811,657,451,0,1,0
812,895,647,0,1,0
813,127,620,1,0,1
814,823,10,0,1,0
815,540,354,0,1,0
816,549,137,0,1,0
817,363,872,0,1,0
818,768,486,1,0,1
819,802,912,0,1,0
820,176,721,0,1,0
821,518,65,0,1,0
822,277,651,0,1,0
823,990,839,0,1,0
824,6,640,0,1,0
825,522,798,0,1,0
826,399,5,1,0,0
827,696,895,0,1,0
828,610,906,0,1,0
829,761,467,0,1,0
830,638,645,0,1,0
831,582,598,0,1,0
832,212,435,0,1,0
833,161,9,0,1,0
834,10,194,1,1,0
835,778,561,0,1,0
836,417,316,1,0,1
837,905,779,0,1,0
838,9,381,1,0,1
839,963,8,0,1,0
840,237,559,0,1,0
841,412,673,0,1,0
842,286,8,0,1,0
843,572,588,1,1,0
844,135,365,1,0,1
845,687,150,0,1,0
846,415,262,0,1,0
847,223,626,0,1,0
848,857,824,0,1,0
849,990,856,0,1,0
850,593,7,0,1,0
851,386,590,0,1,0
852,345,786,1,0,1
853,190,655,0,1,0
854,411,221,0,1,0
855,249,413,0,1,0
856,446,879,0,1,0
857,295,720,1,1,0
858,420,418,0,0,1
859,884,160,0,1,0
860,397,846,0,1,0
861,751,958,0,1,0
862,9,280,0,1,0
863,786,12,1,0,0
864,248,387,0,1,0
865,204,540,1,0,1
866,106,267,0,1,0
867,29,195,0,1,0
868,658,717,0,1,0
869,672,445,0,1,0
870,696,796,1,0,1
871,344,719,0,1,0
872,2,208,0,1,0
873,864,519,0,1,0
874,637,399,0,1,0
875,903,953,0,1,0
876,933,679,0,1,0
877,214,303,0,1,0
878,900,505,0,1,0
879,643,715,1,0,1
880,355,966,0,1,0
881,482,542,1,0,0
882,0,31,1,0,1
883,858,280,0,1,0
884,7,672,0,1,0
885,509,818,0,1,0
886,496,90,0,1,0
887,345,722,0,1,0
888,613,228,0,1,0
889,174,10,1,0,1
890,612,689,0,1,0
891,475,296,0,1,0
892,977,675,1,0,1
893,6,851,1,0,0
894,516,990,0,1,0
895,93,6,1,0,0
896,908,259,0,1,0
897,807,164,1,1,0
898,304,218,0,1,0
899,69,976,1,0,0
900,463,428,1,0,1
901,587,5,0,1,0
902,283,738,1,0,1
903,657,680,0,1,0
904,5,710,0,1,0
905,656,529,0,1,0
906,4,112,1,0,0
907,266,772,1,0,1
908,245,572,0,1,0
909,72,990,1,0,0
910,990,389,1,0,1
911,205,260,0,1,0
912,593,691,0,1,0
913,604,728,0,1,0
914,569,230,0,1,0
915,605,337,0,1,0
916,759,1,0,1,0
917,375,879,1,0,1
918,8,403,1,0,0
919,581,438,0,1,0
920,606,703,0,1,0
921,327,826,1,0,1
922,647,738,0,1,0
923,655,498,1,0,1
924,515,155,0,1,0
925,421,859,0,1,0
926,9,660,0,1,0
927,217,10,0,1,0
928,722,559,0,1,0
929,828,500,1,0,1
930,418,10,1,0,0
931,912,615,0,1,0
932,207,27,0,1,0
933,539,529,1,1,0
934,966,903,0,1,0
935,176,127,1,0,1
936,778,0,0,1,0
937,647,270,0,1,0
938,418,492,1,0,0
939,365,525,0,1,0
940,367,968,0,1,0
941,136,305,0,1,0
942,722,178,1,0,1
943,748,196,0,1,0
944,949,40,0,1,0
945,213,417,1,0,1
946,524,878,0,1,0
947,677,851,0,1,0
948,4,908,1,0,0
949,4,458,0,1,0
950,383,593,1,0,1
951,211,661,0,1,0
952,428,5,0,1,0
953,490,719,1,0,1
954,590,534,0,1,0
955,180,8,0,1,0
956,336,192,0,1,0
957,371,239,1,0,1
958,416,221,0,1,0
959,793,672,0,1,0
960,615,926,0,1,0
961,179,627,0,1,0
962,731,990,1,0,1
963,262,343,0,1,0
964,61,1,1,0,1
965,364,118,0,1,0
966,546,290,1,0,1
967,6,793,0,1,0
968,291,302,0,0,1
969,63,10,0,1,0
970,2,673,0,1,0
971,496,614,1,0,0
972,568,139,0,1,0
973,802,774,0,1,0
974,4,719,1,0,0
975,380,408,0,1,0
976,841,715,1,0,1
977,293,606,0,1,0
978,445,167,0,1,0
979,272,812,0,1,0
980,703,409,0,1,0
981,625,915,0,1,0
982,450,276,0,1,0
983,432,501,1,0,0
984,207,446,0,1,0
985,438,326,0,1,0
986,590,6,0,1,0
987,721,4,1,0,1
988,522,266,0,1,0
989,89,649,0,1,0
990,105,583,1,0,1
991,725,125,0,1,0
992,258,41,0,1,0
993,4,24,0,1,0
994,140,175,0,1,0
995,716,881,0,1,0
996,700,650,0,1,0
997,8,81,1,0,1
998,709,643,0,1,0
999,684,545,0,1,0
