Index,x,y,alive,infected,immune
0,770,320,0,1,0
1,9,697,1,0,1
2,968,155,0,0,1
3,564,908,1,0,1
4,990,815,0,1,0
5,369,129,0,1,0
6,505,92,0,1,0
7,4,559,0,1,0
8,363,797,1,0,1
9,844,604,0,1,0
10,437,119,0,1,0
11,597,114,0,1,0
12,515,5,0,1,0
13,56,348,0,1,0
14,867,234,0,1,0
15,83,802,0,1,0
16,471,361,1,0,1
17,769,697,0,1,0
18,958,115,0,1,0
19,675,790,0,1,0
20,954,557,0,1,0
21,303,303,0,1,0
22,400,825,0,1,0
23,265,152,1,0,1
24,199,422,0,1,0
25,6,153,0,1,0
26,795,5,0,1,0
27,653,388,0,1,0
28,96,126,0,1,0
29,494,915,0,1,0
30,703,631,0,1,0
31,561,1,0,1,0
32,719,850,1,0,1
33,9,275,1,0,1
34,257,857,0,1,0
35,281,6,0,1,0
36,629,8,1,0,1
37,929,653,0,1,0
38,9,585,0,1,0
39,348,769,0,1,0
40,217,6,0,1,0
41,613,544,1,0,1
42,532,213,1,0,1
43,145,426,0,1,0
44,489,266,0,1,0
45,207,110,0,1,0
46,537,936,1,0,1
47,779,521,0,1,0
48,724,290,0,1,0
49,509,171,0,1,0
50,507,917,0,1,0
51,854,683,0,1,0
52,119,355,0,1,0
53,182,351,0,1,0
54,245,743,0,1,0
55,543,286,0,0,1
56,686,161,0,1,0
57,498,332,0,1,0
58,187,333,0,1,0
59,990,407,0,1,0
60,152,673,0,1,0
61,594,7,0,1,0
62,447,926,0,1,0
63,138,407,0,1,0
64,5,962,0,1,0
65,2,349,1,0,1
66,29,843,0,1,0
67,796,812,0,1,0
68,625,795,0,1,0
69,702,911,0,1,0
70,600,853,0,1,0
71,747,10,0,1,0
72,529,744,0,1,0
73,555,760,0,1,0
74,335,3,0,1,0
75,990,163,1,0,1
76,82,318,0,1,0
77,423,261,1,0,1
78,332,742,1,0,1
79,951,58,0,1,0
80,117,547,0,1,0
81,750,834,0,1,0
82,114,105,0,1,0
83,256,921,0,1,0
84,335,537,0,1,0
85,201,279,0,1,0
86,364,649,1,0,1
87,894,562,0,1,0
88,637,85,0,1,0
89,613,3,0,1,0
90,269,144,0,1,0
91,176,493,0,1,0
92,280,550,0,1,0
93,496,945,0,1,0
94,612,331,0,1,0
95,248,885,0,1,0
96,751,859,0,1,0
97,494,549,0,1,0
98,138,65,0,1,0
99,714,182,0,1,0
100,245,247,0,1,0
101,770,446,1,0,1
102,648,933,1,0,1
103,2,33,0,0,1
104,616,433,1,0,1
105,585,572,1,0,1
106,879,243,0,1,0
107,621,233,0,1,0
108,867,350,0,1,0
109,808,568,0,0,1
110,373,852,1,0,1
111,9,776,0,1,0
112,802,390,0,1,0
113,857,290,0,1,0
114,573,257,0,1,0
115,886,540,0,1,0
116,45,913,1,0,0
117,719,844,0,1,0
118,413,3,1,0,0
119,205,704,0,1,0
120,741,488,1,0,1
121,868,509,0,1,0
122,6,481,1,0,0
123,638,43,1,0,0
124,269,433,0,1,0
125,846,566,1,0,1
126,808,0,0,1,0
127,674,759,0,1,0
128,231,759,1,0,1
129,531,5,0,1,0
130,457,893,0,1,0
131,7,180,1,1,0
132,898,260,0,1,0
133,7,274,0,1,0
134,640,573,0,1,0
135,326,450,0,1,0
136,209,175,0,1,0
137,561,562,0,1,0
138,630,721,1,0,1
139,652,160,1,0,1
140,0,421,0,1,0
141,609,658,1,0,1
142,507,385,0,1,0
143,816,182,0,1,0
144,407,614,0,1,0
145,147,89,0,1,0
146,485,600,1,0,0
147,476,698,0,1,0
148,716,361,0,1,0
149,270,196,0,1,0
150,141,245,1,0,1
151,693,326,0,1,0
152,420,442,1,0,1
153,361,373,0,1,0
154,5,901,1,1,0
155,62,130,0,1,0
156,573,580,0,1,0
157,217,277,0,1,0
158,442,735,0,1,0
159,877,623,0,1,0
160,784,736,0,1,0
161,110,561,0,1,0
162,793,767,0,1,0
163,677,183,0,1,0
164,76,553,0,1,0
165,537,910,0,1,0
166,833,262,0,1,0
167,276,158,0,1,0
168,238,1,0,1,0
169,883,2,1,0,0
170,567,661,1,0,1
171,976,501,0,1,0
172,133,398,0,1,0
173,9,926,1,0,0
174,196,862,0,1,0
175,46,62,1,0,0
176,563,422,0,1,0
177,390,410,0,1,0
178,402,650,0,1,0
179,709,5,0,1,0
180,478,142,0,1,0
181,990,639,0,1,0
182,489,883,0,1,0
183,695,263,1,0,0
184,343,344,1,0,1
185,505,45,1,1,0
186,872,277,1,0,1
187,791,480,0,1,0
188,394,990,0,1,0
189,841,64,1,0,0
190,893,534,0,1,0
191,950,2,0,1,0
192,904,242,0,1,0
193,494,256,0,1,0
194,8,537,0,1,0
195,563,272,0,1,0
196,5,676,1,0,1
197,966,990,0,1,0
198,700,932,0,1,0
199,792,574,0,1,0
200,527,611,1,1,0
201,197,881,0,1,0
202,238,831,0,1,0
203,947,2,0,1,0
204,9,719,0,1,0
205,750,848,0,1,0
206,208,263,1,0,1
207,756,411,0,1,0
208,255,619,0,1,0
209,757,39,1,0,1
210,233,990,1,0,0
211,729,785,0,1,0
212,2,608,0,1,0
213,605,883,0,1,0
214,990,506,0,1,0
215,519,642,0,1,0
216,386,77,0,1,0
217,488,295,0,1,0
218,694,390,0,1,0
219,309,10,1,0,1
220,0,785,0,0,1
221,740,189,0,1,0
222,4,550,0,1,0
223,445,84,0,1,0
224,284,470,0,1,0
225,656,684,0,1,0
226,309,544,1,0,1
227,516,659,1,1,0
228,952,742,0,1,0
229,471,324,1,0,1
230,322,164,0,1,0
231,5,120,1,0,1
232,807,129,0,1,0
233,228,741,0,1,0
234,456,637,0,1,0
235,681,497,0,1,0
236,422,836,0,1,0
237,308,7,0,1,0
238,488,364,1,0,1
239,251,943,0,1,0
240,178,137,0,0,1
241,251,950,0,1,0
242,277,233,0,1,0
243,192,313,1,0,1
244,205,808,0,1,0
245,838,618,1,0,1
246,760,200,1,0,1
247,581,825,0,1,0
248,321,2,0,1,0
249,649,830,0,1,0
250,876,625,0,1,0
251,913,701,1,0,1
252,691,579,0,1,0
253,667,117,1,0,0
254,116,241,1,0,0
255,93,419,0,1,0
256,629,428,0,0,1
257,760,604,0,1,0
258,604,570,0,1,0
259,818,801,1,0,1
260,769,426,0,1,0
261,572,487,0,1,0
262,5,515,0,1,0
263,887,678,0,1,0
264,53,622,0,1,0
265,217,380,0,1,0
266,19,889,1,0,0
267,291,41,0,0,1
268,761,106,0,1,0
269,892,3,1,0,0
270,767,739,1,0,1
271,757,338,1,1,0
272,820,989,1,0,1
273,474,692,0,1,0
274,94,339,1,0,1
275,112,3,0,1,0
276,505,173,0,0,1
277,705,675,1,0,1
278,512,552,0,1,0
279,384,6,1,0,0
280,243,213,0,1,0
281,212,716,0,1,0
282,483,678,1,0,1
283,990,904,1,0,0
284,849,788,0,1,0
285,821,0,0,1,0
286,821,929,1,0,1
287,4,39,0,1,0
288,9,695,0,1,0
289,165,666,0,1,0
290,544,418,0,1,0
291,845,118,1,0,1
292,51,855,1,0,0
293,3,244,0,1,0
294,8,907,1,0,1
295,202,619,0,1,0
296,246,696,0,1,0
297,338,102,0,1,0
298,667,783,0,1,0
299,50,278,1,0,1
300,478,715,1,0,1
301,670,551,1,0,1
302,197,136,0,0,1
303,1,498,0,1,0
304,550,227,0,1,0
305,942,6,0,1,0
306,764,53,0,1,0
307,563,235,1,0,1
308,838,10,1,0,0
309,427,224,1,0,1
310,873,307,0,1,0
311,791,570,0,1,0
312,217,790,0,1,0
313,352,6,0,1,0
314,1,244,0,1,0
315,880,760,0,1,0
316,4,790,0,1,0
317,807,747,0,0,1
318,530,774,0,1,0
319,61,990,1,0,0
320,751,857,0,1,0
321,739,586,1,0,1
322,786,827,0,1,0
323,846,635,1,0,1
324,6,503,0,1,0
325,593,864,0,1,0
326,280,61,0,1,0
327,808,497,0,1,0
328,144,463,0,1,0
329,85,390,0,1,0
330,605,797,0,1,0
331,7,150,0,1,0
332,686,974,0,1,0
333,198,858,0,1,0
334,185,384,0,1,0
335,731,717,0,1,0
336,880,301,0,1,0
337,439,122,0,1,0
338,758,8,0,1,0
339,3,707,0,1,0
340,871,719,0,1,0
341,860,620,0,1,0
342,562,682,0,1,0
343,557,1,0,1,0
344,962,932,1,0,0
345,505,550,1,1,0
346,165,212,1,0,1
347,279,489,0,1,0
348,275,487,0,1,0
349,736,100,0,1,0
350,109,824,1,0,1
351,510,246,1,0,1
352,341,981,0,1,0
353,842,764,0,1,0
354,832,911,0,1,0
355,8,791,1,0,1
356,114,676,0,1,0
357,109,410,0,1,0
358,564,578,0,1,0
359,642,926,0,1,0
360,422,311,0,1,0
361,4,816,0,1,0
362,713,2,0,1,0
363,610,359,1,0,1
364,882,842,0,1,0
365,831,854,0,1,0
366,326,169,0,1,0
367,435,591,0,1,0
368,257,394,0,1,0
369,164,476,1,0,1
370,631,859,0,1,0
371,9,886,1,1,0
372,753,613,1,0,1
373,367,6,0,1,0
374,879,948,0,1,0
375,498,167,0,1,0
376,169,834,0,1,0
377,513,907,0,1,0
378,529,637,1,1,0
379,112,901,0,1,0
380,804,442,0,1,0
381,849,638,1,0,1
382,678,492,0,1,0
383,462,10,1,0,0
384,862,166,1,0,0
385,438,4,1,0,1
386,897,770,0,1,0
387,278,162,0,1,0
388,751,8,0,1,0
389,411,136,1,0,1
390,8,21,0,1,0
391,10,898,1,1,0
392,190,41,0,1,0
393,221,806,0,1,0
394,761,546,0,1,0
395,257,7,1,0,0
396,80,515,0,1,0
397,8,827,0,1,0
398,253,238,0,1,0
399,745,81,0,1,0
400,540,444,1,1,0
401,721,462,0,0,1
402,342,549,0,1,0
403,378,72,0,1,0
404,132,587,0,1,0
405,911,104,0,0,1
406,679,434,0,1,0
407,296,462,0,1,0
408,7,755,1,0,0
409,596,84,0,1,0
410,286,647,1,0,1
411,447,10,1,0,1
412,540,275,0,1,0
413,781,790,0,1,0
414,222,861,0,1,0
415,482,176,1,0,1
416,183,488,0,1,0
417,608,918,0,1,0
418,287,900,0,1,0
419,399,302,0,1,0
420,726,496,0,1,0
421,869,776,0,1,0
422,1,686,1,0,1
423,274,50,1,0,1
424,185,385,0,1,0
425,142,376,0,1,0
426,75,801,0,1,0
427,282,564,1,0,1
428,980,6,1,0,0
429,585,990,0,1,0
430,374,170,0,1,0
431,609,663,0,1,0
432,887,251,0,1,0
433,790,455,1,0,1
434,440,830,0,1,0
435,849,423,0,1,0
436,488,10,1,0,0
437,775,647,0,1,0
438,532,674,0,1,0
439,875,165,0,1,0
440,281,5,0,1,0
441,724,572,1,0,1
442,444,428,1,0,0
443,257,283,0,1,0
444,150,194,0,0,1
445,294,480,0,1,0
446,771,605,0,1,0
447,387,920,0,1,0
448,655,89,1,0,0
449,64,291,1,0,0
450,880,305,0,1,0
451,301,6,0,1,0
452,963,167,1,0,1
453,278,686,1,0,1
454,625,653,0,1,0
455,580,168,0,1,0
456,990,900,1,0,0
457,641,367,0,1,0
458,320,788,0,1,0
459,10,840,1,1,0
460,978,1,1,0,0
461,466,392,1,0,1
462,632,593,1,0,1
463,827,581,1,0,1
464,609,857,0,1,0
465,876,518,0,1,0
466,207,236,1,0,1
467,475,424,1,0,0
468,27,7,1,0,1
469,730,382,0,1,0
470,689,0,0,1,0
471,8,530,0,1,0
472,854,5,1,0,0
473,4,564,1,0,1
474,309,89,0,0,1
475,336,6,1,0,1
476,321,405,0,1,0
477,547,537,0,1,0
478,421,830,1,0,1
479,742,244,1,0,0
480,864,444,0,1,0
481,250,249,1,0,1
482,228,845,1,0,1
483,515,0,0,1,0
484,879,730,0,1,0
485,588,596,0,1,0
486,334,508,0,1,0
487,121,539,0,0,1
488,366,807,0,1,0
489,627,410,1,0,1
490,879,787,1,0,1
491,427,293,0,1,0
492,990,15,1,0,0
493,737,104,0,1,0
494,600,171,0,1,0
495,66,578,0,1,0
496,149,155,0,1,0
497,665,523,0,1,0
498,180,824,1,0,1
499,925,209,1,0,1
500,332,233,1,0,1
501,133,979,1,0,0
502,567,0,0,1,0
503,754,8,0,1,0
504,237,323,0,1,0
505,616,470,1,0,1
506,710,677,1,0,1
507,626,409,0,1,0
508,316,139,0,1,0
509,157,629,0,1,0
510,553,2,1,0,1
511,990,529,0,1,0
512,894,174,1,1,0
513,5,676,1,0,1
514,687,173,0,1,0
515,143,122,0,1,0
516,881,401,0,1,0
517,601,186,0,1,0
518,698,240,0,1,0
519,373,96,0,1,0
520,711,665,0,1,0
521,960,97,0,1,0
522,254,501,1,0,1
523,439,713,0,1,0
524,801,837,0,1,0
525,589,399,1,0,1
526,8,37,0,1,0
527,461,413,1,0,1
528,754,6,0,1,0
529,315,551,1,0,1
530,911,477,1,0,1
531,455,723,0,1,0
532,133,912,0,1,0
533,53,214,0,1,0
534,853,394,0,1,0
535,284,813,0,1,0
536,837,701,0,1,0
537,403,589,0,1,0
538,429,124,0,1,0
539,606,416,1,0,1
540,467,636,0,1,0
541,457,686,0,1,0
542,689,508,0,1,0
543,1,46,0,1,0
544,331,294,1,0,0
545,52,5,0,1,0
546,116,360,0,1,0
547,438,399,0,1,0
548,41,819,0,0,1
549,591,588,0,1,0
550,817,362,0,1,0
551,239,909,0,1,0
552,977,286,1,0,1
553,362,806,1,0,1
554,497,761,0,1,0
555,194,867,0,1,0
556,315,595,0,1,0
557,299,6,0,1,0
558,821,543,1,0,1
559,712,536,0,1,0
560,804,656,0,1,0
561,682,756,0,1,0
562,828,612,0,1,0
563,435,990,0,1,0
564,6,142,1,0,1
565,180,701,0,1,0
566,179,87,0,1,0
567,281,321,0,1,0
568,739,164,0,1,0
569,210,2,0,1,0
570,740,678,1,0,1
571,263,640,0,1,0
572,642,366,0,1,0
573,176,508,1,0,1
574,869,536,0,1,0
575,529,191,0,1,0
576,25,860,1,0,0
577,362,840,1,0,1
578,150,166,0,1,0
579,751,107,0,1,0
580,214,759,0,1,0
581,5,370,1,0,0
582,315,339,0,1,0
583,484,983,0,1,0
584,297,211,1,0,1
585,175,504,0,1,0
586,808,290,0,1,0
587,801,6,0,1,0
588,270,555,0,1,0
589,560,775,0,1,0
590,386,383,0,1,0
591,795,391,1,0,1
592,787,831,0,1,0
593,241,693,0,1,0
594,806,586,0,1,0
595,594,903,1,0,1
596,343,803,0,1,0
597,772,614,0,1,0
598,162,304,0,1,0
599,99,334,0,1,0
600,936,277,0,1,0
601,750,796,0,1,0
602,705,432,0,1,0
603,8,429,0,1,0
604,517,66,0,1,0
605,404,394,0,1,0
606,811,0,1,0,1
607,176,269,0,1,0
608,487,646,0,1,0
609,388,467,0,1,0
610,735,909,0,1,0
611,402,236,0,1,0
612,324,853,0,1,0
613,23,532,0,1,0
614,598,786,1,0,1
615,507,2,0,1,0
616,909,814,1,0,0
617,711,607,0,1,0
618,426,298,0,1,0
619,700,215,0,1,0
620,4,76,0,1,0
621,526,309,0,1,0
622,539,5,0,1,0
623,141,378,0,1,0
624,654,399,1,0,1
625,251,474,0,1,0
626,6,20,0,1,0
627,112,333,0,1,0
628,833,5,1,0,0
629,630,636,0,1,0
630,752,473,0,1,0
631,914,862,0,1,0
632,990,792,1,0,0
633,130,230,0,1,0
634,880,285,0,1,0
635,552,848,0,1,0
636,749,780,0,1,0
637,199,476,0,1,0
638,369,534,1,1,0
639,679,344,1,0,1
640,144,748,0,1,0
641,9,586,0,1,0
642,4,967,0,1,0
643,915,624,0,1,0
644,507,276,0,1,0
645,86,189,0,1,0
646,638,190,0,1,0
647,9,644,0,1,0
648,71,258,0,1,0
649,760,367,0,1,0
650,954,990,0,1,0
651,783,315,0,1,0
652,283,462,0,1,0
653,219,1,0,1,0
654,2,824,0,1,0
655,508,3,0,1,0
656,393,413,0,1,0
657,695,223,0,1,0
658,347,737,0,1,0
659,246,50,1,0,1
660,270,82,1,0,1
661,333,634,1,0,1
662,345,154,1,0,1
663,692,404,0,1,0
664,132,584,0,1,0
665,245,574,0,1,0
666,161,449,0,1,0
667,556,98,0,1,0
668,933,622,0,1,0
669,921,9,1,1,0
670,204,348,0,1,0
671,778,691,0,1,0
672,909,699,0,1,0
673,766,257,1,0,1
674,736,328,0,1,0
675,665,535,0,1,0
676,819,905,0,1,0
677,873,872,0,1,0
678,535,379,1,1,0
679,2,147,0,1,0
680,558,440,0,1,0
681,489,7,1,0,0
682,146,725,0,1,0
683,6,604,0,1,0
684,210,76,0,1,0
685,349,234,1,0,1
686,839,136,0,1,0
687,814,497,1,0,1
688,577,789,0,1,0
689,801,731,1,0,1
690,623,583,0,1,0
691,228,722,0,1,0
692,799,773,0,1,0
693,397,856,0,1,0
694,654,306,1,0,0
695,711,440,0,1,0
696,824,461,1,0,1
697,542,351,0,1,0
698,167,467,1,0,1
699,107,710,0,1,0
700,734,247,1,0,1
701,112,939,1,0,0
702,543,411,0,1,0
703,397,4,1,0,0
704,266,905,0,1,0
705,0,645,0,1,0
706,550,0,1,0,1
707,499,716,0,1,0
708,871,330,0,1,0
709,536,10,0,1,0
710,655,157,0,1,0
711,354,567,0,1,0
712,9,579,0,1,0
713,892,796,0,1,0
714,877,425,0,1,0
715,582,9,0,1,0
716,109,868,0,1,0
717,795,735,1,0,1
718,423,394,1,0,1
719,633,898,0,1,0
720,433,390,0,1,0
721,880,90,0,1,0
722,973,124,0,1,0
723,928,882,0,1,0
724,110,860,0,1,0
725,587,194,0,1,0
726,287,509,0,1,0
727,6,951,1,0,0
728,507,909,0,0,1
729,0,523,0,1,0
730,192,250,0,1,0
731,97,719,0,1,0
732,507,771,1,0,1
733,428,110,1,0,1
734,0,268,0,1,0
735,174,528,0,1,0
736,599,451,0,1,0
737,199,1,1,0,0
738,80,870,0,1,0
739,148,690,0,1,0
740,100,96,0,1,0
741,937,2,0,1,0
742,698,787,0,1,0
743,318,622,0,1,0
744,818,627,0,1,0
745,411,839,1,0,1
746,156,260,1,0,1
747,6,520,1,0,1
748,520,667,0,1,0
749,950,89,0,1,0
750,990,874,1,0,0
751,913,99,0,1,0
752,323,506,1,0,1
753,2,945,1,0,0
754,488,201,0,1,0
755,527,588,0,1,0
756,827,519,0,1,0
757,815,836,0,1,0
758,546,784,0,1,0
759,8,160,1,0,1
760,546,183,0,1,0
761,579,1,0,1,0
762,582,551,0,1,0
763,789,478,0,1,0
764,334,1,0,1,0
765,346,715,1,0,1
766,748,454,0,1,0
767,197,742,1,0,1
768,946,6,0,1,0
769,351,10,1,1,0
770,431,194,1,0,1
771,299,447,0,1,0
772,845,671,0,1,0
773,890,660,0,1,0
774,869,562,0,1,0
775,559,682,0,1,0
776,783,391,1,0,1
777,79,96,0,1,0
778,893,659,0,1,0
779,118,5,0,1,0
780,289,825,0,1,0
781,679,579,0,1,0
782,364,166,0,1,0
783,136,289,1,0,1
784,228,9,1,0,1
785,731,161,1,0,1
786,826,163,1,0,1
787,671,851,0,1,0
788,10,911,1,0,0
789,63,876,1,0,0
790,510,70,0,1,0
791,175,660,0,1,0
792,3,983,1,0,0
793,3,688,0,1,0
794,248,572,0,1,0
795,925,754,1,0,1
796,402,739,0,1,0
797,975,167,0,1,0
798,941,488,0,1,0
799,918,446,0,1,0
800,482,486,1,0,0
801,248,140,0,1,0
802,370,239,0,1,0
803,259,104,0,1,0
804,501,1,0,1,0
805,809,275,1,0,0
806,885,384,0,1,0
807,446,100,1,0,1
808,839,552,0,1,0
809,7,242,0,1,0
810,842,597,0,1,0
811,701,452,0,1,0
812,879,668,0,1,0
813,101,589,1,0,1
814,823,10,0,1,0
815,570,346,0,1,0
816,554,127,0,1,0
817,367,890,0,1,0
818,766,497,1,0,1
819,818,899,0,1,0
820,186,709,0,1,0
821,500,59,0,1,0
822,285,668,0,1,0
823,990,839,0,1,0
824,9,640,0,1,0
825,550,776,0,1,0
826,399,1,1,0,0
827,649,894,0,1,0
828,609,890,0,1,0
829,760,480,0,1,0
830,621,644,0,1,0
831,583,567,0,1,0
832,182,441,0,1,0
833,161,8,0,1,0
834,10,194,0,1,0
835,794,596,0,1,0
836,416,280,1,0,1
837,879,796,0,1,0
838,9,381,1,0,1
839,963,3,0,1,0
840,224,538,0,1,0
841,406,662,0,1,0
842,286,3,0,1,0
843,629,599,1,1,0
844,131,355,1,0,1
845,664,170,0,1,0
846,399,263,0,1,0
847,244,622,0,1,0
848,832,858,0,1,0
849,990,856,0,1,0
850,593,6,0,1,0
851,399,565,0,1,0
852,321,786,1,0,1
853,160,658,0,1,0
854,408,209,0,1,0
855,252,396,0,1,0
856,444,879,0,1,0
857,245,763,0,1,0
858,405,417,0,0,1
859,889,156,0,1,0
860,406,827,0,1,0
861,760,959,0,1,0
862,1,280,0,1,0
863,793,7,0,1,0
864,243,416,0,1,0
865,201,560,1,0,1
866,88,245,0,1,0
867,1,186,0,1,0
868,689,728,0,1,0
869,676,444,0,1,0
870,716,803,1,0,1
871,321,676,0,1,0
872,0,208,0,1,0
873,842,534,0,1,0
874,631,427,0,1,0
875,912,7,0,1,0
876,944,654,0,1,0
877,249,302,0,1,0
878,903,504,0,1,0
879,650,719,1,0,1
880,347,977,0,1,0
881,471,533,1,0,0
882,1,31,1,0,1
883,868,260,0,1,0
884,6,672,0,1,0
885,501,823,0,1,0
886,507,119,0,1,0
887,333,692,0,1,0
888,647,238,0,1,0
889,174,10,1,0,1
890,605,686,0,1,0
891,466,303,0,1,0
892,3,666,1,0,1
893,3,851,1,0,0
894,516,990,0,1,0
895,93,6,1,0,0
896,895,249,0,1,0
897,787,103,0,1,0
898,313,193,0,1,0
899,93,5,1,0,0
900,448,425,1,0,1
901,587,6,0,1,0
902,275,777,1,0,1
903,609,691,0,1,0
904,0,710,0,1,0
905,634,527,0,1,0
906,7,112,1,0,0
907,267,789,1,0,1
908,245,586,0,1,0
909,72,990,1,0,0
910,990,389,1,0,1
911,246,271,0,1,0
912,552,674,0,1,0
913,597,725,0,1,0
914,578,226,0,1,0
915,604,291,0,1,0
916,759,7,0,1,0
917,390,876,1,0,1
918,9,403,1,0,0
919,601,456,0,1,0
920,604,702,0,1,0
921,336,825,1,0,1
922,639,741,0,1,0
923,692,494,1,0,1
924,540,160,0,1,0
925,399,865,0,1,0
926,4,660,0,1,0
927,217,10,0,1,0
928,725,566,0,1,0
929,808,519,1,0,1
930,418,10,1,0,0
931,951,605,0,1,0
932,209,43,0,1,0
933,566,522,1,0,1
934,9,890,0,1,0
935,198,129,1,0,1
936,778,5,0,1,0
937,626,264,0,1,0
938,396,491,1,0,0
939,372,540,0,1,0
940,352,0,0,1,0
941,144,301,0,1,0
942,776,173,1,0,1
943,736,205,0,1,0
944,917,59,0,1,0
945,250,403,1,0,1
946,528,888,0,1,0
947,666,827,0,1,0
948,8,908,1,1,0
949,1,458,0,1,0
950,407,570,1,0,1
951,211,661,0,1,0
952,428,3,0,1,0
953,495,685,1,0,1
954,610,531,0,1,0
955,180,2,0,1,0
956,373,162,0,1,0
957,362,250,1,0,1
958,428,208,0,1,0
959,818,677,0,1,0
960,613,928,0,1,0
961,156,604,0,1,0
962,731,990,1,0,1
963,282,333,0,1,0
964,61,1,1,0,1
965,347,107,0,1,0
966,531,305,1,0,1
967,9,793,0,1,0
968,261,322,0,0,1
969,63,10,0,1,0
970,1,673,0,1,0
971,493,627,1,1,0
972,575,123,0,1,0
973,810,766,0,1,0
974,9,719,0,1,0
975,339,389,0,1,0
976,888,738,1,0,1
977,282,605,0,1,0
978,405,137,0,1,0
979,258,806,0,1,0
980,696,361,0,1,0
981,619,899,0,1,0
982,471,271,0,1,0
983,451,488,1,0,0
984,201,430,0,1,0
985,412,345,0,1,0
986,590,7,0,1,0
987,721,7,1,0,1
988,530,253,0,1,0
989,113,688,0,1,0
990,130,561,1,0,1
991,730,123,0,1,0
992,295,39,0,1,0
993,6,24,0,1,0
994,131,149,0,1,0
995,711,894,0,1,0
996,726,628,0,1,0
997,6,81,1,0,1
998,700,603,0,1,0
999,676,559,0,1,0
