Index,x,y,alive,infected,immune
0,790,304,0,1,0
1,2,697,1,0,1
2,948,172,0,0,1
3,571,899,1,0,1
4,981,810,0,1,0
5,381,128,0,1,0
6,490,107,0,1,0
7,8,559,0,1,0
8,335,776,1,0,1
9,840,594,0,1,0
10,433,123,0,1,0
11,589,129,0,1,0
12,515,1,0,1,0
13,43,348,0,1,0
14,857,233,0,1,0
15,91,772,0,1,0
16,480,366,1,0,1
17,795,694,0,1,0
18,965,142,0,1,0
19,663,795,0,1,0
20,946,543,0,1,0
21,300,311,0,1,0
22,389,808,0,1,0
23,258,168,1,0,1
24,214,427,0,1,0
25,9,153,0,1,0
26,795,6,0,1,0
27,700,394,0,1,0
28,113,127,0,1,0
29,499,903,0,1,0
30,690,660,0,1,0
31,561,8,0,1,0
32,745,872,1,0,1
33,976,273,1,0,1
34,269,838,0,1,0
35,281,9,0,1,0
36,629,4,1,0,1
37,956,668,0,1,0
38,6,585,0,1,0
39,379,772,0,1,0
40,223,15,0,1,0
41,631,546,1,0,1
42,513,182,1,0,1
43,139,428,0,1,0
44,497,261,0,1,0
45,198,123,0,1,0
46,544,927,1,0,1
47,754,531,0,1,0
48,740,337,0,1,0
49,499,153,0,1,0
50,523,936,0,1,0
51,862,680,0,1,0
52,138,376,0,1,0
53,166,350,0,1,0
54,286,762,0,1,0
55,551,273,0,0,1
56,694,190,0,1,0
57,549,285,0,1,0
58,158,339,0,1,0
59,990,407,0,1,0
60,173,670,0,1,0
61,594,9,0,1,0
62,442,921,0,1,0
63,152,420,0,1,0
64,1,962,0,1,0
65,6,349,1,0,1
66,18,830,0,1,0
67,796,812,0,1,0
68,631,795,0,1,0
69,688,924,0,1,0
70,590,826,0,1,0
71,747,10,0,1,0
72,516,784,0,1,0
73,586,762,0,1,0
74,335,0,0,1,0
75,990,163,1,0,1
76,111,322,0,1,0
77,406,227,1,0,1
78,321,745,1,0,1
79,976,69,0,1,0
80,121,518,0,1,0
81,742,831,0,1,0
82,104,120,0,1,0
83,279,931,0,1,0
84,361,552,0,1,0
85,208,281,0,1,0
86,388,644,1,0,1
87,873,563,0,1,0
88,617,108,0,1,0
89,613,6,0,1,0
90,243,145,0,1,0
91,191,499,0,1,0
92,275,558,0,1,0
93,511,948,0,1,0
94,619,341,0,1,0
95,202,900,0,1,0
96,765,859,0,1,0
97,517,551,0,1,0
98,126,63,0,1,0
99,715,196,0,1,0
100,270,264,0,1,0
101,752,436,1,0,1
102,673,928,1,0,1
103,4,33,0,0,1
104,657,426,1,0,1
105,584,554,1,1,0
106,879,268,0,1,0
107,624,222,0,1,0
108,878,322,0,1,0
109,820,581,0,0,1
110,366,880,1,0,1
111,6,776,0,1,0
112,805,406,0,1,0
113,854,302,0,1,0
114,543,261,0,1,0
115,884,561,0,1,0
116,49,905,1,0,0
117,709,830,0,1,0
118,413,0,1,0,0
119,214,730,0,1,0
120,713,463,1,0,1
121,860,535,0,1,0
122,3,481,1,0,0
123,628,29,1,0,0
124,276,442,0,1,0
125,842,555,1,0,1
126,808,9,0,1,0
127,683,762,0,1,0
128,240,769,1,0,1
129,531,5,0,1,0
130,459,888,0,1,0
131,6,180,1,0,0
132,905,266,0,1,0
133,9,274,0,1,0
134,637,594,0,1,0
135,318,454,0,1,0
136,197,174,0,1,0
137,567,549,0,1,0
138,614,746,1,0,1
139,609,165,1,0,1
140,0,421,0,1,0
141,595,653,1,0,1
142,522,378,0,1,0
143,803,177,0,1,0
144,401,595,0,1,0
145,162,77,0,1,0
146,477,573,1,0,0
147,467,678,0,1,0
148,742,350,0,1,0
149,275,208,0,1,0
150,154,220,1,0,1
151,717,336,0,1,0
152,416,445,1,0,1
153,344,350,0,1,0
154,7,901,1,0,0
155,68,156,0,1,0
156,575,588,1,1,0
157,193,285,0,1,0
158,448,719,0,1,0
159,866,614,0,1,0
160,781,725,0,1,0
161,140,587,0,1,0
162,818,776,0,1,0
163,682,198,0,1,0
164,88,572,0,1,0
165,539,905,0,1,0
166,832,307,0,1,0
167,260,183,0,1,0
168,238,3,0,1,0
169,883,0,1,0,0
170,559,682,1,0,1
171,988,495,0,1,0
172,148,380,0,1,0
173,5,926,1,0,0
174,192,850,0,1,0
175,72,53,1,0,0
176,580,442,0,1,0
177,391,395,0,1,0
178,385,634,0,1,0
179,709,1,0,1,0
180,512,135,0,1,0
181,974,647,0,1,0
182,467,863,0,1,0
183,714,281,1,0,0
184,338,329,1,1,0
185,523,81,1,0,0
186,844,279,1,0,1
187,743,462,0,1,0
188,394,990,0,1,0
189,862,48,1,0,0
190,914,541,0,1,0
191,950,9,0,1,0
192,900,249,0,1,0
193,466,247,0,1,0
194,4,537,0,1,0
195,541,273,0,1,0
196,3,676,1,0,1
197,966,990,0,1,0
198,720,932,0,1,0
199,791,549,0,1,0
200,517,621,1,0,0
201,171,888,0,1,0
202,194,825,0,1,0
203,947,6,0,1,0
204,8,719,1,1,0
205,735,888,0,1,0
206,189,269,1,0,1
207,750,388,0,1,0
208,266,607,0,1,0
209,781,45,1,0,1
210,233,990,1,0,0
211,714,798,0,1,0
212,33,583,0,1,0
213,591,877,0,1,0
214,990,506,1,0,0
215,510,667,1,1,0
216,364,86,0,1,0
217,470,299,0,1,0
218,682,386,0,1,0
219,309,10,1,0,1
220,7,785,0,0,1
221,735,191,0,1,0
222,8,550,0,1,0
223,442,95,0,1,0
224,284,473,0,1,0
225,649,698,0,1,0
226,311,532,1,0,1
227,493,663,1,1,0
228,951,725,0,1,0
229,459,313,1,0,1
230,320,154,0,1,0
231,9,120,1,0,1
232,789,124,0,1,0
233,221,751,0,1,0
234,439,653,0,1,0
235,671,474,0,1,0
236,388,855,0,1,0
237,308,6,0,1,0
238,501,373,1,1,0
239,240,912,0,1,0
240,186,150,0,0,1
241,280,928,0,1,0
242,258,237,0,1,0
243,188,320,1,0,1
244,243,802,0,1,0
245,826,586,1,0,1
246,775,213,1,0,1
247,568,831,0,1,0
248,321,3,0,1,0
249,676,791,0,1,0
250,891,609,0,1,0
251,895,690,1,0,1
252,680,603,0,1,0
253,665,125,1,0,0
254,127,227,1,0,0
255,112,445,0,1,0
256,636,422,0,0,1
257,758,597,0,1,0
258,588,567,0,1,0
259,796,802,1,0,1
260,787,452,0,1,0
261,584,504,0,1,0
262,8,515,0,1,0
263,882,661,0,1,0
264,66,626,0,1,0
265,177,376,0,1,0
266,35,898,1,0,0
267,260,32,0,0,1
268,754,120,0,1,0
269,892,7,1,0,0
270,800,715,1,0,1
271,729,312,1,0,0
272,851,948,1,0,1
273,466,686,0,1,0
274,121,360,1,0,1
275,112,7,0,1,0
276,500,152,0,0,1
277,699,668,1,0,1
278,534,524,1,1,0
279,384,0,1,0,0
280,246,196,0,1,0
281,200,734,0,1,0
282,504,661,1,0,1
283,990,904,1,0,0
284,865,801,0,1,0
285,821,0,0,1,0
286,813,950,1,0,1
287,9,39,0,1,0
288,1,695,0,1,0
289,161,697,0,1,0
290,557,384,0,1,0
291,847,129,1,0,1
292,34,861,1,0,0
293,0,244,0,1,0
294,28,895,1,0,1
295,231,634,0,1,0
296,243,695,0,1,0
297,320,117,0,1,0
298,657,755,0,1,0
299,68,284,1,0,1
300,470,730,1,0,1
301,690,588,1,0,1
302,206,154,0,0,1
303,5,498,0,1,0
304,562,210,0,1,0
305,942,9,0,1,0
306,756,94,0,1,0
307,577,261,1,0,1
308,838,10,1,0,0
309,436,219,1,0,1
310,855,325,0,1,0
311,805,549,0,1,0
312,215,790,0,1,0
313,352,9,1,0,0
314,4,244,0,1,0
315,900,754,0,1,0
316,6,790,0,1,0
317,778,746,0,0,1
318,536,779,0,1,0
319,61,990,1,0,0
320,719,852,0,1,0
321,744,579,1,0,1
322,783,824,0,1,0
323,827,635,1,0,1
324,7,503,0,1,0
325,600,828,0,1,0
326,268,75,0,1,0
327,802,473,0,1,0
328,150,468,0,1,0
329,84,416,0,1,0
330,623,787,0,1,0
331,4,150,0,1,0
332,706,969,0,1,0
333,236,855,0,1,0
334,186,400,0,1,0
335,776,683,0,1,0
336,885,346,0,1,0
337,427,121,0,1,0
338,758,6,0,1,0
339,5,707,1,1,0
340,868,684,0,1,0
341,864,611,0,1,0
342,564,685,0,1,0
343,557,4,0,1,0
344,973,932,1,0,0
345,481,589,1,0,0
346,169,221,1,0,1
347,293,492,0,1,0
348,239,459,0,1,0
349,755,101,0,1,0
350,119,830,1,0,1
351,493,257,1,0,1
352,367,951,0,1,0
353,862,752,0,1,0
354,834,920,0,1,0
355,0,791,1,0,1
356,135,675,0,1,0
357,85,417,0,1,0
358,586,582,0,1,0
359,651,903,0,1,0
360,389,316,0,1,0
361,2,816,0,1,0
362,713,9,0,1,0
363,603,374,1,0,1
364,867,864,0,1,0
365,843,840,0,1,0
366,334,158,0,1,0
367,439,604,0,1,0
368,272,404,0,1,0
369,178,490,1,0,1
370,635,863,0,1,0
371,7,886,1,0,0
372,763,626,1,0,1
373,367,2,0,1,0
374,894,911,0,1,0
375,503,153,0,1,0
376,182,846,0,1,0
377,497,908,0,1,0
378,484,650,1,1,0
379,91,872,0,1,0
380,815,442,0,1,0
381,858,645,1,0,1
382,722,477,0,1,0
383,462,10,1,0,0
384,847,174,1,0,0
385,438,2,1,0,1
386,892,775,0,1,0
387,295,150,0,1,0
388,751,6,0,1,0
389,411,136,1,0,1
390,3,21,0,1,0
391,39,883,1,0,0
392,180,45,0,1,0
393,236,816,0,1,0
394,770,582,0,1,0
395,257,6,1,0,0
396,42,487,0,1,0
397,5,827,0,1,0
398,242,240,0,1,0
399,733,101,1,1,0
400,543,452,1,0,0
401,737,467,0,0,1
402,348,517,0,1,0
403,351,74,0,1,0
404,114,565,0,1,0
405,897,93,1,1,0
406,702,438,0,1,0
407,274,470,0,1,0
408,4,755,1,0,0
409,590,73,0,1,0
410,327,682,1,0,1
411,447,10,1,0,1
412,545,291,0,1,0
413,783,797,0,1,0
414,240,869,0,1,0
415,494,193,1,0,1
416,175,481,0,1,0
417,578,908,0,1,0
418,281,884,0,1,0
419,417,270,0,1,0
420,730,490,0,1,0
421,883,761,0,1,0
422,23,684,1,0,1
423,279,57,1,0,1
424,208,405,0,1,0
425,119,363,0,1,0
426,56,796,0,1,0
427,311,556,1,0,1
428,980,5,1,0,0
429,585,990,0,1,0
430,346,170,0,1,0
431,604,670,0,1,0
432,886,275,0,1,0
433,803,468,1,0,1
434,441,831,0,1,0
435,840,390,0,1,0
436,488,10,1,0,0
437,785,618,0,1,0
438,537,683,0,1,0
439,860,141,0,1,0
440,281,5,0,1,0
441,696,607,1,0,1
442,418,452,1,0,0
443,278,287,0,1,0
444,134,216,0,0,1
445,274,443,0,1,0
446,771,633,0,1,0
447,411,930,0,1,0
448,656,91,1,0,0
449,64,268,1,0,0
450,906,288,0,1,0
451,301,3,0,1,0
452,930,144,1,0,1
453,271,692,1,0,1
454,643,630,0,1,0
455,602,177,0,1,0
456,990,900,1,0,0
457,654,352,0,1,0
458,317,786,0,1,0
459,10,840,1,0,0
460,978,9,1,0,0
461,467,379,1,0,1
462,633,602,1,0,1
463,840,580,1,0,1
464,576,857,0,1,0
465,861,482,0,1,0
466,208,224,1,0,1
467,466,439,1,0,0
468,27,4,1,0,1
469,731,365,0,1,0
470,689,4,0,1,0
471,1,530,0,1,0
472,854,3,1,0,0
473,6,564,1,0,1
474,318,90,0,0,1
475,336,0,1,0,1
476,327,370,0,1,0
477,550,528,0,1,0
478,432,842,1,0,1
479,713,248,1,0,0
480,833,435,0,1,0
481,232,233,1,0,1
482,245,834,1,0,1
483,526,976,0,1,0
484,896,741,0,1,0
485,617,574,0,1,0
486,343,506,0,1,0
487,103,513,0,0,1
488,351,811,0,1,0
489,601,399,1,0,1
490,864,790,1,0,1
491,393,342,0,1,0
492,990,15,1,0,0
493,753,103,0,1,0
494,577,198,0,1,0
495,97,589,0,1,0
496,140,166,0,1,0
497,641,493,0,1,0
498,190,803,1,0,1
499,917,196,1,0,1
500,326,238,1,0,1
501,110,939,1,0,0
502,567,7,0,1,0
503,754,2,0,1,0
504,229,304,0,1,0
505,604,461,1,0,1
506,685,684,1,0,1
507,618,380,0,1,0
508,339,135,0,1,0
509,156,643,0,1,0
510,553,8,1,0,1
511,985,522,0,1,0
512,880,172,1,0,0
513,24,677,1,0,1
514,679,169,0,1,0
515,134,130,0,1,0
516,862,390,0,1,0
517,588,180,0,1,0
518,683,250,0,1,0
519,370,100,0,1,0
520,732,688,0,1,0
521,930,90,0,1,0
522,261,537,1,0,1
523,448,735,0,1,0
524,799,849,0,1,0
525,605,404,1,0,1
526,5,37,0,1,0
527,465,402,1,0,1
528,754,3,0,1,0
529,286,540,1,0,1
530,926,504,1,0,1
531,450,712,0,1,0
532,143,932,0,1,0
533,53,225,0,1,0
534,828,351,0,1,0
535,261,840,0,1,0
536,859,683,0,1,0
537,401,579,0,1,0
538,432,135,0,1,0
539,624,403,1,0,1
540,465,656,0,1,0
541,461,695,0,1,0
542,668,505,0,1,0
543,6,46,0,1,0
544,302,272,1,0,0
545,52,1,0,1,0
546,110,403,0,1,0
547,430,395,0,1,0
548,59,827,0,0,1
549,638,584,0,1,0
550,782,362,0,1,0
551,218,925,0,1,0
552,951,268,1,0,1
553,363,808,1,0,1
554,499,759,0,1,0
555,215,855,0,1,0
556,346,623,0,1,0
557,299,4,0,1,0
558,853,543,1,0,1
559,708,527,0,1,0
560,775,666,0,1,0
561,687,754,0,1,0
562,836,600,0,1,0
563,435,990,0,1,0
564,9,142,1,0,1
565,186,702,0,1,0
566,177,95,0,1,0
567,255,346,0,1,0
568,754,141,0,1,0
569,210,0,0,1,0
570,749,660,1,0,1
571,273,619,0,1,0
572,638,333,0,1,0
573,176,536,1,0,1
574,888,538,0,1,0
575,510,206,0,1,0
576,35,879,1,0,0
577,330,822,1,0,1
578,171,146,0,1,0
579,719,121,0,1,0
580,207,775,0,1,0
581,0,370,1,0,0
582,350,322,0,1,0
583,512,972,0,1,0
584,301,219,1,0,1
585,162,534,0,1,0
586,794,333,0,1,0
587,801,7,0,1,0
588,292,587,0,1,0
589,542,786,0,1,0
590,416,370,0,1,0
591,800,390,1,0,1
592,797,853,0,1,0
593,254,689,0,1,0
594,799,586,0,1,0
595,584,896,1,0,1
596,337,808,0,1,0
597,786,613,0,1,0
598,142,334,0,1,0
599,79,351,0,1,0
600,922,261,0,1,0
601,726,802,0,1,0
602,722,458,0,1,0
603,5,429,0,1,0
604,518,81,0,1,0
605,387,362,0,1,0
606,811,5,1,0,1
607,157,262,0,1,0
608,498,618,1,0,0
609,403,433,0,1,0
610,760,941,0,1,0
611,407,249,0,1,0
612,330,840,0,1,0
613,32,512,0,1,0
614,589,766,1,0,1
615,507,9,0,1,0
616,907,812,1,0,0
617,734,603,0,1,0
618,440,275,0,1,0
619,687,220,0,1,0
620,6,76,0,1,0
621,499,278,0,1,0
622,539,7,0,1,0
623,153,386,0,1,0
624,682,370,1,0,1
625,238,486,0,1,0
626,5,20,0,1,0
627,125,329,0,1,0
628,833,0,1,0,0
629,629,648,0,1,0
630,748,462,0,1,0
631,904,864,0,1,0
632,990,792,1,0,0
633,153,245,0,1,0
634,856,255,0,1,0
635,541,869,0,1,0
636,751,790,0,1,0
637,195,455,0,1,0
638,377,549,1,1,0
639,666,353,1,0,1
640,153,758,0,1,0
641,5,586,0,1,0
642,2,967,0,1,0
643,920,613,0,1,0
644,535,263,0,1,0
645,69,199,0,1,0
646,622,189,0,1,0
647,1,644,0,1,0
648,108,234,0,1,0
649,733,394,0,1,0
650,954,990,0,1,0
651,742,326,0,1,0
652,267,443,0,1,0
653,219,5,0,1,0
654,1,824,0,1,0
655,508,2,0,1,0
656,364,408,0,1,0
657,680,215,0,1,0
658,303,748,0,1,0
659,248,51,1,0,1
660,270,93,1,0,1
661,338,633,1,0,1
662,360,147,1,0,1
663,683,398,0,1,0
664,121,598,0,1,0
665,246,565,0,1,0
666,133,424,0,1,0
667,569,93,0,1,0
668,926,623,0,1,0
669,921,9,1,0,0
670,226,352,0,1,0
671,800,707,0,1,0
672,913,702,0,1,0
673,744,285,1,0,1
674,737,337,0,1,0
675,664,553,0,1,0
676,812,886,0,1,0
677,899,883,0,1,0
678,526,384,1,1,0
679,9,147,0,1,0
680,545,465,0,1,0
681,489,1,1,0,0
682,134,730,0,1,0
683,3,604,0,1,0
684,224,62,0,1,0
685,382,262,1,0,1
686,826,129,0,1,0
687,801,531,1,0,1
688,579,785,0,1,0
689,800,750,1,0,1
690,615,573,0,1,0
691,220,744,0,1,0
692,783,752,0,1,0
693,414,835,0,1,0
694,681,311,1,0,0
695,703,425,0,1,0
696,836,454,1,0,1
697,578,349,0,1,0
698,182,474,1,0,1
699,120,714,0,1,0
700,753,273,1,0,1
701,109,945,1,0,0
702,545,399,0,1,0
703,397,2,1,0,0
704,290,861,0,1,0
705,6,645,0,1,0
706,550,9,1,0,1
707,482,703,0,1,0
708,876,301,0,1,0
709,536,10,0,1,0
710,661,170,0,1,0
711,356,591,0,1,0
712,2,579,0,1,0
713,876,795,0,1,0
714,878,425,0,1,0
715,582,4,0,1,0
716,95,856,0,1,0
717,773,751,1,0,1
718,415,381,1,0,1
719,630,907,0,1,0
720,455,378,0,1,0
721,872,65,0,1,0
722,963,151,0,1,0
723,913,867,0,1,0
724,103,873,0,1,0
725,587,189,0,1,0
726,288,511,0,1,0
727,5,951,1,0,0
728,508,903,0,0,1
729,5,523,0,1,0
730,207,248,0,1,0
731,121,722,0,1,0
732,482,769,1,0,1
733,427,155,1,0,1
734,2,268,0,1,0
735,163,555,0,1,0
736,587,475,0,1,0
737,199,2,1,0,0
738,70,858,0,1,0
739,155,712,0,1,0
740,101,100,0,1,0
741,937,2,0,1,0
742,688,802,0,1,0
743,318,635,0,1,0
744,817,624,0,1,0
745,444,862,1,0,1
746,134,250,1,0,1
747,5,520,1,0,1
748,510,662,0,1,0
749,942,122,0,1,0
750,990,874,1,0,0
751,903,90,0,1,0
752,321,534,1,0,1
753,1,945,1,0,0
754,498,229,0,1,0
755,544,582,0,1,0
756,823,526,0,1,0
757,831,824,0,1,0
758,520,772,0,1,0
759,6,160,1,0,1
760,539,200,0,1,0
761,579,3,0,1,0
762,619,538,0,1,0
763,790,473,0,1,0
764,334,0,0,1,0
765,386,729,1,0,1
766,750,466,0,1,0
767,233,757,1,0,1
768,946,6,0,1,0
769,351,10,1,0,0
770,432,198,1,0,1
771,295,429,0,1,0
772,820,664,0,1,0
773,885,644,0,1,0
774,844,584,0,1,0
775,564,665,0,1,0
776,785,406,1,0,1
777,105,100,0,1,0
778,883,647,0,1,0
779,118,5,0,1,0
780,276,807,0,1,0
781,670,572,0,1,0
782,343,150,0,1,0
783,162,265,1,0,1
784,228,3,1,0,1
785,702,146,1,0,1
786,798,156,1,0,1
787,664,856,0,1,0
788,10,911,1,0,0
789,114,898,1,0,0
790,521,97,0,1,0
791,190,631,0,1,0
792,4,983,1,0,0
793,8,688,0,1,0
794,216,583,0,1,0
795,918,749,1,0,1
796,394,711,1,1,0
797,967,183,0,1,0
798,937,480,0,1,0
799,914,439,0,1,0
800,496,475,1,0,0
801,236,150,0,1,0
802,366,266,0,1,0
803,250,133,0,1,0
804,501,6,0,1,0
805,791,265,1,0,0
806,877,403,0,1,0
807,409,103,1,0,1
808,829,584,0,1,0
809,8,242,0,1,0
810,878,614,0,1,0
811,663,463,0,1,0
812,895,633,0,1,0
813,142,615,1,0,1
814,823,10,0,1,0
815,546,348,0,1,0
816,565,135,0,1,0
817,369,879,0,1,0
818,786,483,1,0,1
819,807,914,0,1,0
820,184,718,0,1,0
821,511,67,0,1,0
822,272,654,0,1,0
823,990,839,0,1,0
824,4,640,0,1,0
825,523,791,0,1,0
826,399,1,1,0,0
827,686,897,0,1,0
828,612,913,0,1,0
829,759,478,0,1,0
830,645,639,0,1,0
831,594,593,0,1,0
832,203,441,0,1,0
833,161,9,0,1,0
834,10,194,1,1,0
835,787,574,0,1,0
836,426,309,1,0,1
837,893,776,0,1,0
838,4,381,1,0,1
839,963,0,0,1,0
840,226,547,0,1,0
841,418,667,0,1,0
842,286,8,0,1,0
843,591,587,1,1,0
844,134,365,1,0,1
845,688,153,0,1,0
846,408,261,0,1,0
847,216,633,0,1,0
848,850,827,0,1,0
849,990,856,0,1,0
850,593,7,0,1,0
851,395,583,0,1,0
852,347,793,1,0,1
853,204,642,0,1,0
854,422,212,0,1,0
855,240,411,0,1,0
856,453,878,0,1,0
857,286,734,1,1,0
858,423,423,0,0,1
859,890,148,0,1,0
860,394,847,0,1,0
861,749,957,0,1,0
862,6,280,0,1,0
863,793,4,1,1,0
864,255,393,0,1,0
865,193,539,1,0,1
866,93,265,0,1,0
867,20,193,0,1,0
868,671,707,0,1,0
869,668,436,0,1,0
870,698,811,1,0,1
871,344,716,0,1,0
872,4,208,0,1,0
873,874,525,0,1,0
874,622,417,0,1,0
875,905,963,0,1,0
876,927,672,0,1,0
877,222,308,0,1,0
878,912,500,0,1,0
879,642,709,1,0,1
880,353,974,0,1,0
881,474,546,1,0,0
882,8,31,1,0,1
883,861,267,0,1,0
884,0,672,0,1,0
885,506,815,0,1,0
886,510,102,0,1,0
887,334,712,0,1,0
888,623,231,0,1,0
889,174,10,1,0,1
890,604,690,0,1,0
891,465,311,0,1,0
892,973,665,1,0,1
893,9,851,1,0,0
894,516,990,0,1,0
895,93,7,1,0,0
896,920,265,0,1,0
897,798,154,1,1,0
898,312,206,0,1,0
899,83,982,1,0,0
900,461,429,1,0,1
901,587,3,0,1,0
902,272,748,1,0,1
903,660,675,0,1,0
904,4,710,0,1,0
905,650,529,0,1,0
906,2,112,1,0,0
907,254,787,1,0,1
908,242,570,0,1,0
909,72,990,1,0,0
910,990,389,1,0,1
911,225,261,0,1,0
912,591,692,0,1,0
913,612,720,0,1,0
914,580,234,0,1,0
915,609,331,0,1,0
916,759,2,0,1,0
917,382,860,1,0,1
918,8,403,1,0,0
919,585,453,0,1,0
920,615,707,0,1,0
921,325,833,1,0,1
922,637,731,0,1,0
923,670,495,1,0,1
924,527,146,0,1,0
925,406,857,0,1,0
926,8,660,0,1,0
927,217,10,0,1,0
928,718,554,0,1,0
929,843,509,1,0,1
930,418,10,1,0,0
931,919,630,0,1,0
932,213,43,0,1,0
933,558,522,1,1,0
934,975,896,0,1,0
935,182,133,1,0,1
936,778,8,0,1,0
937,651,258,0,1,0
938,404,498,1,0,0
939,361,534,0,1,0
940,361,984,0,1,0
941,142,323,0,1,0
942,730,169,1,0,1
943,734,197,0,1,0
944,953,44,0,1,0
945,229,416,1,0,1
946,530,888,0,1,0
947,660,849,0,1,0
948,5,908,1,0,0
949,0,458,0,1,0
950,394,589,1,0,1
951,207,662,0,1,0
952,428,2,0,1,0
953,476,714,1,0,1
954,591,535,0,1,0
955,180,8,0,1,0
956,325,191,0,1,0
957,362,237,1,0,1
958,420,224,0,1,0
959,792,681,0,1,0
960,617,925,0,1,0
961,178,617,0,1,0
962,731,990,1,0,1
963,264,340,0,1,0
964,61,1,1,0,1
965,360,105,0,1,0
966,544,298,1,0,1
967,2,793,0,1,0
968,281,300,0,0,1
969,63,10,0,1,0
970,1,673,0,1,0
971,482,607,1,0,0
972,561,138,0,1,0
973,807,757,0,1,0
974,8,719,1,1,0
975,380,406,0,1,0
976,844,700,1,0,1
977,295,605,0,1,0
978,437,166,0,1,0
979,265,814,0,1,0
980,690,396,0,1,0
981,623,897,0,1,0
982,445,271,0,1,0
983,423,517,1,0,0
984,194,428,0,1,0
985,427,343,0,1,0
986,590,5,0,1,0
987,721,4,1,0,1
988,526,255,0,1,0
989,90,641,0,1,0
990,103,583,1,0,1
991,733,119,0,1,0
992,278,55,0,1,0
993,7,24,0,1,0
994,147,172,0,1,0
995,719,892,0,1,0
996,707,646,0,1,0
997,5,81,1,0,1
998,701,630,0,1,0
999,674,538,0,1,0
