Index,x,y,alive,infected,immune
0,777,314,0,1,0
1,35,634,1,0,1
2,950,237,0,0,1
3,511,852,1,0,1
4,904,722,0,1,0
5,438,132,0,1,0
6,443,23,0,1,0
7,965,541,0,1,0
8,289,758,1,0,1
9,852,607,0,1,0
10,387,128,0,1,0
11,672,156,0,1,0
12,559,933,0,1,0
13,92,303,0,1,0
14,859,288,0,1,0
15,74,803,0,1,0
16,532,332,1,0,1
17,772,633,0,1,0
18,958,201,0,1,0
19,589,851,0,1,0
20,966,610,0,1,0
21,336,368,0,1,0
22,475,783,0,1,0
23,251,83,1,0,1
24,194,399,0,1,0
25,4,153,0,1,0
26,795,8,0,1,0
27,690,481,0,1,0
28,104,134,0,1,0
29,528,926,0,1,0
30,680,739,0,1,0
31,561,9,0,1,0
32,778,877,1,0,1
33,952,379,1,0,1
34,232,887,0,1,0
35,281,8,0,1,0
36,629,4,1,0,1
37,886,702,0,1,0
38,52,579,0,1,0
39,407,766,0,1,0
40,179,51,0,1,0
41,682,519,1,0,1
42,474,175,1,0,1
43,131,408,0,1,0
44,436,302,0,1,0
45,179,127,0,1,0
46,523,895,1,0,1
47,757,569,0,1,0
48,713,337,0,1,0
49,429,167,0,1,0
50,503,906,0,1,0
51,903,743,0,1,0
52,132,396,0,1,0
53,138,372,0,1,0
54,280,880,0,1,0
55,557,318,0,0,1
56,715,168,0,1,0
57,568,269,0,1,0
58,174,404,0,1,0
59,990,407,0,1,0
60,237,541,0,1,0
61,594,9,0,1,0
62,364,955,0,1,0
63,163,482,0,1,0
64,9,962,0,1,0
65,978,359,1,0,1
66,73,818,0,1,0
67,776,846,0,1,0
68,623,760,0,1,0
69,677,927,0,1,0
70,587,808,0,1,0
71,752,19,0,1,0
72,599,819,0,1,0
73,616,739,0,1,0
74,335,7,0,1,0
75,990,163,1,0,1
76,128,351,0,1,0
77,409,248,1,0,1
78,335,725,1,0,1
79,910,107,0,1,0
80,102,495,0,1,0
81,778,833,0,1,0
82,179,157,0,1,0
83,184,898,0,1,0
84,352,529,0,1,0
85,198,386,0,1,0
86,396,700,1,0,1
87,848,577,0,1,0
88,554,165,0,1,0
89,628,930,0,1,0
90,312,187,0,1,0
91,230,515,0,1,0
92,275,426,0,1,0
93,476,886,0,1,0
94,659,456,0,1,0
95,194,953,0,1,0
96,731,920,0,1,0
97,634,521,0,1,0
98,76,39,0,1,0
99,653,151,0,1,0
100,203,311,1,1,0
101,792,403,1,0,0
102,690,873,1,1,0
103,7,33,1,1,0
104,676,478,1,1,0
105,560,587,1,0,0
106,881,243,1,0,0
107,625,195,0,1,0
108,875,381,1,1,0
109,798,621,1,1,0
110,358,858,1,0,0
111,6,776,1,1,0
112,765,465,1,1,0
113,872,312,1,1,0
114,571,346,0,1,0
115,871,546,0,1,0
116,105,982,1,0,0
117,737,855,0,1,0
118,413,0,1,0,0
119,146,742,1,0,0
120,687,506,1,1,0
121,854,502,1,1,0
122,974,498,1,0,0
123,691,95,1,0,0
124,297,344,1,0,0
125,838,626,1,0,1
126,808,9,1,1,0
127,648,768,1,0,0
128,229,735,1,0,0
129,531,1,0,1,0
130,390,779,1,0,0
131,8,180,1,0,0
132,917,258,0,1,0
133,69,257,0,1,0
134,692,579,0,1,0
135,318,480,1,1,0
136,219,216,1,1,0
137,555,618,1,0,0
138,666,707,1,1,0
139,597,151,1,0,1
140,4,421,0,1,0
141,603,713,1,0,0
142,492,371,1,0,0
143,760,106,0,1,0
144,407,705,1,0,0
145,189,71,0,1,0
146,546,534,1,0,0
147,438,635,1,0,0
148,676,357,0,1,0
149,293,187,0,1,0
150,81,184,1,0,1
151,639,375,1,0,0
152,376,412,1,0,0
153,381,346,1,1,0
154,0,901,1,0,0
155,109,161,0,1,0
156,557,532,1,0,0
157,153,281,1,1,0
158,372,691,1,0,0
159,851,600,0,1,0
160,811,732,0,1,0
161,129,559,1,0,0
162,722,767,1,0,0
163,627,173,1,1,0
164,71,545,0,1,0
165,561,835,0,1,0
166,897,279,1,0,0
167,312,196,0,1,0
168,238,1,1,0,0
169,874,943,1,0,0
170,512,705,1,0,0
171,918,531,0,1,0
172,167,225,1,0,0
173,1,926,1,0,0
174,80,836,1,0,0
175,78,103,1,0,0
176,616,388,0,1,0
177,375,411,1,0,0
178,381,635,1,0,0
179,709,2,1,0,0
180,557,92,1,1,0
181,947,620,0,1,0
182,436,946,1,0,0
183,769,247,1,0,0
184,325,299,1,0,0
185,533,62,1,0,0
186,817,376,1,0,1
187,668,494,0,1,0
188,399,949,1,0,0
189,814,88,1,0,0
190,944,548,1,0,0
191,925,963,1,0,0
192,929,236,0,1,0
193,510,238,0,1,0
194,973,529,0,1,0
195,512,236,0,1,0
196,7,676,1,0,1
197,970,940,1,0,0
198,768,896,1,0,0
199,827,600,0,1,0
200,550,616,1,0,0
201,180,778,1,0,0
202,283,852,0,1,0
203,947,3,1,0,0
204,45,747,1,0,0
205,638,920,0,1,0
206,230,348,1,0,0
207,751,322,1,1,0
208,282,586,1,0,0
209,767,122,1,1,0
210,236,978,1,0,0
211,703,792,1,0,0
212,117,616,0,1,0
213,632,776,0,1,0
214,990,506,1,0,0
215,537,764,1,0,0
216,275,62,0,1,0
217,404,247,1,1,0
218,640,410,1,1,0
219,309,10,1,0,0
220,1,785,1,1,0
221,789,162,0,1,0
222,1,550,1,0,0
223,352,181,0,1,0
224,285,436,0,1,0
225,679,648,1,0,0
226,396,551,1,0,0
227,525,639,1,0,0
228,945,728,0,1,0
229,438,342,1,0,0
230,273,151,1,1,0
231,935,156,1,0,0
232,820,124,1,0,0
233,234,756,1,0,0
234,378,623,1,1,0
235,639,497,0,1,0
236,344,851,1,0,0
237,308,1,1,0,0
238,476,396,1,0,0
239,228,909,0,1,0
240,229,90,0,0,1
241,282,878,0,1,0
242,322,239,0,1,0
243,204,298,1,0,1
244,291,875,0,1,0
245,861,585,1,0,1
246,731,118,1,1,0
247,548,842,0,1,0
248,321,8,0,1,0
249,676,856,0,1,0
250,855,585,0,1,0
251,909,681,1,1,0
252,724,702,0,1,0
253,631,31,1,0,0
254,167,253,1,0,0
255,121,453,0,1,0
256,635,387,1,0,0
257,721,583,0,1,0
258,571,535,1,0,0
259,724,829,1,1,0
260,859,527,0,1,0
261,461,553,1,0,0
262,2,515,0,1,0
263,960,618,0,1,0
264,79,618,0,1,0
265,169,382,1,1,0
266,97,910,1,0,0
267,266,43,1,1,0
268,744,139,0,1,0
269,892,5,1,0,0
270,810,689,1,0,0
271,761,216,1,0,0
272,865,941,1,0,1
273,504,697,1,0,0
274,172,418,1,0,1
275,176,928,0,1,0
276,454,55,0,0,1
277,619,630,1,0,0
278,500,498,1,0,0
279,384,7,1,0,0
280,220,242,1,0,0
281,192,722,1,0,0
282,523,703,1,0,0
283,968,888,1,0,0
284,796,768,1,0,0
285,821,2,1,0,0
286,878,966,1,1,0
287,9,39,0,1,0
288,7,695,1,0,0
289,209,722,1,0,0
290,552,354,1,0,0
291,889,94,1,1,0
292,63,858,1,0,0
293,6,244,1,0,0
294,33,861,1,0,0
295,241,638,1,0,0
296,238,691,1,0,0
297,381,155,0,1,0
298,727,721,0,1,0
299,65,292,1,0,0
300,428,757,1,1,0
301,682,564,1,1,0
302,103,156,0,0,1
303,5,498,0,1,0
304,598,248,0,1,0
305,942,0,1,0,0
306,729,137,0,1,0
307,605,242,1,1,0
308,838,10,1,0,0
309,483,310,1,1,0
310,937,335,1,0,0
311,728,489,1,1,0
312,241,774,1,1,0
313,352,0,1,0,0
314,3,244,1,0,0
315,897,672,0,1,0
316,0,790,1,1,0
317,771,727,0,0,1
318,517,666,1,0,0
319,61,990,1,0,0
320,660,836,1,0,0
321,800,666,1,0,1
322,826,736,0,1,0
323,766,628,1,0,1
324,1,503,0,1,0
325,618,817,0,1,0
326,350,91,1,0,0
327,873,448,1,0,0
328,127,473,1,0,0
329,159,457,1,0,0
330,684,790,1,0,0
331,2,150,0,1,0
332,673,926,0,1,0
333,198,918,0,1,0
334,271,420,1,1,0
335,815,688,1,1,0
336,834,308,1,1,0
337,448,59,0,1,0
338,758,5,0,1,0
339,8,707,1,0,0
340,870,613,0,1,0
341,801,700,1,0,0
342,497,655,1,0,0
343,557,5,0,1,0
344,964,956,1,0,0
345,486,568,1,0,0
346,228,292,1,1,0
347,298,474,0,1,0
348,257,444,0,1,0
349,798,189,1,0,0
350,101,808,1,0,0
351,543,274,1,0,1
352,431,877,1,0,0
353,784,738,1,0,0
354,864,905,1,1,0
355,80,788,1,1,0
356,133,708,1,0,0
357,123,418,0,1,0
358,572,645,1,0,0
359,616,945,0,1,0
360,328,421,0,1,0
361,0,816,1,0,0
362,713,997,0,1,0
363,672,344,1,1,0
364,857,886,1,1,0
365,844,821,0,1,0
366,325,145,0,1,0
367,409,696,1,0,0
368,243,412,1,0,0
369,148,491,1,0,1
370,677,887,0,1,0
371,6,886,1,0,0
372,723,539,1,1,0
373,386,925,0,1,0
374,893,855,0,1,0
375,469,167,0,1,0
376,142,794,1,0,0
377,505,814,0,1,0
378,517,626,1,0,0
379,143,787,1,0,0
380,769,355,0,1,0
381,834,705,1,1,0
382,782,407,1,1,0
383,462,10,1,0,0
384,857,166,1,0,0
385,438,9,1,1,0
386,874,732,0,1,0
387,284,135,1,0,0
388,751,3,0,1,0
389,382,146,1,1,0
390,0,21,0,1,0
391,60,889,1,0,0
392,202,124,0,1,0
393,274,857,0,1,0
394,750,528,1,1,0
395,257,0,1,0,0
396,73,490,1,0,0
397,937,826,1,0,0
398,205,179,0,1,0
399,697,80,1,0,0
400,527,415,1,0,0
401,726,554,0,0,1
402,306,470,1,1,0
403,293,56,1,1,0
404,238,648,1,0,0
405,881,182,1,0,0
406,745,470,1,1,0
407,314,512,1,1,0
408,8,755,1,0,0
409,610,102,1,0,0
410,269,697,1,1,0
411,447,13,1,1,0
412,477,347,1,0,0
413,721,843,0,1,0
414,244,771,1,1,0
415,491,222,1,0,0
416,127,585,0,1,0
417,467,911,0,1,0
418,271,850,0,1,0
419,380,274,1,1,0
420,707,478,1,0,0
421,836,753,0,1,0
422,32,644,1,1,0
423,397,80,1,1,0
424,121,302,0,1,0
425,127,370,0,1,0
426,46,796,0,1,0
427,366,582,1,0,0
428,980,1,1,0,0
429,591,973,0,1,0
430,333,85,1,0,0
431,561,706,1,0,0
432,908,289,1,0,0
433,862,453,1,0,0
434,381,794,1,0,0
435,846,419,1,0,0
436,488,10,1,0,0
437,843,654,0,1,0
438,489,600,1,0,0
439,865,202,1,0,0
440,287,45,0,1,0
441,734,530,1,0,1
442,462,496,1,0,0
443,269,330,1,0,0
444,168,246,1,0,0
445,252,424,1,0,0
446,804,690,1,1,0
447,443,903,0,1,0
448,701,121,1,0,0
449,124,260,1,0,0
450,929,331,1,0,0
451,310,960,0,1,0
452,931,125,1,1,0
453,197,697,1,0,0
454,568,691,1,0,0
455,571,339,1,1,0
456,990,900,1,0,0
457,619,332,0,1,0
458,346,762,0,1,0
459,10,840,1,0,0
460,978,1,1,0,0
461,367,464,1,0,0
462,616,557,1,0,1
463,811,437,1,0,0
464,582,841,0,1,0
465,814,542,0,1,0
466,287,137,1,0,0
467,479,426,1,0,0
468,27,8,1,0,1
469,684,372,0,1,0
470,689,992,0,1,0
471,27,520,0,1,0
472,854,9,1,0,0
473,5,564,1,0,0
474,274,95,1,1,0
475,336,4,1,0,1
476,360,393,1,0,0
477,509,476,1,0,0
478,386,918,1,0,1
479,816,242,1,0,0
480,868,455,1,0,0
481,292,269,1,1,0
482,217,874,1,0,1
483,488,878,0,1,0
484,931,731,0,1,0
485,644,575,0,1,0
486,303,442,0,1,0
487,110,647,1,1,0
488,338,806,1,0,0
489,567,322,1,0,1
490,901,867,1,1,0
491,380,274,0,1,0
492,990,15,1,0,0
493,799,76,1,0,0
494,610,254,0,1,0
495,92,604,0,1,0
496,101,96,1,0,0
497,594,464,0,1,0
498,159,758,1,0,0
499,953,221,1,1,0
500,305,243,1,1,0
501,107,928,1,0,0
502,567,9,0,1,0
503,754,8,0,1,0
504,241,327,1,0,0
505,653,480,1,0,1
506,753,761,1,1,0
507,598,358,0,1,0
508,438,74,0,1,0
509,109,627,1,1,0
510,553,5,1,1,0
511,878,516,0,1,0
512,925,196,1,0,0
513,110,705,1,0,0
514,622,173,0,1,0
515,145,128,0,1,0
516,832,426,1,0,0
517,587,114,1,1,0
518,617,266,0,1,0
519,431,139,0,1,0
520,819,653,0,1,0
521,849,135,1,0,0
522,354,637,1,0,0
523,481,687,1,0,0
524,849,885,0,1,0
525,566,416,1,0,0
526,2,37,0,1,0
527,431,377,1,0,0
528,754,8,0,1,0
529,298,523,1,0,1
530,920,602,1,0,1
531,457,727,1,0,0
532,154,894,1,1,0
533,129,200,0,1,0
534,831,439,1,0,0
535,224,903,0,1,0
536,846,647,0,1,0
537,399,601,1,0,0
538,399,88,1,0,0
539,536,344,1,1,0
540,510,691,1,0,0
541,547,657,1,0,0
542,699,435,1,0,0
543,968,72,1,0,0
544,328,263,1,0,0
545,51,953,1,0,0
546,120,389,0,1,0
547,425,444,1,0,0
548,63,736,1,0,0
549,645,535,0,1,0
550,776,442,0,1,0
551,220,977,1,0,0
552,895,331,1,1,0
553,354,796,1,0,0
554,466,717,1,0,0
555,145,891,1,0,0
556,331,654,1,0,0
557,332,964,0,1,0
558,828,603,1,0,1
559,770,509,0,1,0
560,721,641,1,0,0
561,670,727,1,1,0
562,883,607,0,1,0
563,398,889,0,1,0
564,8,142,1,0,1
565,225,726,1,0,0
566,271,119,1,1,0
567,269,320,1,0,0
568,731,126,1,1,0
569,160,930,1,0,0
570,799,605,1,0,1
571,307,649,1,0,0
572,523,273,0,1,0
573,245,630,1,0,0
574,876,456,1,0,0
575,505,173,0,1,0
576,73,882,1,0,0
577,313,836,1,0,0
578,226,160,1,0,0
579,721,145,0,1,0
580,184,769,1,0,0
581,9,370,1,0,0
582,359,318,1,0,0
583,516,926,0,1,0
584,283,148,1,1,0
585,154,561,1,0,0
586,799,279,1,0,0
587,801,8,1,1,0
588,174,509,1,0,0
589,568,765,1,0,0
590,564,358,1,1,0
591,823,422,1,0,0
592,809,851,0,1,0
593,278,705,1,1,0
594,776,599,0,1,0
595,545,923,1,0,1
596,294,853,0,1,0
597,775,513,1,1,0
598,150,240,1,0,0
599,142,460,1,1,0
600,891,265,1,0,0
601,788,816,0,1,0
602,771,529,0,1,0
603,3,429,0,1,0
604,597,105,0,1,0
605,356,414,1,1,0
606,799,964,1,0,0
607,162,341,0,1,0
608,571,635,1,0,0
609,261,340,1,0,0
610,766,886,1,0,0
611,360,261,1,0,0
612,251,886,0,1,0
613,81,521,0,1,0
614,642,816,1,0,0
615,507,2,0,1,0
616,943,764,1,0,0
617,673,572,0,1,0
618,480,233,0,1,0
619,674,233,0,1,0
620,977,119,0,1,0
621,479,378,1,0,0
622,539,9,0,1,0
623,178,313,1,0,0
624,760,361,1,1,0
625,315,561,1,0,0
626,1,20,0,1,0
627,143,325,1,0,0
628,833,6,1,0,0
629,648,737,0,1,0
630,777,481,1,0,0
631,933,955,1,0,0
632,949,806,1,0,0
633,201,304,0,1,0
634,881,284,1,1,0
635,487,921,0,1,0
636,805,874,0,1,0
637,122,419,0,1,0
638,372,484,1,0,0
639,638,359,1,1,0
640,117,764,1,0,0
641,985,586,0,1,0
642,1,967,0,1,0
643,883,606,0,1,0
644,443,243,0,1,0
645,77,217,0,1,0
646,560,295,1,0,0
647,6,644,0,1,0
648,89,343,0,1,0
649,684,446,0,1,0
650,954,990,1,0,0
651,824,312,1,1,0
652,220,447,1,0,0
653,219,4,1,0,0
654,2,824,1,0,0
655,508,9,0,1,0
656,448,435,1,0,0
657,588,203,0,1,0
658,288,743,0,1,0
659,206,54,1,0,0
660,299,67,1,1,0
661,361,660,1,0,0
662,357,59,1,0,0
663,734,474,0,1,0
664,131,720,1,0,0
665,221,526,1,0,0
666,142,412,0,1,0
667,624,137,1,0,0
668,893,628,0,1,0
669,921,0,1,0,0
670,178,285,1,1,0
671,759,714,1,0,0
672,886,678,0,1,0
673,798,313,1,0,1
674,715,252,0,1,0
675,600,596,1,0,0
676,805,785,1,0,0
677,930,936,1,0,0
678,433,386,1,0,0
679,1,147,0,1,0
680,564,479,1,0,0
681,489,4,1,0,0
682,210,653,1,0,0
683,42,590,0,1,0
684,183,93,0,1,0
685,363,126,1,0,1
686,922,128,0,1,0
687,824,489,1,1,0
688,598,789,0,1,0
689,805,679,1,1,0
690,608,613,1,0,0
691,287,697,1,1,0
692,784,775,1,1,0
693,540,885,0,1,0
694,718,278,1,0,0
695,642,421,0,1,0
696,828,407,1,0,1
697,557,348,1,1,0
698,259,464,1,1,0
699,185,732,1,0,0
700,727,308,1,0,0
701,38,941,1,0,0
702,550,426,1,0,0
703,397,1,1,0,0
704,338,881,0,1,0
705,4,645,1,1,0
706,540,910,1,0,1
707,492,724,1,0,0
708,854,309,0,1,0
709,536,10,1,1,0
710,645,209,0,1,0
711,447,591,1,0,0
712,7,579,1,0,0
713,864,864,0,1,0
714,856,427,1,0,0
715,582,7,0,1,0
716,83,761,1,0,0
717,759,704,1,0,0
718,379,415,1,0,0
719,610,895,0,1,0
720,346,402,1,0,0
721,821,117,1,0,0
722,936,177,1,0,0
723,894,902,0,1,0
724,68,801,0,1,0
725,550,202,1,0,0
726,393,445,1,0,0
727,1,951,1,0,0
728,402,734,1,0,0
729,5,523,0,1,0
730,181,209,1,0,0
731,101,675,1,0,0
732,554,858,1,0,1
733,358,178,1,0,1
734,2,268,1,0,0
735,249,568,1,1,0
736,537,488,1,0,0
737,199,4,1,0,0
738,54,852,1,0,0
739,118,708,1,0,0
740,61,150,0,1,0
741,937,6,1,0,0
742,719,833,0,1,0
743,351,629,1,0,0
744,896,584,0,1,0
745,418,821,1,0,1
746,140,310,1,0,0
747,9,520,1,1,0
748,461,617,1,0,0
749,899,165,1,0,0
750,990,874,1,0,0
751,893,41,1,0,0
752,300,447,1,1,0
753,6,945,1,0,0
754,578,216,0,1,0
755,485,493,1,0,0
756,872,511,0,1,0
757,877,804,0,1,0
758,490,808,1,0,0
759,0,160,1,0,1
760,601,194,0,1,0
761,537,933,0,1,0
762,634,560,0,1,0
763,877,458,1,0,0
764,334,3,0,1,0
765,457,756,1,0,0
766,724,466,1,0,0
767,179,707,1,0,0
768,950,16,1,0,0
769,360,24,1,0,0
770,363,146,1,0,1
771,328,523,1,1,0
772,853,716,1,1,0
773,866,608,0,1,0
774,871,539,0,1,0
775,606,730,0,1,0
776,884,358,1,0,0
777,200,103,0,1,0
778,942,647,1,0,0
779,118,3,1,0,0
780,239,810,1,1,0
781,667,539,0,1,0
782,344,102,1,0,0
783,190,270,1,0,0
784,314,925,1,1,0
785,797,111,1,1,0
786,874,41,1,0,0
787,589,788,0,1,0
788,10,911,1,0,0
789,52,938,1,0,0
790,555,114,0,1,0
791,215,591,0,1,0
792,9,983,1,0,0
793,25,699,0,1,0
794,262,591,0,1,0
795,942,686,1,0,1
796,459,638,1,0,0
797,929,319,1,0,0
798,870,586,0,1,0
799,849,428,1,0,0
800,483,481,1,0,0
801,274,242,1,0,0
802,377,281,0,1,0
803,277,156,0,1,0
804,501,5,0,1,0
805,760,246,1,0,0
806,925,375,0,1,0
807,392,134,1,1,0
808,782,588,1,0,0
809,921,256,1,1,0
810,836,618,0,1,0
811,709,398,1,1,0
812,875,616,0,1,0
813,213,631,1,0,0
814,823,10,1,0,0
815,548,397,1,0,0
816,524,200,1,1,0
817,384,801,1,0,0
818,701,515,1,0,1
819,871,883,0,1,0
820,124,696,1,0,0
821,533,49,0,1,0
822,333,646,0,1,0
823,895,874,1,1,0
824,97,685,1,0,0
825,574,758,1,0,0
826,405,29,1,0,0
827,609,896,0,1,0
828,582,919,0,1,0
829,764,494,0,1,0
830,546,661,1,0,0
831,589,595,1,0,0
832,227,406,0,1,0
833,161,9,1,1,0
834,10,194,1,0,0
835,766,440,0,1,0
836,429,289,1,1,0
837,940,793,1,0,0
838,108,392,1,0,1
839,907,958,1,0,0
840,219,565,0,1,0
841,366,678,1,0,0
842,299,961,0,1,0
843,485,615,1,0,0
844,191,368,1,0,1
845,665,164,0,1,0
846,422,286,0,1,0
847,244,718,1,0,0
848,856,777,0,1,0
849,892,862,1,1,0
850,593,3,1,1,0
851,366,601,1,0,0
852,243,808,1,1,0
853,124,650,1,1,0
854,482,200,0,1,0
855,264,428,0,1,0
856,392,877,0,1,0
857,322,781,1,0,0
858,423,417,1,0,0
859,947,125,0,1,0
860,403,909,0,1,0
861,801,899,0,1,0
862,7,280,1,0,0
863,777,64,1,0,0
864,224,288,1,1,0
865,247,552,1,0,1
866,111,244,1,0,0
867,39,201,0,1,0
868,770,672,1,1,0
869,604,390,1,1,0
870,675,840,1,0,0
871,322,725,0,1,0
872,129,237,1,0,0
873,905,403,1,0,0
874,702,393,0,1,0
875,959,940,1,0,0
876,889,723,0,1,0
877,231,320,1,0,0
878,910,561,1,0,0
879,581,748,1,0,0
880,332,945,0,1,0
881,493,464,1,0,0
882,1,31,1,0,1
883,840,349,0,1,0
884,6,672,0,1,0
885,522,843,0,1,0
886,534,184,1,0,0
887,336,706,0,1,0
888,570,228,1,1,0
889,148,43,1,1,0
890,631,704,0,1,0
891,445,314,0,1,0
892,907,692,1,1,0
893,33,830,1,0,0
894,480,957,1,0,0
895,93,7,1,0,0
896,895,263,1,0,0
897,732,199,1,0,0
898,325,234,0,1,0
899,119,926,1,0,0
900,466,389,1,0,0
901,587,6,0,1,0
902,318,725,1,1,0
903,675,672,1,0,0
904,879,704,1,1,0
905,684,534,0,1,0
906,0,112,1,0,0
907,254,777,1,0,0
908,138,606,0,1,0
909,122,967,1,0,0
910,990,389,1,0,1
911,221,216,0,1,0
912,609,698,1,1,0
913,644,710,0,1,0
914,531,191,0,1,0
915,596,398,1,1,0
916,825,965,1,1,0
917,354,890,1,1,0
918,9,403,1,0,0
919,527,391,1,0,0
920,595,609,1,0,0
921,348,895,1,1,0
922,585,829,0,1,0
923,662,406,1,1,0
924,607,141,1,0,0
925,438,844,0,1,0
926,950,605,0,1,0
927,217,10,1,0,0
928,667,497,0,1,0
929,865,499,1,1,0
930,427,43,1,0,0
931,917,620,1,1,0
932,199,101,0,1,0
933,547,588,1,0,0
934,958,891,1,0,0
935,165,107,1,1,0
936,778,5,1,1,0
937,686,312,1,0,0
938,496,484,1,0,0
939,423,523,1,0,0
940,398,853,0,1,0
941,127,338,0,1,0
942,671,181,1,0,1
943,640,160,0,1,0
944,855,46,1,0,0
945,196,407,1,0,0
946,520,866,0,1,0
947,601,829,1,1,0
948,1,908,1,0,0
949,919,525,1,1,0
950,332,609,1,0,0
951,215,611,1,0,0
952,428,6,1,1,0
953,505,660,1,0,0
954,595,513,0,1,0
955,201,27,1,0,0
956,302,247,0,1,0
957,430,226,1,0,0
958,480,315,1,0,0
959,780,661,1,1,0
960,678,931,0,1,0
961,265,676,1,1,0
962,731,990,1,0,1
963,272,393,0,1,0
964,61,3,1,0,0
965,344,121,1,1,0
966,525,205,1,1,0
967,1,793,0,1,0
968,233,288,1,1,0
969,143,60,1,1,0
970,1,673,0,1,0
971,447,576,1,0,0
972,476,200,0,1,0
973,744,816,0,1,0
974,5,719,1,0,0
975,406,436,1,0,0
976,812,672,1,0,1
977,358,651,0,1,0
978,528,154,0,1,0
979,235,801,0,1,0
980,766,361,0,1,0
981,627,882,1,0,0
982,492,243,0,1,0
983,462,442,1,0,0
984,234,425,1,1,0
985,428,282,0,1,0
986,644,945,0,1,0
987,721,3,1,0,0
988,492,318,0,1,0
989,133,656,1,0,0
990,86,571,1,0,1
991,660,138,0,1,0
992,231,77,0,1,0
993,2,24,0,1,0
994,210,210,0,1,0
995,721,913,0,1,0
996,580,638,1,0,0
997,108,156,1,1,0
998,720,613,1,0,0
999,734,548,0,1,0
