Index,x,y,alive,infected,immune
0,780,291,0,1,0
1,35,625,1,0,1
2,937,217,0,0,1
3,509,864,1,0,1
4,899,709,0,1,0
5,439,136,0,1,0
6,451,44,0,1,0
7,972,536,0,1,0
8,304,765,1,0,1
9,854,587,0,1,0
10,384,135,0,1,0
11,656,139,0,1,0
12,566,954,0,1,0
13,96,287,0,1,0
14,830,295,0,1,0
15,75,807,0,1,0
16,532,326,1,0,1
17,793,629,0,1,0
18,961,203,0,1,0
19,581,844,0,1,0
20,979,620,0,1,0
21,349,348,0,1,0
22,504,769,0,1,0
23,240,68,1,0,1
24,197,401,0,1,0
25,4,153,0,1,0
26,795,992,0,1,0
27,712,496,0,1,0
28,120,138,0,1,0
29,534,915,0,1,0
30,698,746,0,1,0
31,561,8,0,1,0
32,769,880,1,0,1
33,950,387,1,0,1
34,225,897,0,1,0
35,281,5,0,1,0
36,629,8,1,0,1
37,862,723,0,1,0
38,62,599,0,1,0
39,399,755,0,1,0
40,151,39,0,1,0
41,670,524,1,0,1
42,486,178,1,0,1
43,126,403,0,1,0
44,449,295,0,1,0
45,178,119,0,1,0
46,521,886,1,0,1
47,767,579,0,1,0
48,723,338,0,1,0
49,425,160,0,1,0
50,490,905,0,1,0
51,896,774,0,1,0
52,139,385,0,1,0
53,145,381,0,1,0
54,305,881,0,1,0
55,562,320,0,0,1
56,741,156,0,1,0
57,581,264,0,1,0
58,188,398,0,1,0
59,990,407,0,1,0
60,216,534,0,1,0
61,594,0,0,1,0
62,367,973,0,1,0
63,175,482,0,1,0
64,8,962,0,1,0
65,967,380,1,0,1
66,59,792,0,1,0
67,766,862,0,1,0
68,631,772,0,1,0
69,666,929,0,1,0
70,576,805,0,1,0
71,765,31,0,1,0
72,599,817,0,1,0
73,628,737,0,1,0
74,335,0,0,1,0
75,982,166,1,0,1
76,107,353,0,1,0
77,415,231,1,0,1
78,333,725,1,0,1
79,912,90,0,1,0
80,106,506,0,1,0
81,769,837,0,1,0
82,176,146,0,1,0
83,195,894,0,1,0
84,336,531,0,1,0
85,199,404,0,1,0
86,399,728,1,0,1
87,881,592,0,1,0
88,544,164,0,1,0
89,631,933,0,1,0
90,324,170,0,1,0
91,235,525,0,1,0
92,279,423,0,1,0
93,469,889,0,1,0
94,670,446,0,1,0
95,199,932,0,1,0
96,730,921,0,1,0
97,634,521,0,1,0
98,55,46,0,1,0
99,648,153,0,1,0
100,232,295,1,0,0
101,802,421,1,0,0
102,702,855,1,1,0
103,1,33,1,1,0
104,649,452,1,1,0
105,566,568,1,0,0
106,874,236,1,0,0
107,633,212,0,1,0
108,847,389,1,1,0
109,755,645,1,1,0
110,341,845,1,0,0
111,2,776,1,0,0
112,772,433,1,0,0
113,890,324,1,0,0
114,560,336,0,1,0
115,874,556,0,1,0
116,90,975,1,0,0
117,740,846,0,1,0
118,413,4,1,0,0
119,151,751,1,0,0
120,685,508,1,1,0
121,878,506,1,0,0
122,985,504,1,0,0
123,679,87,1,0,0
124,299,322,1,0,0
125,829,630,1,0,1
126,808,9,1,0,0
127,665,795,1,0,0
128,212,720,1,0,0
129,531,5,1,1,0
130,386,777,1,0,0
131,6,180,1,0,0
132,940,252,0,1,0
133,71,259,0,1,0
134,716,583,1,1,0
135,313,494,1,0,0
136,205,208,1,0,0
137,555,606,1,0,0
138,651,727,1,1,0
139,594,161,1,0,1
140,9,421,0,1,0
141,580,725,1,0,0
142,492,378,1,0,0
143,752,104,0,1,0
144,397,696,1,0,0
145,190,78,0,1,0
146,545,523,1,0,0
147,443,628,1,0,0
148,684,358,0,1,0
149,284,181,1,0,0
150,75,167,1,1,0
151,634,365,1,0,0
152,378,399,1,0,0
153,382,341,1,1,0
154,5,901,1,0,0
155,128,176,0,1,0
156,556,522,1,0,0
157,181,283,1,1,0
158,371,710,1,0,0
159,841,616,0,1,0
160,827,745,0,1,0
161,126,556,1,0,0
162,709,763,1,0,0
163,619,163,1,0,0
164,78,536,0,1,0
165,555,857,0,1,0
166,901,276,1,0,0
167,308,206,0,1,0
168,238,7,1,0,0
169,858,936,1,0,0
170,512,725,1,0,0
171,928,537,0,1,0
172,149,224,1,0,0
173,9,926,1,0,0
174,61,847,1,0,0
175,62,102,1,0,0
176,619,374,1,1,0
177,389,406,1,0,0
178,385,616,1,0,0
179,709,3,1,0,0
180,549,105,1,0,0
181,915,610,1,1,0
182,427,954,1,0,0
183,750,252,1,0,0
184,361,309,1,0,0
185,515,68,1,0,0
186,803,367,1,1,0
187,658,511,0,1,0
188,412,946,1,0,0
189,821,99,1,0,0
190,930,554,1,0,0
191,921,944,1,0,0
192,917,227,0,1,0
193,500,248,0,1,0
194,975,537,0,1,0
195,506,241,0,1,0
196,9,676,1,1,0
197,963,950,1,0,0
198,756,891,1,0,0
199,814,587,0,1,0
200,541,599,1,0,0
201,175,788,1,0,0
202,306,850,1,1,0
203,947,4,1,0,0
204,45,739,1,0,0
205,630,915,0,1,0
206,215,344,1,0,0
207,762,322,1,0,0
208,300,591,1,0,0
209,746,127,1,0,0
210,222,985,1,0,0
211,702,787,1,0,0
212,102,607,0,1,0
213,638,778,0,1,0
214,990,506,1,0,0
215,539,757,1,0,0
216,254,68,0,1,0
217,388,274,1,0,0
218,639,429,1,0,0
219,309,10,1,0,0
220,5,785,1,0,0
221,787,147,0,1,0
222,4,550,1,0,0
223,342,180,0,1,0
224,285,458,0,1,0
225,662,647,1,0,0
226,391,545,1,0,0
227,514,620,1,0,0
228,954,723,0,1,0
229,430,339,1,0,0
230,252,145,1,0,0
231,931,166,1,0,0
232,827,131,1,0,0
233,227,761,1,0,0
234,358,650,1,1,0
235,635,484,0,1,0
236,345,828,1,0,0
237,308,6,1,0,0
238,470,389,1,0,0
239,219,897,0,1,0
240,249,70,1,1,0
241,284,888,0,1,0
242,308,226,0,1,0
243,209,308,1,1,0
244,295,899,0,1,0
245,877,582,1,0,1
246,718,113,1,0,0
247,547,829,0,1,0
248,321,4,0,1,0
249,698,866,0,1,0
250,842,603,0,1,0
251,905,631,1,1,0
252,722,705,0,1,0
253,641,41,1,0,0
254,153,268,1,0,0
255,124,451,0,1,0
256,624,401,1,0,0
257,724,588,0,1,0
258,578,534,1,0,0
259,728,806,1,0,0
260,832,513,1,1,0
261,467,557,1,0,0
262,3,515,1,1,0
263,970,597,1,1,0
264,88,619,0,1,0
265,166,352,1,0,0
266,110,923,1,0,0
267,274,33,1,0,0
268,739,149,1,0,0
269,892,2,1,0,0
270,790,693,1,0,0
271,754,206,1,0,0
272,859,931,1,0,1
273,498,692,1,0,0
274,161,415,1,0,1
275,166,915,0,1,0
276,463,68,0,0,1
277,622,615,1,0,0
278,478,493,1,0,0
279,384,2,1,0,0
280,219,256,1,0,0
281,200,739,1,0,0
282,520,717,1,0,0
283,958,888,1,0,0
284,809,741,1,0,0
285,821,6,1,0,0
286,870,971,1,1,0
287,7,39,0,1,0
288,3,695,1,0,0
289,231,733,1,0,0
290,539,359,1,0,0
291,914,94,1,1,0
292,65,870,1,0,0
293,1,244,1,0,0
294,35,858,1,0,0
295,224,635,1,0,0
296,228,690,1,0,0
297,392,146,1,0,0
298,742,719,0,1,0
299,54,271,1,0,0
300,393,745,1,1,0
301,654,580,1,1,0
302,114,159,0,0,1
303,0,498,0,1,0
304,584,237,0,1,0
305,942,4,1,0,0
306,734,117,0,1,0
307,610,242,1,1,0
308,838,10,1,0,0
309,477,297,1,1,0
310,948,318,1,0,0
311,731,481,1,0,0
312,247,789,1,0,0
313,352,7,1,0,0
314,0,244,1,0,0
315,875,653,0,1,0
316,1,790,1,0,0
317,752,717,0,0,1
318,501,669,1,0,0
319,61,990,1,0,0
320,674,834,1,0,0
321,801,637,1,0,1
322,851,704,0,1,0
323,764,639,1,1,0
324,9,503,0,1,0
325,616,810,0,1,0
326,371,91,1,0,0
327,865,424,1,0,0
328,127,481,1,0,0
329,150,441,1,0,0
330,690,786,1,0,0
331,5,150,0,1,0
332,679,926,0,1,0
333,192,905,0,1,0
334,278,423,1,1,0
335,805,701,1,0,0
336,841,339,1,1,0
337,457,61,0,1,0
338,758,8,0,1,0
339,4,707,1,0,0
340,885,623,1,1,0
341,788,708,1,0,0
342,493,635,1,0,0
343,557,6,0,1,0
344,956,952,1,0,0
345,503,581,1,0,0
346,222,288,1,0,0
347,308,463,0,1,0
348,248,431,1,0,0
349,779,188,1,0,0
350,109,810,1,0,0
351,534,300,1,1,0
352,417,872,1,0,0
353,781,734,1,0,0
354,850,899,1,0,0
355,59,777,1,0,0
356,130,695,1,0,0
357,98,435,0,1,0
358,567,640,1,0,0
359,619,943,0,1,0
360,318,414,1,1,0
361,4,816,1,0,0
362,704,968,0,1,0
363,670,348,1,0,0
364,854,896,1,0,0
365,852,810,0,1,0
366,328,160,0,1,0
367,396,690,1,0,0
368,248,413,1,0,0
369,131,475,1,0,1
370,664,896,0,1,0
371,8,886,1,0,0
372,746,515,1,1,0
373,365,935,0,1,0
374,889,838,0,1,0
375,462,188,0,1,0
376,159,776,1,0,0
377,510,821,0,1,0
378,531,612,1,0,0
379,149,786,1,0,0
380,767,335,0,1,0
381,836,706,1,1,0
382,805,391,1,1,0
383,462,10,1,0,0
384,846,151,1,0,0
385,412,972,1,1,0
386,860,728,1,1,0
387,288,132,1,0,0
388,751,1,0,1,0
389,354,196,1,1,0
390,6,21,0,1,0
391,49,908,1,0,0
392,181,133,0,1,0
393,274,868,0,1,0
394,725,517,1,1,0
395,257,3,1,0,0
396,76,469,1,0,0
397,932,818,1,0,0
398,202,179,0,1,0
399,693,86,1,0,0
400,533,434,1,0,0
401,715,550,1,1,0
402,314,489,1,0,0
403,299,47,1,0,0
404,263,648,1,0,0
405,889,196,1,0,0
406,734,457,1,0,0
407,332,518,1,1,0
408,7,755,1,0,0
409,618,100,1,0,0
410,279,718,1,1,0
411,440,54,1,1,0
412,456,360,1,0,0
413,723,838,0,1,0
414,223,784,1,0,0
415,499,219,1,0,0
416,119,604,1,0,0
417,467,901,0,1,0
418,302,865,1,1,0
419,363,294,1,0,0
420,694,458,1,0,0
421,839,775,0,1,0
422,41,632,1,1,0
423,411,68,1,1,0
424,102,322,1,1,0
425,131,388,0,1,0
426,42,790,0,1,0
427,391,583,1,0,0
428,980,7,1,0,0
429,599,972,0,1,0
430,341,88,1,0,0
431,559,711,1,0,0
432,921,279,1,0,0
433,869,452,1,0,0
434,367,798,1,0,0
435,846,426,1,0,0
436,488,10,1,0,0
437,852,647,0,1,0
438,490,596,1,0,0
439,854,207,1,0,0
440,285,43,0,1,0
441,729,531,1,1,0
442,450,508,1,0,0
443,273,341,1,0,0
444,172,233,1,0,0
445,255,408,1,0,0
446,808,705,1,0,0
447,443,901,0,1,0
448,699,124,1,0,0
449,139,251,1,0,0
450,927,333,1,0,0
451,320,935,0,1,0
452,957,100,1,0,0
453,177,718,1,0,0
454,599,691,1,0,0
455,587,338,1,1,0
456,990,900,1,0,0
457,626,330,0,1,0
458,337,745,0,1,0
459,10,840,1,0,0
460,978,7,1,0,0
461,373,453,1,0,0
462,613,558,1,1,0
463,801,445,1,0,0
464,573,811,0,1,0
465,800,549,0,1,0
466,276,138,1,0,0
467,500,431,1,0,0
468,27,1,1,0,1
469,686,390,1,1,0
470,694,981,0,1,0
471,35,535,1,1,0
472,854,5,1,0,0
473,5,564,1,0,0
474,272,100,1,1,0
475,336,9,1,1,0
476,368,399,1,0,0
477,494,487,1,0,0
478,389,900,1,0,1
479,815,238,1,0,0
480,853,450,1,0,0
481,282,251,1,1,0
482,230,885,1,0,1
483,486,869,0,1,0
484,948,733,0,1,0
485,649,557,0,1,0
486,291,432,0,1,0
487,98,631,1,0,0
488,346,806,1,0,0
489,587,330,1,1,0
490,928,848,1,1,0
491,390,266,0,1,0
492,990,15,1,0,0
493,794,73,1,0,0
494,603,259,0,1,0
495,81,634,0,1,0
496,91,98,1,0,0
497,592,494,0,1,0
498,160,772,1,0,0
499,927,222,1,1,0
500,304,218,1,1,0
501,107,909,1,0,0
502,567,8,0,1,0
503,754,3,0,1,0
504,242,320,1,0,0
505,637,515,1,1,0
506,759,776,1,1,0
507,616,363,0,1,0
508,420,58,1,1,0
509,134,624,1,0,0
510,559,983,1,1,0
511,893,532,0,1,0
512,911,188,1,0,0
513,111,712,1,0,0
514,615,152,1,1,0
515,144,145,0,1,0
516,837,440,1,0,0
517,597,120,1,0,0
518,623,265,0,1,0
519,437,118,0,1,0
520,820,661,0,1,0
521,848,162,1,0,0
522,356,624,1,0,0
523,498,668,1,0,0
524,877,909,0,1,0
525,558,411,1,0,0
526,0,37,0,1,0
527,434,373,1,0,0
528,754,7,0,1,0
529,285,528,1,0,1
530,904,613,1,0,1
531,429,738,1,0,0
532,158,897,1,1,0
533,132,184,0,1,0
534,852,427,1,0,0
535,214,900,0,1,0
536,838,640,0,1,0
537,395,614,1,0,0
538,378,84,1,0,0
539,537,340,1,0,0
540,511,684,1,0,0
541,548,675,1,0,0
542,701,438,1,0,0
543,955,58,1,0,0
544,338,276,1,0,0
545,49,954,1,0,0
546,115,361,0,1,0
547,426,468,1,0,0
548,40,743,1,0,0
549,630,533,0,1,0
550,769,421,0,1,0
551,216,969,1,0,0
552,852,323,1,1,0
553,367,776,1,0,0
554,469,706,1,0,0
555,126,879,1,0,0
556,324,642,1,0,0
557,323,933,1,1,0
558,832,608,1,0,1
559,789,498,1,1,0
560,718,641,1,0,0
561,671,708,1,0,0
562,879,589,0,1,0
563,394,867,1,1,0
564,1,142,1,1,0
565,223,739,1,0,0
566,281,108,1,1,0
567,276,333,1,0,0
568,727,116,1,1,0
569,149,940,1,0,0
570,815,603,1,0,1
571,312,653,1,0,0
572,531,290,0,1,0
573,256,629,1,0,0
574,877,461,1,0,0
575,508,151,0,1,0
576,93,870,1,0,0
577,329,824,1,0,0
578,234,164,1,0,0
579,727,134,1,1,0
580,174,776,1,0,0
581,8,370,1,0,0
582,369,302,1,0,0
583,518,921,0,1,0
584,298,141,1,1,0
585,163,557,1,0,0
586,804,277,1,0,0
587,801,2,1,0,0
588,183,527,1,0,0
589,581,755,1,0,0
590,584,329,1,1,0
591,818,440,1,0,0
592,828,828,0,1,0
593,252,714,1,0,0
594,768,617,0,1,0
595,557,939,1,1,0
596,300,864,0,1,0
597,766,482,1,0,0
598,165,240,1,0,0
599,158,471,1,1,0
600,882,253,1,0,0
601,771,810,0,1,0
602,771,542,0,1,0
603,4,429,0,1,0
604,600,128,0,1,0
605,345,429,1,1,0
606,810,947,1,0,0
607,168,344,0,1,0
608,585,632,1,0,0
609,240,328,1,0,0
610,780,880,1,0,0
611,351,246,1,0,0
612,242,910,0,1,0
613,68,530,0,1,0
614,642,836,1,0,0
615,507,0,0,1,0
616,923,754,1,0,0
617,696,564,0,1,0
618,487,245,0,1,0
619,684,212,0,1,0
620,964,113,0,1,0
621,484,391,1,0,0
622,539,7,0,1,0
623,185,308,1,0,0
624,763,373,1,1,0
625,332,540,1,0,0
626,8,20,0,1,0
627,156,325,1,0,0
628,833,4,1,0,0
629,657,741,0,1,0
630,777,458,1,0,0
631,929,949,1,0,0
632,937,810,1,0,0
633,204,288,1,0,0
634,852,303,1,0,0
635,492,930,0,1,0
636,800,875,0,1,0
637,138,409,0,1,0
638,352,487,1,0,0
639,671,392,1,1,0
640,133,764,1,0,0
641,976,585,0,1,0
642,1,967,0,1,0
643,879,618,0,1,0
644,430,226,0,1,0
645,68,218,0,1,0
646,559,285,1,0,0
647,6,644,0,1,0
648,75,325,0,1,0
649,671,453,0,1,0
650,954,990,1,0,0
651,836,293,1,1,0
652,222,461,1,0,0
653,219,5,1,0,0
654,6,824,1,0,0
655,508,0,0,1,0
656,457,457,1,0,0
657,609,201,0,1,0
658,296,739,0,1,0
659,215,36,1,0,0
660,286,45,1,1,0
661,360,677,1,0,0
662,341,39,1,0,0
663,741,481,1,1,0
664,143,697,1,0,0
665,209,546,1,0,0
666,140,391,0,1,0
667,624,138,1,0,0
668,892,615,0,1,0
669,921,4,1,0,0
670,163,297,1,1,0
671,778,720,1,0,0
672,874,698,0,1,0
673,809,323,1,0,1
674,700,244,0,1,0
675,609,585,1,0,0
676,811,767,1,0,0
677,935,926,1,0,0
678,419,394,1,0,0
679,41,136,1,1,0
680,567,457,1,0,0
681,489,7,1,0,0
682,214,655,1,0,0
683,53,566,0,1,0
684,176,103,0,1,0
685,367,133,1,0,1
686,927,136,0,1,0
687,814,497,1,1,0
688,605,780,1,0,0
689,803,677,1,0,0
690,604,628,1,0,0
691,283,703,1,0,0
692,759,791,1,1,0
693,547,868,0,1,0
694,715,272,1,0,0
695,648,411,0,1,0
696,807,388,1,0,1
697,568,346,1,1,0
698,272,472,1,1,0
699,176,719,1,0,0
700,713,313,1,0,0
701,31,929,1,0,0
702,540,403,1,0,0
703,397,7,1,0,0
704,338,891,0,1,0
705,3,645,1,1,0
706,556,867,1,1,0
707,494,737,1,0,0
708,851,306,0,1,0
709,536,10,1,1,0
710,666,219,0,1,0
711,441,571,1,0,0
712,2,579,1,0,0
713,865,854,0,1,0
714,870,442,1,0,0
715,582,5,0,1,0
716,74,764,1,0,0
717,764,715,1,0,0
718,395,428,1,0,0
719,618,888,1,1,0
720,374,411,1,0,0
721,827,131,1,0,0
722,917,162,1,0,0
723,884,885,1,1,0
724,60,812,0,1,0
725,548,190,1,0,0
726,409,432,1,0,0
727,9,951,1,0,0
728,428,724,1,0,0
729,0,523,0,1,0
730,180,211,1,0,0
731,107,684,1,0,0
732,546,851,1,0,1
733,360,191,1,1,0
734,4,268,1,0,0
735,248,548,1,1,0
736,542,469,1,0,0
737,199,4,1,0,0
738,22,859,1,0,0
739,104,718,1,0,0
740,74,148,0,1,0
741,937,0,1,0,0
742,706,848,1,1,0
743,358,602,1,0,0
744,878,594,0,1,0
745,421,824,1,0,1
746,133,309,1,0,0
747,4,520,1,1,0
748,473,590,1,0,0
749,898,174,1,0,0
750,990,874,1,0,0
751,875,34,1,0,0
752,314,449,1,1,0
753,6,945,1,0,0
754,591,231,0,1,0
755,499,492,1,0,0
756,844,524,1,0,0
757,861,795,0,1,0
758,470,813,1,0,0
759,0,160,1,0,1
760,626,197,0,1,0
761,536,954,0,1,0
762,627,539,0,1,0
763,878,461,1,0,0
764,334,9,0,1,0
765,445,757,1,0,0
766,733,464,1,0,0
767,166,701,1,0,0
768,975,42,1,0,0
769,363,41,1,0,0
770,350,143,1,1,0
771,329,520,1,1,0
772,885,709,1,1,0
773,863,608,0,1,0
774,876,542,0,1,0
775,620,746,0,1,0
776,886,368,1,0,0
777,197,88,0,1,0
778,948,637,1,0,0
779,118,0,1,0,0
780,210,787,1,0,0
781,655,535,0,1,0
782,347,83,1,0,0
783,200,276,1,0,0
784,315,939,1,1,0
785,783,129,1,1,0
786,861,60,1,0,0
787,593,801,0,1,0
788,10,911,1,0,0
789,60,953,1,0,0
790,534,103,0,1,0
791,225,579,0,1,0
792,8,983,1,0,0
793,42,698,0,1,0
794,250,580,1,1,0
795,948,686,1,0,1
796,457,636,1,0,0
797,935,299,1,0,0
798,889,603,0,1,0
799,833,432,1,0,0
800,483,483,1,0,0
801,256,237,1,0,0
802,373,264,1,0,0
803,291,177,1,1,0
804,501,8,0,1,0
805,744,231,1,0,0
806,943,384,0,1,0
807,404,120,1,1,0
808,779,585,1,0,0
809,913,255,1,0,0
810,829,603,0,1,0
811,718,394,1,0,0
812,877,594,0,1,0
813,218,626,1,0,0
814,823,10,1,0,0
815,536,406,1,0,0
816,519,193,1,0,0
817,397,811,1,0,0
818,735,533,1,1,0
819,846,879,0,1,0
820,135,676,1,0,0
821,534,41,0,1,0
822,345,662,0,1,0
823,913,861,1,0,0
824,99,692,1,0,0
825,581,751,1,0,0
826,397,44,1,0,0
827,616,895,0,1,0
828,563,934,0,1,0
829,748,516,0,1,0
830,538,652,1,0,0
831,592,604,1,0,0
832,224,417,0,1,0
833,187,40,1,0,0
834,10,194,1,0,0
835,759,427,1,0,0
836,421,307,1,1,0
837,958,784,1,0,0
838,106,399,1,1,0
839,887,933,1,0,0
840,217,567,0,1,0
841,365,688,1,0,0
842,287,941,1,0,0
843,486,602,1,0,0
844,171,368,1,0,1
845,650,141,0,1,0
846,428,296,0,1,0
847,240,742,1,0,0
848,851,784,0,1,0
849,900,858,1,0,0
850,603,11,1,0,0
851,367,603,1,0,0
852,222,827,1,1,0
853,119,641,1,0,0
854,476,211,0,1,0
855,274,411,1,1,0
856,391,897,0,1,0
857,303,792,1,0,0
858,424,415,1,0,0
859,952,139,0,1,0
860,423,917,0,1,0
861,791,916,1,1,0
862,5,280,1,0,0
863,786,90,1,0,0
864,214,300,1,0,0
865,223,556,1,0,1
866,106,223,1,0,0
867,40,221,0,1,0
868,742,683,1,0,0
869,608,407,1,0,0
870,676,850,1,0,0
871,315,746,0,1,0
872,142,253,1,0,0
873,889,407,1,0,0
874,691,389,0,1,0
875,954,936,1,0,0
876,880,701,1,1,0
877,208,330,1,0,0
878,899,570,1,0,0
879,572,736,1,0,0
880,338,947,0,1,0
881,483,446,1,0,0
882,5,31,1,0,1
883,830,358,0,1,0
884,5,672,0,1,0
885,545,830,0,1,0
886,508,169,1,0,0
887,339,700,0,1,0
888,561,217,1,0,0
889,146,32,1,1,0
890,638,702,0,1,0
891,447,310,0,1,0
892,902,714,1,1,0
893,27,838,1,0,0
894,483,959,1,0,0
895,93,8,1,0,0
896,884,248,1,0,0
897,730,190,1,0,0
898,317,249,1,0,0
899,107,914,1,0,0
900,469,386,1,0,0
901,587,8,0,1,0
902,346,716,1,1,0
903,677,670,1,0,0
904,888,688,1,1,0
905,670,509,0,1,0
906,5,112,1,0,0
907,256,761,1,0,0
908,118,611,1,1,0
909,115,974,1,0,0
910,990,389,1,0,1
911,205,207,0,1,0
912,591,714,1,1,0
913,633,714,0,1,0
914,513,213,0,1,0
915,609,402,1,0,0
916,853,966,1,1,0
917,345,884,1,1,0
918,9,403,1,0,0
919,526,407,1,0,0
920,591,607,1,0,0
921,374,922,1,1,0
922,578,851,0,1,0
923,684,431,1,1,0
924,624,119,1,0,0
925,440,850,0,1,0
926,929,625,0,1,0
927,217,10,1,0,0
928,672,492,0,1,0
929,876,515,1,0,0
930,411,34,1,0,0
931,935,620,1,1,0
932,191,116,0,1,0
933,560,565,1,0,0
934,955,880,1,0,0
935,164,126,1,1,0
936,762,21,1,1,0
937,699,296,1,0,0
938,489,482,1,0,0
939,418,499,1,0,0
940,428,852,0,1,0
941,143,330,1,1,0
942,673,174,1,1,0
943,649,156,1,1,0
944,853,68,1,0,0
945,185,419,1,0,0
946,538,867,0,1,0
947,620,844,1,0,0
948,3,908,1,0,0
949,931,538,1,1,0
950,340,627,1,0,0
951,209,615,1,0,0
952,440,980,1,0,0
953,505,663,1,0,0
954,617,525,0,1,0
955,199,20,1,0,0
956,299,244,1,1,0
957,427,202,1,0,0
958,486,324,1,0,0
959,752,667,1,1,0
960,672,936,0,1,0
961,278,702,1,0,0
962,731,990,1,1,0
963,283,402,1,1,0
964,61,5,1,0,0
965,355,138,1,0,0
966,523,207,1,0,0
967,23,794,1,1,0
968,219,295,1,0,0
969,157,54,1,0,0
970,9,673,0,1,0
971,451,578,1,0,0
972,482,205,0,1,0
973,739,800,0,1,0
974,6,719,1,0,0
975,408,409,1,0,0
976,804,653,1,1,0
977,358,662,1,1,0
978,529,164,0,1,0
979,240,790,0,1,0
980,781,353,0,1,0
981,624,887,1,0,0
982,466,226,0,1,0
983,458,423,1,0,0
984,212,418,1,1,0
985,422,284,0,1,0
986,657,963,0,1,0
987,726,23,1,0,0
988,502,316,0,1,0
989,137,649,1,0,0
990,79,562,1,0,1
991,645,157,0,1,0
992,227,85,0,1,0
993,1,24,0,1,0
994,221,206,1,0,0
995,752,907,0,1,0
996,585,647,1,0,0
997,151,136,1,1,0
998,726,610,1,0,0
999,727,573,0,1,0
