Index,x,y,alive,infected,immune
0,796,301,0,1,0
1,28,679,1,0,1
2,962,195,0,0,1
3,536,859,1,0,1
4,917,770,0,1,0
5,431,88,0,1,0
6,482,87,0,1,0
7,6,559,0,1,0
8,310,791,1,0,1
9,856,584,0,1,0
10,440,147,0,1,0
11,639,131,0,1,0
12,510,973,0,1,0
13,64,296,0,1,0
14,884,282,0,1,0
15,70,750,0,1,0
16,504,310,1,0,1
17,761,702,0,1,0
18,969,157,0,1,0
19,616,825,0,1,0
20,937,578,0,1,0
21,308,366,0,1,0
22,401,822,0,1,0
23,238,98,1,0,1
24,210,410,0,1,0
25,0,153,0,1,0
26,795,9,0,1,0
27,696,425,0,1,0
28,85,129,0,1,0
29,490,910,0,1,0
30,725,702,0,1,0
31,561,2,0,1,0
32,749,906,1,0,1
33,950,294,1,0,1
34,271,848,0,1,0
35,281,4,0,1,0
36,629,3,1,0,1
37,935,662,0,1,0
38,5,585,0,1,0
39,412,747,0,1,0
40,171,50,0,1,0
41,645,543,1,0,1
42,495,159,1,0,1
43,127,417,0,1,0
44,470,282,0,1,0
45,193,106,0,1,0
46,563,907,1,0,1
47,785,566,0,1,0
48,742,342,0,1,0
49,475,164,0,1,0
50,507,890,0,1,0
51,860,718,0,1,0
52,108,379,0,1,0
53,130,354,0,1,0
54,296,799,0,1,0
55,553,292,0,0,1
56,680,180,0,1,0
57,537,266,0,1,0
58,152,385,0,1,0
59,990,407,0,1,0
60,210,601,0,1,0
61,594,9,0,1,0
62,389,964,0,1,0
63,133,416,0,1,0
64,5,962,0,1,0
65,0,349,1,0,1
66,29,831,0,1,0
67,792,831,0,1,0
68,641,758,0,1,0
69,720,913,0,1,0
70,581,825,0,1,0
71,747,10,0,1,0
72,552,768,0,1,0
73,593,753,0,1,0
74,335,7,0,1,0
75,990,163,1,0,1
76,100,346,0,1,0
77,443,245,1,0,1
78,348,755,1,0,1
79,928,80,0,1,0
80,147,508,0,1,0
81,796,869,0,1,0
82,121,142,0,1,0
83,263,934,0,1,0
84,354,533,0,1,0
85,215,338,0,1,0
86,369,659,1,0,1
87,858,598,0,1,0
88,554,140,0,1,0
89,632,936,0,1,0
90,263,191,0,1,0
91,200,488,0,1,0
92,274,498,0,1,0
93,513,905,0,1,0
94,645,417,0,1,0
95,217,905,0,1,0
96,771,930,0,1,0
97,535,534,0,1,0
98,143,35,0,1,0
99,679,164,0,1,0
100,234,266,0,1,0
101,751,376,1,0,1
102,694,903,1,0,1
103,3,33,0,0,1
104,680,452,1,0,1
105,573,585,1,0,0
106,864,255,0,1,0
107,621,191,0,1,0
108,889,400,0,1,0
109,814,604,0,0,1
110,358,885,1,0,1
111,6,776,0,1,0
112,771,448,0,1,0
113,841,371,0,1,0
114,567,300,0,1,0
115,892,523,0,1,0
116,65,962,1,0,0
117,707,835,0,1,0
118,413,8,1,0,0
119,190,749,1,0,0
120,687,490,1,0,1
121,864,535,0,1,0
122,4,481,1,0,0
123,673,82,1,0,0
124,296,402,0,1,0
125,842,606,1,0,1
126,808,7,0,1,0
127,673,747,0,1,0
128,215,733,1,0,1
129,531,2,0,1,0
130,461,876,0,1,0
131,3,180,1,0,0
132,935,239,0,1,0
133,0,274,0,1,0
134,656,612,0,1,0
135,281,447,0,1,0
136,192,199,0,1,0
137,579,542,1,0,0
138,593,711,1,0,1
139,622,145,1,0,1
140,6,421,0,1,0
141,652,663,1,0,1
142,563,393,0,1,0
143,795,154,0,1,0
144,392,626,0,1,0
145,170,71,0,1,0
146,517,590,1,0,0
147,473,669,1,0,0
148,760,329,0,1,0
149,288,188,0,1,0
150,118,201,1,0,1
151,647,404,0,1,0
152,378,441,1,0,1
153,305,352,0,1,0
154,2,901,1,0,0
155,50,111,0,1,0
156,586,563,1,0,0
157,236,280,0,1,0
158,397,714,1,0,0
159,866,606,0,1,0
160,797,732,0,1,0
161,142,566,0,1,0
162,815,818,0,1,0
163,660,206,0,1,0
164,54,548,0,1,0
165,554,862,0,1,0
166,852,326,0,1,0
167,249,225,0,1,0
168,238,2,0,1,0
169,883,1,1,0,0
170,543,685,1,1,0
171,959,498,0,1,0
172,106,276,1,0,0
173,5,926,1,0,0
174,140,912,0,1,0
175,50,63,1,0,0
176,616,392,0,1,0
177,393,428,0,1,0
178,398,635,0,1,0
179,709,8,0,1,0
180,525,79,0,1,0
181,973,581,0,1,0
182,450,890,0,1,0
183,742,247,1,0,0
184,313,284,1,0,0
185,524,48,1,0,0
186,849,335,1,0,1
187,702,466,0,1,0
188,394,990,0,1,0
189,853,64,1,0,0
190,956,518,0,1,0
191,950,9,0,1,0
192,914,247,0,1,0
193,460,220,0,1,0
194,7,537,0,1,0
195,489,322,0,1,0
196,2,676,1,0,1
197,966,990,1,0,0
198,767,936,0,1,0
199,807,560,0,1,0
200,493,596,1,0,0
201,196,816,1,0,0
202,232,872,0,1,0
203,947,1,0,1,0
204,49,748,1,0,0
205,664,940,0,1,0
206,184,297,1,0,1
207,769,315,0,1,0
208,255,623,0,1,0
209,797,62,1,0,1
210,233,990,1,0,0
211,734,779,0,1,0
212,57,561,0,1,0
213,603,803,0,1,0
214,990,506,1,0,0
215,529,721,1,0,0
216,320,72,0,1,0
217,398,279,0,1,0
218,623,413,0,1,0
219,309,10,1,0,1
220,4,785,0,0,1
221,737,176,0,1,0
222,4,550,0,1,0
223,408,144,0,1,0
224,303,453,0,1,0
225,652,672,0,1,0
226,339,564,1,1,0
227,481,651,1,0,0
228,947,708,0,1,0
229,450,319,1,1,0
230,278,148,0,1,0
231,956,161,1,1,0
232,816,144,1,0,0
233,219,771,0,1,0
234,454,634,0,1,0
235,676,483,0,1,0
236,341,870,0,1,0
237,308,8,0,1,0
238,535,420,1,0,0
239,248,907,0,1,0
240,249,94,0,0,1
241,281,918,0,1,0
242,310,263,0,1,0
243,195,364,1,0,1
244,249,864,0,1,0
245,822,606,1,0,1
246,757,176,1,0,1
247,559,858,0,1,0
248,321,4,0,1,0
249,687,777,0,1,0
250,877,593,0,1,0
251,910,649,1,0,1
252,723,644,0,1,0
253,670,58,1,0,0
254,177,257,1,0,0
255,95,475,0,1,0
256,632,411,1,1,0
257,716,595,0,1,0
258,589,599,1,0,0
259,781,830,1,0,1
260,818,478,0,1,0
261,542,495,0,1,0
262,3,515,0,1,0
263,894,631,0,1,0
264,100,616,0,1,0
265,176,375,0,1,0
266,75,926,1,0,0
267,240,46,0,0,1
268,748,127,0,1,0
269,892,1,1,0,0
270,869,679,1,0,1
271,758,273,1,0,0
272,865,967,1,0,1
273,507,675,1,0,0
274,106,399,1,0,1
275,127,967,0,1,0
276,509,120,0,0,1
277,673,628,1,0,1
278,516,489,1,0,0
279,384,9,1,0,0
280,248,249,0,1,0
281,203,692,0,1,0
282,447,628,1,1,0
283,990,904,1,0,0
284,825,756,0,1,0
285,821,3,0,1,0
286,888,982,1,0,1
287,9,39,0,1,0
288,7,695,0,1,0
289,116,727,0,1,0
290,563,381,0,1,0
291,833,120,1,0,1
292,64,880,1,0,0
293,2,244,0,1,0
294,45,844,1,1,0
295,235,652,0,1,0
296,240,710,0,1,0
297,350,130,0,1,0
298,679,735,0,1,0
299,103,282,1,0,1
300,455,715,1,0,1
301,705,564,1,0,1
302,155,144,0,0,1
303,9,498,0,1,0
304,552,269,0,1,0
305,942,2,1,1,0
306,715,134,0,1,0
307,605,274,1,0,1
308,838,10,1,0,0
309,443,264,1,0,1
310,848,336,0,1,0
311,740,485,0,1,0
312,239,760,0,1,0
313,352,7,1,0,0
314,7,244,0,1,0
315,855,736,0,1,0
316,6,790,0,1,0
317,777,756,0,0,1
318,579,766,0,1,0
319,61,990,1,0,0
320,738,857,0,1,0
321,782,588,1,0,1
322,771,756,0,1,0
323,846,672,1,0,1
324,3,503,0,1,0
325,570,874,0,1,0
326,349,53,0,1,0
327,806,476,0,1,0
328,123,492,0,1,0
329,98,446,0,1,0
330,620,802,0,1,0
331,5,150,0,1,0
332,706,936,0,1,0
333,195,929,0,1,0
334,206,409,0,1,0
335,803,657,0,1,0
336,844,297,0,1,0
337,399,104,0,1,0
338,758,8,0,1,0
339,0,707,1,0,0
340,900,642,0,1,0
341,808,682,0,1,0
342,511,664,1,0,0
343,557,7,0,1,0
344,964,945,1,0,0
345,450,591,1,0,0
346,187,263,1,0,1
347,298,469,0,1,0
348,323,450,0,1,0
349,787,130,0,1,0
350,67,826,1,0,1
351,481,286,1,0,1
352,333,879,0,1,0
353,840,809,0,1,0
354,897,943,0,1,0
355,3,791,1,0,1
356,116,703,0,1,0
357,124,413,0,1,0
358,561,601,1,0,0
359,640,907,0,1,0
360,359,342,0,1,0
361,7,816,0,1,0
362,713,4,0,1,0
363,644,314,1,0,1
364,884,889,0,1,0
365,824,849,0,1,0
366,347,184,0,1,0
367,433,638,0,1,0
368,215,386,0,1,0
369,167,459,1,0,1
370,684,893,0,1,0
371,2,886,1,0,0
372,765,630,1,0,1
373,344,973,0,1,0
374,858,930,0,1,0
375,508,166,0,1,0
376,218,768,0,1,0
377,495,854,0,1,0
378,514,631,1,0,0
379,94,801,1,0,0
380,811,404,0,1,0
381,817,649,1,0,1
382,699,418,0,1,0
383,462,10,1,0,0
384,840,164,1,0,0
385,438,9,1,0,1
386,880,768,0,1,0
387,312,96,1,0,0
388,751,6,0,1,0
389,375,123,1,0,1
390,3,21,0,1,0
391,85,890,1,0,0
392,188,68,0,1,0
393,288,831,0,1,0
394,752,538,0,1,0
395,257,3,1,0,0
396,72,498,0,1,0
397,2,827,0,1,0
398,222,168,0,1,0
399,666,120,1,0,0
400,534,428,1,0,0
401,740,537,0,0,1
402,353,485,0,1,0
403,322,68,0,1,0
404,152,566,0,1,0
405,906,171,1,0,0
406,745,484,0,1,0
407,304,500,0,1,0
408,2,755,1,0,0
409,599,98,0,1,0
410,300,623,1,0,1
411,447,10,1,0,1
412,535,304,0,1,0
413,765,791,0,1,0
414,224,840,0,1,0
415,484,240,1,0,1
416,154,549,0,1,0
417,531,899,0,1,0
418,300,846,0,1,0
419,403,242,0,1,0
420,716,546,0,1,0
421,871,761,0,1,0
422,79,712,1,0,1
423,321,82,1,0,1
424,149,354,0,1,0
425,151,414,0,1,0
426,72,785,0,1,0
427,343,556,1,0,1
428,980,6,1,0,0
429,577,957,0,1,0
430,356,137,0,1,0
431,573,702,0,1,0
432,878,292,0,1,0
433,873,468,1,0,1
434,410,807,1,0,0
435,826,400,0,1,0
436,488,10,1,0,0
437,797,593,0,1,0
438,525,630,1,0,0
439,854,175,1,0,0
440,289,56,0,1,0
441,734,569,1,0,1
442,432,461,1,0,0
443,219,266,0,1,0
444,102,219,0,0,1
445,270,456,0,1,0
446,808,690,0,1,0
447,395,940,0,1,0
448,664,77,1,0,0
449,89,255,1,0,0
450,916,325,0,1,0
451,301,6,0,1,0
452,943,124,1,0,1
453,205,664,1,1,0
454,626,641,0,1,0
455,611,231,0,1,0
456,990,900,1,0,0
457,656,373,0,1,0
458,332,810,0,1,0
459,10,840,1,0,0
460,978,9,1,0,0
461,423,396,1,0,1
462,626,566,1,0,1
463,828,543,1,0,1
464,561,800,0,1,0
465,826,492,0,1,0
466,238,156,1,1,0
467,460,436,1,0,0
468,27,7,1,0,1
469,714,376,0,1,0
470,689,2,0,1,0
471,2,530,0,1,0
472,854,7,1,0,0
473,6,564,1,0,1
474,279,93,0,0,1
475,336,9,1,0,1
476,339,376,0,1,0
477,488,467,1,0,0
478,379,846,1,0,1
479,767,220,1,0,0
480,832,424,0,1,0
481,255,240,1,0,1
482,251,794,1,0,1
483,546,942,0,1,0
484,919,748,0,1,0
485,608,601,0,1,0
486,341,465,0,1,0
487,129,566,0,0,1
488,358,776,1,0,0
489,597,394,1,0,1
490,875,827,1,0,1
491,394,306,0,1,0
492,990,15,1,0,0
493,788,107,0,1,0
494,544,253,0,1,0
495,108,575,0,1,0
496,142,157,0,1,0
497,608,427,0,1,0
498,153,770,1,1,0
499,895,241,1,0,1
500,308,224,1,0,1
501,106,947,1,0,0
502,567,5,0,1,0
503,754,7,0,1,0
504,232,345,0,1,0
505,629,466,1,0,1
506,713,702,1,0,1
507,607,377,0,1,0
508,344,100,0,1,0
509,116,648,0,1,0
510,553,3,1,0,1
511,902,521,0,1,0
512,916,181,1,0,0
513,81,663,1,0,1
514,653,189,0,1,0
515,132,107,0,1,0
516,819,386,0,1,0
517,595,183,0,1,0
518,637,248,0,1,0
519,392,108,0,1,0
520,726,669,0,1,0
521,898,82,0,1,0
522,299,580,1,0,1
523,491,724,1,0,0
524,808,859,0,1,0
525,615,404,1,0,1
526,1,37,0,1,0
527,413,396,1,1,0
528,754,6,0,1,0
529,309,541,1,0,1
530,895,523,1,0,1
531,490,721,1,0,0
532,117,897,0,1,0
533,54,202,0,1,0
534,843,404,0,1,0
535,231,885,0,1,0
536,866,671,0,1,0
537,359,562,0,1,0
538,432,161,0,1,0
539,575,373,1,0,1
540,508,691,0,1,0
541,505,700,0,1,0
542,688,479,0,1,0
543,7,46,0,1,0
544,313,293,1,0,0
545,52,8,1,0,0
546,134,432,0,1,0
547,430,436,0,1,0
548,73,728,1,1,0
549,597,549,0,1,0
550,786,386,0,1,0
551,267,914,0,1,0
552,919,319,1,0,1
553,378,870,1,1,0
554,526,756,1,0,0
555,176,863,0,1,0
556,348,594,0,1,0
557,299,9,0,1,0
558,856,582,1,0,1
559,710,544,0,1,0
560,775,661,0,1,0
561,678,748,0,1,0
562,886,609,0,1,0
563,435,990,0,1,0
564,9,142,1,0,1
565,192,729,1,0,0
566,171,108,0,1,0
567,265,384,0,1,0
568,747,103,0,1,0
569,185,985,0,1,0
570,807,641,1,0,1
571,273,644,1,1,0
572,546,310,0,1,0
573,229,525,1,0,1
574,871,510,0,1,0
575,495,199,0,1,0
576,41,913,1,0,0
577,324,826,1,0,1
578,167,170,0,1,0
579,742,122,0,1,0
580,219,773,1,1,0
581,0,370,1,0,0
582,379,305,0,1,0
583,506,941,0,1,0
584,312,230,1,0,1
585,127,525,0,1,0
586,796,345,0,1,0
587,801,3,0,1,0
588,246,569,0,1,0
589,544,799,0,1,0
590,433,307,0,1,0
591,819,345,1,0,1
592,816,849,0,1,0
593,275,681,0,1,0
594,794,589,0,1,0
595,583,885,1,0,1
596,297,825,0,1,0
597,740,586,0,1,0
598,142,328,0,1,0
599,97,379,0,1,0
600,941,257,0,1,0
601,719,786,0,1,0
602,749,452,0,1,0
603,3,429,0,1,0
604,525,78,0,1,0
605,362,421,0,1,0
606,811,0,1,0,1
607,149,338,0,1,0
608,556,673,1,0,0
609,325,394,0,1,0
610,785,943,0,1,0
611,431,276,0,1,0
612,342,853,0,1,0
613,62,547,0,1,0
614,597,744,1,0,1
615,507,6,0,1,0
616,949,792,1,0,0
617,721,619,0,1,0
618,454,214,0,1,0
619,664,183,0,1,0
620,1,76,0,1,0
621,517,334,0,1,0
622,539,7,0,1,0
623,142,344,0,1,0
624,707,361,1,0,1
625,253,474,0,1,0
626,0,20,0,1,0
627,189,362,0,1,0
628,833,2,1,0,0
629,656,648,0,1,0
630,763,517,0,1,0
631,896,950,1,1,0
632,990,792,1,0,0
633,192,290,0,1,0
634,881,298,0,1,0
635,511,870,0,1,0
636,788,833,0,1,0
637,171,482,0,1,0
638,386,539,1,0,0
639,627,352,1,0,1
640,183,722,0,1,0
641,3,586,0,1,0
642,2,967,0,1,0
643,924,592,0,1,0
644,477,250,0,1,0
645,76,185,0,1,0
646,615,210,0,1,0
647,2,644,0,1,0
648,82,307,0,1,0
649,699,417,0,1,0
650,954,990,0,1,0
651,808,325,0,1,0
652,254,416,0,1,0
653,219,4,1,0,0
654,5,824,0,1,0
655,508,7,0,1,0
656,391,411,0,1,0
657,628,224,0,1,0
658,282,721,0,1,0
659,261,57,1,0,1
660,277,110,1,0,1
661,333,594,1,0,1
662,330,99,1,1,0
663,721,414,0,1,0
664,108,617,0,1,0
665,248,527,0,1,0
666,118,408,0,1,0
667,582,121,0,1,0
668,913,658,0,1,0
669,921,0,1,0,0
670,237,379,0,1,0
671,818,681,0,1,0
672,899,643,0,1,0
673,793,297,1,0,1
674,704,299,0,1,0
675,635,566,1,0,0
676,833,872,0,1,0
677,880,910,0,1,0
678,488,375,1,0,0
679,7,147,0,1,0
680,551,502,1,0,0
681,489,0,1,0,0
682,175,750,1,0,0
683,0,604,0,1,0
684,201,70,0,1,0
685,408,175,1,0,1
686,886,83,0,1,0
687,795,556,1,0,1
688,546,804,0,1,0
689,823,729,1,0,1
690,619,557,0,1,0
691,273,760,0,1,0
692,842,741,0,1,0
693,473,872,0,1,0
694,698,271,1,0,0
695,659,408,0,1,0
696,790,399,1,0,1
697,544,336,0,1,0
698,197,454,1,0,1
699,147,669,0,1,0
700,744,302,1,0,1
701,87,928,1,0,0
702,522,421,0,1,0
703,397,1,1,0,0
704,274,840,0,1,0
705,0,645,0,1,0
706,564,977,1,0,1
707,499,667,0,1,0
708,852,283,0,1,0
709,536,10,0,1,0
710,677,165,0,1,0
711,419,584,1,0,0
712,1,579,0,1,0
713,894,830,0,1,0
714,883,415,0,1,0
715,582,7,0,1,0
716,82,853,0,1,0
717,769,715,1,0,1
718,415,390,1,0,1
719,637,897,0,1,0
720,409,413,0,1,0
721,803,102,1,0,0
722,969,151,1,1,0
723,914,892,0,1,0
724,132,827,0,1,0
725,543,205,0,1,0
726,302,466,0,1,0
727,4,951,1,0,0
728,483,854,0,0,1
729,6,523,0,1,0
730,180,200,0,1,0
731,162,710,0,1,0
732,518,800,1,0,1
733,446,136,1,0,1
734,0,268,0,1,0
735,169,577,0,1,0
736,551,460,1,0,0
737,199,1,1,0,0
738,30,824,0,1,0
739,124,698,0,1,0
740,101,133,0,1,0
741,937,3,1,1,0
742,704,803,0,1,0
743,342,633,0,1,0
744,827,615,0,1,0
745,459,841,1,0,1
746,177,305,1,0,1
747,8,520,1,0,1
748,503,653,1,1,0
749,905,122,1,0,0
750,990,874,1,0,0
751,936,93,0,1,0
752,308,490,1,0,1
753,8,945,1,0,0
754,519,249,0,1,0
755,508,513,1,0,0
756,866,517,0,1,0
757,888,826,0,1,0
758,499,784,0,1,0
759,8,160,1,0,1
760,594,244,0,1,0
761,567,941,0,1,0
762,642,543,0,1,0
763,802,493,0,1,0
764,334,4,0,1,0
765,382,749,1,0,1
766,705,461,0,1,0
767,256,759,1,1,0
768,946,1,0,1,0
769,351,10,1,0,0
770,389,177,1,0,1
771,347,501,0,1,0
772,877,677,0,1,0
773,920,594,0,1,0
774,842,559,0,1,0
775,574,701,0,1,0
776,859,383,1,0,1
777,144,57,0,1,0
778,923,650,0,1,0
779,118,9,1,0,0
780,232,812,0,1,0
781,643,563,0,1,0
782,385,145,0,1,0
783,189,231,1,0,1
784,228,2,1,0,1
785,744,102,1,0,1
786,889,142,1,0,1
787,601,856,0,1,0
788,10,911,1,0,0
789,87,950,1,0,0
790,543,110,0,1,0
791,171,648,0,1,0
792,2,983,1,0,0
793,4,688,0,1,0
794,220,580,0,1,0
795,916,709,1,0,1
796,436,695,1,0,0
797,960,228,0,1,0
798,903,539,0,1,0
799,867,471,0,1,0
800,459,485,1,0,0
801,270,164,0,1,0
802,373,290,0,1,0
803,250,166,0,1,0
804,501,0,0,1,0
805,794,234,1,0,0
806,866,397,0,1,0
807,422,115,1,0,1
808,824,636,0,1,0
809,3,242,0,1,0
810,840,675,0,1,0
811,690,408,0,1,0
812,880,629,0,1,0
813,151,623,1,0,1
814,823,10,0,1,0
815,495,361,0,1,0
816,551,164,0,1,0
817,380,860,0,1,0
818,685,542,1,0,1
819,793,912,0,1,0
820,152,682,0,1,0
821,529,104,0,1,0
822,252,656,0,1,0
823,990,839,0,1,0
824,42,717,1,0,0
825,535,774,0,1,0
826,399,0,1,0,0
827,636,872,0,1,0
828,598,942,0,1,0
829,741,507,0,1,0
830,611,675,0,1,0
831,581,579,1,0,0
832,239,446,0,1,0
833,161,6,0,1,0
834,10,194,1,0,0
835,777,510,0,1,0
836,455,331,1,0,1
837,895,800,0,1,0
838,47,422,1,0,1
839,962,986,1,0,0
840,242,549,0,1,0
841,396,720,1,0,0
842,265,965,0,1,0
843,530,582,1,0,0
844,152,374,1,0,1
845,697,156,0,1,0
846,460,252,0,1,0
847,198,643,0,1,0
848,895,826,0,1,0
849,990,856,0,1,0
850,593,9,0,1,0
851,433,598,0,1,0
852,319,798,1,0,1
853,179,674,0,1,0
854,465,178,0,1,0
855,196,414,0,1,0
856,416,886,0,1,0
857,312,754,1,0,0
858,398,415,0,0,1
859,909,151,0,1,0
860,409,884,0,1,0
861,778,938,0,1,0
862,3,280,0,1,0
863,773,41,1,0,0
864,206,324,0,1,0
865,257,552,1,0,1
866,109,240,0,1,0
867,86,188,0,1,0
868,675,704,0,1,0
869,693,415,0,1,0
870,682,838,1,0,1
871,373,735,0,1,0
872,48,198,0,1,0
873,919,530,0,1,0
874,659,360,0,1,0
875,909,934,0,1,0
876,949,726,0,1,0
877,235,278,0,1,0
878,930,556,0,1,0
879,609,744,1,0,1
880,374,965,0,1,0
881,475,522,1,0,0
882,5,31,1,0,1
883,850,318,0,1,0
884,6,672,0,1,0
885,578,861,0,1,0
886,491,140,0,1,0
887,359,730,0,1,0
888,580,217,0,1,0
889,172,13,1,0,1
890,586,684,0,1,0
891,482,285,0,1,0
892,946,688,1,0,1
893,12,854,1,0,0
894,516,990,0,1,0
895,93,0,1,0,0
896,877,268,0,1,0
897,761,216,1,0,0
898,310,199,0,1,0
899,79,968,1,0,0
900,446,357,1,1,0
901,587,3,0,1,0
902,271,761,1,0,1
903,636,664,0,1,0
904,958,709,0,1,0
905,649,493,0,1,0
906,2,112,1,0,0
907,270,773,1,0,1
908,203,583,0,1,0
909,68,955,1,0,0
910,990,389,1,0,1
911,199,290,0,1,0
912,607,656,0,1,0
913,599,710,0,1,0
914,567,230,0,1,0
915,627,371,0,1,0
916,769,962,0,1,0
917,399,874,1,0,1
918,1,403,1,0,0
919,566,407,0,1,0
920,563,686,0,1,0
921,286,829,1,0,1
922,631,771,0,1,0
923,666,488,1,0,1
924,560,142,0,1,0
925,438,844,0,1,0
926,984,661,0,1,0
927,217,10,1,0,0
928,686,524,0,1,0
929,836,497,1,0,1
930,418,10,1,0,0
931,906,627,0,1,0
932,169,69,0,1,0
933,492,551,1,0,0
934,931,958,0,1,0
935,148,95,1,0,1
936,778,4,0,1,0
937,665,281,1,1,0
938,430,463,1,0,0
939,384,513,1,0,0
940,379,926,0,1,0
941,110,290,0,1,0
942,688,180,1,0,1
943,715,164,0,1,0
944,929,21,1,0,0
945,166,381,1,0,1
946,500,897,0,1,0
947,619,835,0,1,0
948,3,908,1,0,0
949,953,505,0,1,0
950,393,580,1,0,1
951,238,606,0,1,0
952,428,5,0,1,0
953,511,685,1,1,0
954,616,525,0,1,0
955,180,3,0,1,0
956,352,185,0,1,0
957,393,236,1,1,0
958,402,290,0,1,0
959,786,663,0,1,0
960,595,973,0,1,0
961,215,634,0,1,0
962,731,990,1,0,1
963,270,349,0,1,0
964,61,5,1,0,0
965,351,138,0,1,0
966,511,258,1,0,1
967,2,793,0,1,0
968,266,302,0,0,1
969,76,20,0,1,0
970,5,673,0,1,0
971,484,605,1,0,0
972,527,144,0,1,0
973,766,779,0,1,0
974,3,719,1,0,0
975,355,420,0,1,0
976,820,666,1,0,1
977,308,626,0,1,0
978,480,158,0,1,0
979,261,771,0,1,0
980,722,410,0,1,0
981,628,876,0,1,0
982,462,229,0,1,0
983,433,496,1,0,0
984,208,438,0,1,0
985,444,316,0,1,0
986,575,966,0,1,0
987,721,7,1,0,1
988,542,294,0,1,0
989,101,653,0,1,0
990,74,572,1,0,1
991,689,124,0,1,0
992,230,66,0,1,0
993,6,24,0,1,0
994,183,161,0,1,0
995,716,889,0,1,0
996,642,614,0,1,0
997,73,88,1,0,1
998,706,609,0,1,0
999,685,555,0,1,0
