Index,x,y,alive,infected,immune
0,769,318,0,1,0
1,5,697,1,0,1
2,970,164,0,0,1
3,551,901,1,0,1
4,990,815,0,1,0
5,353,135,0,1,0
6,502,86,0,1,0
7,8,559,0,1,0
8,366,802,1,0,1
9,827,596,0,1,0
10,436,111,0,1,0
11,609,135,0,1,0
12,515,9,0,1,0
13,67,354,0,1,0
14,873,241,0,1,0
15,71,817,0,1,0
16,470,366,1,0,1
17,776,696,0,1,0
18,960,116,0,1,0
19,668,775,0,1,0
20,951,582,0,1,0
21,292,322,0,1,0
22,418,817,0,1,0
23,264,151,1,0,1
24,193,441,0,1,0
25,8,153,0,1,0
26,795,3,0,1,0
27,669,394,0,1,0
28,93,123,0,1,0
29,500,917,0,1,0
30,712,625,0,1,0
31,561,7,0,1,0
32,715,840,1,0,1
33,3,275,1,0,1
34,252,865,0,1,0
35,281,3,0,1,0
36,629,5,1,0,1
37,935,653,0,1,0
38,7,585,0,1,0
39,349,786,0,1,0
40,217,4,0,1,0
41,627,543,1,0,1
42,529,219,1,0,1
43,124,419,0,1,0
44,501,271,0,1,0
45,209,122,0,1,0
46,532,943,1,0,1
47,782,512,0,1,0
48,730,281,0,1,0
49,519,177,0,1,0
50,501,919,0,1,0
51,854,699,0,1,0
52,134,358,0,1,0
53,182,346,0,1,0
54,228,731,0,1,0
55,541,296,0,0,1
56,695,181,0,1,0
57,505,325,0,1,0
58,192,321,0,1,0
59,990,407,0,1,0
60,139,677,0,1,0
61,594,1,0,1,0
62,458,930,0,1,0
63,135,406,0,1,0
64,3,962,0,1,0
65,0,349,1,0,1
66,26,837,0,1,0
67,787,799,0,1,0
68,620,792,0,1,0
69,698,898,0,1,0
70,603,859,0,1,0
71,747,10,0,1,0
72,530,743,0,1,0
73,555,758,0,1,0
74,335,6,0,1,0
75,990,163,1,0,1
76,73,338,0,1,0
77,439,271,1,0,1
78,332,755,1,0,1
79,946,48,0,1,0
80,97,562,0,1,0
81,750,827,0,1,0
82,104,106,0,1,0
83,260,925,0,1,0
84,326,555,0,1,0
85,202,278,0,1,0
86,369,656,1,0,1
87,887,577,0,1,0
88,628,67,0,1,0
89,613,6,0,1,0
90,261,144,0,1,0
91,183,485,0,1,0
92,270,542,0,1,0
93,492,961,0,1,0
94,624,315,0,1,0
95,239,891,0,1,0
96,747,848,0,1,0
97,505,538,0,1,0
98,141,59,0,1,0
99,699,166,0,1,0
100,240,228,0,1,0
101,756,446,1,0,1
102,642,942,1,0,1
103,4,33,0,0,1
104,610,435,1,0,1
105,588,568,1,0,1
106,886,251,0,1,0
107,620,237,0,1,0
108,872,360,0,1,0
109,791,557,0,0,1
110,363,853,1,0,1
111,6,776,0,1,0
112,787,404,0,1,0
113,864,290,0,1,0
114,590,262,0,1,0
115,885,535,0,1,0
116,48,893,1,0,0
117,711,849,0,1,0
118,413,5,1,0,0
119,210,678,0,1,0
120,749,484,1,0,1
121,875,492,0,1,0
122,1,481,1,0,0
123,638,43,1,0,0
124,257,425,0,1,0
125,852,564,1,0,1
126,808,9,0,1,0
127,665,742,0,1,0
128,229,759,1,0,1
129,531,4,0,1,0
130,453,893,0,1,0
131,4,180,1,1,0
132,895,246,0,1,0
133,4,274,0,1,0
134,640,582,0,1,0
135,321,432,0,1,0
136,209,166,0,1,0
137,564,573,0,1,0
138,629,728,1,0,1
139,649,149,1,0,1
140,2,421,0,1,0
141,602,652,1,0,1
142,518,399,0,1,0
143,801,174,0,1,0
144,403,600,0,1,0
145,154,83,0,1,0
146,478,598,1,0,0
147,467,688,0,1,0
148,703,350,0,1,0
149,263,189,0,1,0
150,146,254,1,0,1
151,697,310,0,1,0
152,423,436,1,0,1
153,368,361,0,1,0
154,2,901,1,1,0
155,70,107,0,1,0
156,567,568,0,1,0
157,227,270,0,1,0
158,446,746,0,1,0
159,866,620,0,1,0
160,768,761,0,1,0
161,103,565,0,1,0
162,776,776,0,1,0
163,656,186,0,1,0
164,81,538,0,1,0
165,538,901,0,1,0
166,819,281,0,1,0
167,290,138,0,1,0
168,238,3,0,1,0
169,883,7,1,0,0
170,576,659,1,0,1
171,7,488,0,1,0
172,137,390,0,1,0
173,0,926,1,0,0
174,202,869,0,1,0
175,52,55,1,0,0
176,569,426,0,1,0
177,395,410,0,1,0
178,404,642,0,1,0
179,709,0,0,1,0
180,487,139,0,1,0
181,990,639,0,1,0
182,499,877,0,1,0
183,702,256,1,0,0
184,351,339,1,0,1
185,508,17,1,1,0
186,863,267,1,0,1
187,784,473,0,1,0
188,394,990,0,1,0
189,831,69,1,0,0
190,876,531,0,1,0
191,950,9,0,1,0
192,907,239,0,1,0
193,476,268,0,1,0
194,9,537,0,1,0
195,588,265,0,1,0
196,0,676,1,0,1
197,966,990,0,1,0
198,715,946,0,1,0
199,782,574,0,1,0
200,502,625,1,1,0
201,212,885,0,1,0
202,251,825,0,1,0
203,947,5,0,1,0
204,4,719,0,1,0
205,740,837,0,1,0
206,207,277,1,0,1
207,745,418,0,1,0
208,258,620,0,1,0
209,763,31,1,0,1
210,233,990,1,0,0
211,748,780,0,1,0
212,9,608,0,1,0
213,616,886,0,1,0
214,990,506,0,1,0
215,507,615,0,1,0
216,384,76,0,1,0
217,488,307,0,1,0
218,701,382,0,1,0
219,309,10,1,0,1
220,1,785,0,0,1
221,744,194,0,1,0
222,2,550,0,1,0
223,434,81,0,1,0
224,287,471,0,1,0
225,662,693,0,1,0
226,294,530,1,0,1
227,550,673,1,1,0
228,971,731,0,1,0
229,450,339,1,0,1
230,315,164,0,1,0
231,3,120,1,0,1
232,801,139,0,1,0
233,222,750,0,1,0
234,469,654,0,1,0
235,674,489,0,1,0
236,440,837,0,1,0
237,308,9,0,1,0
238,489,369,1,0,1
239,255,954,0,1,0
240,184,150,0,0,1
241,258,928,0,1,0
242,277,241,0,1,0
243,187,310,1,0,1
244,202,800,0,1,0
245,821,608,1,0,1
246,758,184,1,0,1
247,591,809,0,1,0
248,321,7,0,1,0
249,676,834,0,1,0
250,878,629,0,1,0
251,899,703,1,0,1
252,672,595,0,1,0
253,678,102,1,0,0
254,99,230,1,1,0
255,80,414,0,1,0
256,630,438,0,0,1
257,777,577,0,1,0
258,595,553,0,1,0
259,827,807,1,0,1
260,767,442,0,1,0
261,560,489,0,1,0
262,5,515,0,1,0
263,885,672,0,1,0
264,56,631,0,1,0
265,216,396,0,1,0
266,20,880,1,1,0
267,288,27,0,0,1
268,767,112,0,1,0
269,892,8,1,0,0
270,775,736,1,0,1
271,769,339,1,1,0
272,828,987,1,0,1
273,473,710,0,1,0
274,97,348,1,0,1
275,112,5,0,1,0
276,518,179,0,0,1
277,713,662,1,0,1
278,506,555,0,1,0
279,384,1,1,0,0
280,231,203,0,1,0
281,203,718,0,1,0
282,479,677,1,0,1
283,990,904,1,0,0
284,832,792,0,1,0
285,821,6,0,1,0
286,839,927,1,0,1
287,4,39,0,1,0
288,3,695,0,1,0
289,172,669,0,1,0
290,527,435,0,1,0
291,831,115,1,0,1
292,63,863,1,0,0
293,9,244,0,1,0
294,2,907,1,0,1
295,225,618,0,1,0
296,248,688,0,1,0
297,344,88,0,1,0
298,670,779,0,1,0
299,63,287,1,0,1
300,486,712,1,0,1
301,666,542,1,0,1
302,210,128,0,0,1
303,2,498,0,1,0
304,557,234,0,1,0
305,942,7,0,1,0
306,764,44,0,1,0
307,578,223,1,0,1
308,838,10,1,0,0
309,419,218,1,0,1
310,858,304,0,1,0
311,797,549,0,1,0
312,214,791,0,1,0
313,352,0,0,1,0
314,8,244,0,1,0
315,881,749,0,1,0
316,1,790,0,1,0
317,811,751,0,0,1
318,542,772,0,1,0
319,61,990,1,0,0
320,747,858,0,1,0
321,741,597,1,0,1
322,792,836,0,1,0
323,827,637,1,0,1
324,1,503,0,1,0
325,593,875,0,1,0
326,283,71,0,1,0
327,813,492,0,1,0
328,157,457,0,1,0
329,83,394,0,1,0
330,611,792,0,1,0
331,9,150,0,1,0
332,689,974,0,1,0
333,188,857,0,1,0
334,174,378,0,1,0
335,742,715,0,1,0
336,862,278,0,1,0
337,448,133,0,1,0
338,758,8,0,1,0
339,4,707,0,1,0
340,865,734,0,1,0
341,849,627,0,1,0
342,545,695,0,1,0
343,557,4,0,1,0
344,961,946,1,0,0
345,497,549,0,1,0
346,150,211,1,0,1
347,289,489,0,1,0
348,275,486,0,1,0
349,737,111,0,1,0
350,111,830,1,0,1
351,510,222,1,0,1
352,314,982,0,1,0
353,858,772,0,1,0
354,836,907,0,1,0
355,6,791,1,0,1
356,115,674,0,1,0
357,124,416,0,1,0
358,563,581,0,1,0
359,639,929,0,1,0
360,415,299,0,1,0
361,8,816,0,1,0
362,713,1,0,1,0
363,602,365,1,0,1
364,880,829,0,1,0
365,820,874,0,1,0
366,311,166,0,1,0
367,427,580,0,1,0
368,240,397,0,1,0
369,151,486,1,0,1
370,628,865,0,1,0
371,6,886,1,1,0
372,758,609,1,0,1
373,367,5,0,1,0
374,881,940,0,1,0
375,506,158,0,1,0
376,165,835,0,1,0
377,525,902,0,1,0
378,541,654,1,0,1
379,95,891,0,1,0
380,782,434,0,1,0
381,859,641,1,0,1
382,700,504,0,1,0
383,462,10,1,0,0
384,855,182,1,1,0
385,438,8,1,0,1
386,909,761,0,1,0
387,298,174,0,1,0
388,751,5,0,1,0
389,414,136,1,0,1
390,8,21,0,1,0
391,10,898,1,1,0
392,187,23,0,1,0
393,210,805,0,1,0
394,758,536,0,1,0
395,257,6,1,0,0
396,85,523,0,1,0
397,0,827,0,1,0
398,245,238,0,1,0
399,746,75,0,1,0
400,535,442,1,1,0
401,721,456,0,0,1
402,337,555,0,1,0
403,374,69,0,1,0
404,132,591,0,1,0
405,911,122,0,0,1
406,684,443,0,1,0
407,293,455,0,1,0
408,9,755,1,0,0
409,601,75,0,1,0
410,280,659,1,0,1
411,447,10,1,0,1
412,538,289,0,1,0
413,785,812,0,1,0
414,226,864,0,1,0
415,486,170,1,0,1
416,180,487,0,1,0
417,618,927,0,1,0
418,287,911,0,1,0
419,388,284,0,1,0
420,736,490,0,1,0
421,876,771,0,1,0
422,5,686,1,0,1
423,262,54,1,0,1
424,207,384,0,1,0
425,135,389,0,1,0
426,64,797,0,1,0
427,298,541,1,0,1
428,980,6,1,0,0
429,585,990,0,1,0
430,379,159,0,1,0
431,624,671,0,1,0
432,883,239,0,1,0
433,796,445,1,0,1
434,446,819,0,1,0
435,861,430,0,1,0
436,488,10,1,0,0
437,789,659,0,1,0
438,541,662,0,1,0
439,867,173,0,1,0
440,281,1,0,1,0
441,704,581,1,0,1
442,440,440,1,0,0
443,255,280,0,1,0
444,148,206,0,0,1
445,298,470,0,1,0
446,773,615,0,1,0
447,399,919,0,1,0
448,648,71,1,0,0
449,70,279,1,0,0
450,878,306,0,1,0
451,301,5,0,1,0
452,970,171,1,0,1
453,278,695,1,0,1
454,624,638,0,1,0
455,589,168,0,1,0
456,990,900,1,0,0
457,622,375,0,1,0
458,333,790,0,1,0
459,10,840,1,1,0
460,978,9,1,0,0
461,476,379,1,0,1
462,632,598,1,0,1
463,828,584,1,0,1
464,610,858,0,1,0
465,892,519,0,1,0
466,213,246,1,0,1
467,473,434,1,0,0
468,27,5,1,0,1
469,732,391,0,1,0
470,689,2,0,1,0
471,6,530,0,1,0
472,854,1,1,0,0
473,4,564,1,0,1
474,306,94,0,0,1
475,336,0,1,0,1
476,298,403,0,1,0
477,544,532,0,1,0
478,428,815,1,0,1
479,769,256,1,0,0
480,847,423,0,1,0
481,269,257,1,0,1
482,240,826,1,0,1
483,515,2,0,1,0
484,883,753,0,1,0
485,589,592,0,1,0
486,320,508,0,1,0
487,133,531,0,0,1
488,367,809,0,1,0
489,635,411,1,0,1
490,892,777,1,0,1
491,422,294,0,1,0
492,990,15,1,0,0
493,731,125,0,1,0
494,600,181,0,1,0
495,80,582,0,1,0
496,141,149,0,1,0
497,668,528,0,1,0
498,174,804,1,0,1
499,935,216,1,0,1
500,305,240,1,0,1
501,107,985,1,0,0
502,567,4,0,1,0
503,754,4,0,1,0
504,238,333,0,1,0
505,600,462,1,0,1
506,702,682,1,0,1
507,616,404,0,1,0
508,306,142,0,1,0
509,151,643,0,1,0
510,553,5,1,0,1
511,990,529,0,1,0
512,888,193,1,1,0
513,7,676,1,0,1
514,706,175,0,1,0
515,143,112,0,1,0
516,887,409,0,1,0
517,600,193,0,1,0
518,707,251,0,1,0
519,372,80,0,1,0
520,713,646,0,1,0
521,964,84,0,1,0
522,239,511,1,0,1
523,438,714,0,1,0
524,789,853,0,1,0
525,599,401,1,0,1
526,3,37,0,1,0
527,449,413,1,0,1
528,754,2,0,1,0
529,319,528,1,0,1
530,913,463,1,0,1
531,449,716,0,1,0
532,128,901,0,1,0
533,72,214,0,1,0
534,853,395,0,1,0
535,265,803,0,1,0
536,839,701,0,1,0
537,395,593,0,1,0
538,443,126,0,1,0
539,600,413,1,0,1
540,470,644,0,1,0
541,478,687,0,1,0
542,686,512,0,1,0
543,7,46,0,1,0
544,330,278,1,0,0
545,52,6,0,1,0
546,107,363,0,1,0
547,438,405,0,1,0
548,41,814,0,0,1
549,589,595,0,1,0
550,819,341,0,1,0
551,224,920,0,1,0
552,967,287,1,0,1
553,352,798,1,0,1
554,502,772,0,1,0
555,173,868,0,1,0
556,305,592,0,1,0
557,299,0,0,1,0
558,812,556,1,0,1
559,701,521,0,1,0
560,811,668,0,1,0
561,662,763,0,1,0
562,841,597,0,1,0
563,435,990,0,1,0
564,2,142,1,0,1
565,178,718,0,1,0
566,205,80,0,1,0
567,280,316,0,1,0
568,739,175,0,1,0
569,210,6,0,1,0
570,737,656,1,0,1
571,271,637,0,1,0
572,655,355,0,1,0
573,167,506,1,0,1
574,876,540,0,1,0
575,532,207,0,1,0
576,28,874,1,0,0
577,372,856,1,0,1
578,152,178,0,1,0
579,764,103,0,1,0
580,199,735,0,1,0
581,6,370,1,0,0
582,311,328,0,1,0
583,484,965,0,1,0
584,298,206,1,0,1
585,191,505,0,1,0
586,796,310,0,1,0
587,801,2,0,1,0
588,262,561,0,1,0
589,550,785,0,1,0
590,382,385,0,1,0
591,796,407,1,0,1
592,803,822,0,1,0
593,225,682,0,1,0
594,815,608,0,1,0
595,595,902,1,0,1
596,346,779,0,1,0
597,768,602,0,1,0
598,171,300,0,1,0
599,97,351,0,1,0
600,931,257,0,1,0
601,731,793,0,1,0
602,703,424,0,1,0
603,7,429,0,1,0
604,500,78,0,1,0
605,403,394,0,1,0
606,811,6,1,0,1
607,171,277,0,1,0
608,463,655,0,1,0
609,391,465,0,1,0
610,744,908,0,1,0
611,388,248,0,1,0
612,321,867,0,1,0
613,25,524,0,1,0
614,606,799,1,0,1
615,507,2,0,1,0
616,916,798,1,0,0
617,710,605,0,1,0
618,424,290,0,1,0
619,725,216,0,1,0
620,8,76,0,1,0
621,537,312,0,1,0
622,539,5,0,1,0
623,138,395,0,1,0
624,672,394,1,0,1
625,264,465,0,1,0
626,3,20,0,1,0
627,116,318,0,1,0
628,833,9,1,0,0
629,629,637,0,1,0
630,760,489,0,1,0
631,916,856,0,1,0
632,990,792,1,0,0
633,122,243,0,1,0
634,889,287,0,1,0
635,528,855,0,1,0
636,721,795,0,1,0
637,199,484,0,1,0
638,373,550,1,0,1
639,679,342,1,0,1
640,169,748,0,1,0
641,4,586,0,1,0
642,9,967,0,1,0
643,910,637,0,1,0
644,501,287,0,1,0
645,64,162,0,1,0
646,653,199,0,1,0
647,3,644,0,1,0
648,67,273,0,1,0
649,760,359,0,1,0
650,954,990,0,1,0
651,783,321,0,1,0
652,292,453,0,1,0
653,219,8,0,1,0
654,3,824,0,1,0
655,508,6,0,1,0
656,394,412,0,1,0
657,685,222,0,1,0
658,365,745,0,1,0
659,238,39,1,0,1
660,265,80,1,0,1
661,330,640,1,0,1
662,353,138,1,0,1
663,702,417,0,1,0
664,125,584,0,1,0
665,251,576,0,1,0
666,157,436,0,1,0
667,555,88,0,1,0
668,931,618,0,1,0
669,921,5,1,1,0
670,193,347,0,1,0
671,793,703,0,1,0
672,908,691,0,1,0
673,753,263,1,0,1
674,746,319,0,1,0
675,665,538,0,1,0
676,829,911,0,1,0
677,862,888,0,1,0
678,540,372,1,0,1
679,0,147,0,1,0
680,538,439,0,1,0
681,489,6,1,0,0
682,127,724,0,1,0
683,0,604,0,1,0
684,202,72,0,1,0
685,338,216,1,0,1
686,834,128,0,1,0
687,805,501,1,0,1
688,576,794,0,1,0
689,818,732,1,0,1
690,627,570,0,1,0
691,225,715,0,1,0
692,820,789,0,1,0
693,381,852,0,1,0
694,658,297,1,0,0
695,722,457,0,1,0
696,807,439,1,0,1
697,555,344,0,1,0
698,180,479,1,0,1
699,123,718,0,1,0
700,742,268,1,0,1
701,102,933,1,0,0
702,559,398,0,1,0
703,397,5,1,0,0
704,259,895,0,1,0
705,2,645,0,1,0
706,550,0,1,0,1
707,507,698,0,1,0
708,876,311,0,1,0
709,536,10,0,1,0
710,657,176,0,1,0
711,346,563,0,1,0
712,8,579,0,1,0
713,882,785,0,1,0
714,871,422,0,1,0
715,582,2,0,1,0
716,88,867,0,1,0
717,804,739,1,0,1
718,432,404,1,0,1
719,648,908,0,1,0
720,424,382,0,1,0
721,855,93,0,1,0
722,987,143,0,1,0
723,909,885,0,1,0
724,121,842,0,1,0
725,594,197,0,1,0
726,299,516,0,1,0
727,1,951,1,0,0
728,506,909,0,0,1
729,8,523,0,1,0
730,187,249,0,1,0
731,89,719,0,1,0
732,509,769,1,0,1
733,441,97,1,0,1
734,6,268,0,1,0
735,169,542,0,1,0
736,596,454,0,1,0
737,199,8,1,0,0
738,71,863,0,1,0
739,148,682,0,1,0
740,101,97,0,1,0
741,937,4,0,1,0
742,699,791,0,1,0
743,330,621,0,1,0
744,821,609,0,1,0
745,407,845,1,0,1
746,139,262,1,0,1
747,7,520,1,0,1
748,525,675,0,1,0
749,945,85,0,1,0
750,990,874,1,0,0
751,909,126,0,1,0
752,318,532,1,0,1
753,3,945,1,0,0
754,482,214,0,1,0
755,527,572,0,1,0
756,842,496,0,1,0
757,821,830,0,1,0
758,542,778,0,1,0
759,7,160,1,0,1
760,537,185,0,1,0
761,579,2,0,1,0
762,591,552,0,1,0
763,779,496,0,1,0
764,334,3,0,1,0
765,342,721,1,0,1
766,747,459,0,1,0
767,207,748,1,0,1
768,946,8,0,1,0
769,351,10,1,1,0
770,428,176,1,0,1
771,294,451,0,1,0
772,858,669,0,1,0
773,891,673,0,1,0
774,851,555,0,1,0
775,571,677,0,1,0
776,770,378,1,0,1
777,83,99,0,1,0
778,880,665,0,1,0
779,118,7,0,1,0
780,281,830,0,1,0
781,686,596,0,1,0
782,353,168,0,1,0
783,139,282,1,0,1
784,228,5,1,0,1
785,732,153,1,0,1
786,825,163,1,0,1
787,680,844,0,1,0
788,10,911,1,1,0
789,68,897,1,0,0
790,505,92,0,1,0
791,183,658,0,1,0
792,7,983,1,0,0
793,8,688,0,1,0
794,231,573,0,1,0
795,926,773,1,0,1
796,396,745,0,1,0
797,963,160,0,1,0
798,925,472,0,1,0
799,935,454,0,1,0
800,477,497,1,0,0
801,254,150,0,1,0
802,391,256,0,1,0
803,247,95,0,1,0
804,501,3,0,1,0
805,815,273,1,0,0
806,897,381,0,1,0
807,453,108,1,0,1
808,831,551,0,1,0
809,2,242,0,1,0
810,851,596,0,1,0
811,698,469,0,1,0
812,884,659,0,1,0
813,93,597,1,0,1
814,823,10,0,1,0
815,580,337,0,1,0
816,549,133,0,1,0
817,368,905,0,1,0
818,775,498,1,0,1
819,827,905,0,1,0
820,184,710,0,1,0
821,492,59,0,1,0
822,283,661,0,1,0
823,990,839,0,1,0
824,2,640,0,1,0
825,549,773,0,1,0
826,399,1,1,0,0
827,636,894,0,1,0
828,583,902,0,1,0
829,741,483,0,1,0
830,625,644,0,1,0
831,580,572,0,1,0
832,169,451,0,1,0
833,161,9,0,1,0
834,10,194,0,1,0
835,799,599,0,1,0
836,399,263,1,0,1
837,888,793,0,1,0
838,7,381,1,0,1
839,963,5,0,1,0
840,240,518,0,1,0
841,420,669,0,1,0
842,286,4,0,1,0
843,624,625,1,0,1
844,128,347,1,0,1
845,667,163,0,1,0
846,412,263,0,1,0
847,234,622,0,1,0
848,835,842,0,1,0
849,990,856,0,1,0
850,593,9,0,1,0
851,414,564,0,1,0
852,312,797,1,0,1
853,175,651,0,1,0
854,412,210,0,1,0
855,260,399,0,1,0
856,436,870,0,1,0
857,224,752,0,1,0
858,409,409,0,0,1
859,894,165,0,1,0
860,409,828,0,1,0
861,754,946,0,1,0
862,0,280,0,1,0
863,793,2,0,1,0
864,238,417,0,1,0
865,201,578,1,0,1
866,97,242,0,1,0
867,0,186,0,1,0
868,695,728,0,1,0
869,680,452,0,1,0
870,734,809,1,0,1
871,315,674,0,1,0
872,3,208,0,1,0
873,824,529,0,1,0
874,626,430,0,1,0
875,912,2,0,1,0
876,932,634,0,1,0
877,243,310,0,1,0
878,920,517,0,1,0
879,661,718,1,0,1
880,345,966,0,1,0
881,463,541,1,0,0
882,0,31,1,0,1
883,885,259,0,1,0
884,2,672,0,1,0
885,491,840,0,1,0
886,505,115,0,1,0
887,328,690,0,1,0
888,653,246,0,1,0
889,174,10,1,0,1
890,613,686,0,1,0
891,470,300,0,1,0
892,0,666,1,0,1
893,9,851,1,0,0
894,516,990,0,1,0
895,93,4,1,0,0
896,884,243,0,1,0
897,785,104,0,1,0
898,314,194,0,1,0
899,93,2,1,0,0
900,436,427,1,0,1
901,587,2,0,1,0
902,287,776,1,0,1
903,597,692,0,1,0
904,7,710,0,1,0
905,638,524,0,1,0
906,7,112,1,0,0
907,269,791,1,0,1
908,243,595,0,1,0
909,72,990,1,0,0
910,990,389,1,0,1
911,233,263,0,1,0
912,543,682,0,1,0
913,593,727,0,1,0
914,575,234,0,1,0
915,607,291,0,1,0
916,759,8,0,1,0
917,386,887,1,0,1
918,1,403,1,0,0
919,601,451,0,1,0
920,585,706,0,1,0
921,323,824,1,0,1
922,630,736,0,1,0
923,699,496,1,0,1
924,528,155,0,1,0
925,404,870,0,1,0
926,6,660,0,1,0
927,217,10,0,1,0
928,713,572,0,1,0
929,816,540,1,0,1
930,418,10,1,0,0
931,927,608,0,1,0
932,193,28,0,1,0
933,564,516,1,0,1
934,3,890,0,1,0
935,210,107,1,0,1
936,778,3,0,1,0
937,645,255,0,1,0
938,389,480,1,0,0
939,375,537,0,1,0
940,352,6,0,1,0
941,149,289,0,1,0
942,775,178,1,0,1
943,737,217,0,1,0
944,925,60,0,1,0
945,255,395,1,0,1
946,538,864,0,1,0
947,644,829,0,1,0
948,3,908,0,1,0
949,2,458,0,1,0
950,410,572,1,0,1
951,207,660,0,1,0
952,428,9,0,1,0
953,496,669,1,0,1
954,621,532,0,1,0
955,180,1,0,1,0
956,383,180,0,1,0
957,364,252,1,0,1
958,409,212,0,1,0
959,815,661,0,1,0
960,607,925,0,1,0
961,156,627,0,1,0
962,731,990,1,0,1
963,290,344,0,1,0
964,61,9,1,0,1
965,330,111,0,1,0
966,521,304,1,0,1
967,7,793,0,1,0
968,257,311,0,0,1
969,63,10,0,1,0
970,6,673,0,1,0
971,512,622,1,1,0
972,590,123,0,1,0
973,796,774,0,1,0
974,6,719,0,1,0
975,336,382,0,1,0
976,876,741,1,0,1
977,300,586,0,1,0
978,421,147,0,1,0
979,252,807,0,1,0
980,690,347,0,1,0
981,628,886,0,1,0
982,468,257,0,1,0
983,461,483,1,0,0
984,193,438,0,1,0
985,412,362,0,1,0
986,590,3,0,1,0
987,721,8,1,0,1
988,531,243,0,1,0
989,118,686,0,1,0
990,136,569,1,0,1
991,730,124,0,1,0
992,313,42,0,1,0
993,9,24,0,1,0
994,134,134,0,1,0
995,706,914,0,1,0
996,736,626,0,1,0
997,9,81,1,0,1
998,704,602,0,1,0
999,667,570,0,1,0
