Index,x,y,alive,infected,immune
0,786,310,0,1,0
1,15,677,1,0,1
2,940,206,0,0,1
3,543,880,1,0,1
4,920,763,0,1,0
5,395,107,0,1,0
6,498,99,0,1,0
7,9,559,0,1,0
8,314,791,1,0,1
9,850,578,0,1,0
10,465,158,0,1,0
11,620,134,0,1,0
12,515,7,0,1,0
13,67,325,0,1,0
14,900,267,0,1,0
15,85,723,0,1,0
16,514,312,1,0,1
17,756,730,0,1,0
18,963,155,0,1,0
19,643,820,0,1,0
20,925,560,0,1,0
21,327,335,0,1,0
22,407,816,0,1,0
23,246,113,1,0,1
24,193,385,0,1,0
25,7,153,0,1,0
26,795,3,0,1,0
27,694,401,0,1,0
28,109,155,0,1,0
29,500,882,0,1,0
30,698,689,0,1,0
31,561,3,0,1,0
32,765,876,1,0,1
33,948,296,1,0,1
34,271,858,0,1,0
35,281,1,0,1,0
36,629,0,1,0,1
37,941,650,0,1,0
38,4,585,0,1,0
39,394,770,0,1,0
40,176,42,0,1,0
41,640,549,1,0,1
42,485,168,1,0,1
43,112,433,0,1,0
44,471,292,0,1,0
45,211,116,0,1,0
46,567,907,1,0,1
47,781,571,0,1,0
48,746,342,0,1,0
49,490,152,0,1,0
50,525,905,0,1,0
51,838,729,0,1,0
52,127,394,0,1,0
53,131,359,0,1,0
54,303,796,0,1,0
55,552,292,0,0,1
56,693,178,0,1,0
57,553,255,0,1,0
58,159,381,0,1,0
59,990,407,0,1,0
60,196,629,0,1,0
61,594,2,0,1,0
62,396,959,0,1,0
63,118,429,0,1,0
64,3,962,0,1,0
65,6,349,1,0,1
66,22,826,0,1,0
67,795,821,0,1,0
68,653,782,0,1,0
69,715,918,0,1,0
70,606,795,0,1,0
71,747,10,0,1,0
72,554,757,0,1,0
73,605,756,0,1,0
74,335,9,0,1,0
75,990,163,1,0,1
76,132,348,0,1,0
77,424,246,1,0,1
78,357,772,1,0,1
79,932,75,0,1,0
80,124,530,0,1,0
81,779,887,0,1,0
82,148,128,0,1,0
83,296,952,0,1,0
84,368,528,0,1,0
85,212,324,0,1,0
86,379,667,1,0,1
87,857,611,0,1,0
88,586,119,0,1,0
89,629,947,0,1,0
90,236,199,0,1,0
91,208,502,0,1,0
92,267,495,0,1,0
93,534,926,0,1,0
94,629,395,0,1,0
95,213,910,0,1,0
96,773,908,0,1,0
97,531,547,0,1,0
98,134,49,0,1,0
99,705,174,0,1,0
100,223,259,0,1,0
101,742,394,1,0,1
102,690,897,1,0,1
103,6,33,0,0,1
104,657,450,1,0,1
105,575,559,1,0,0
106,877,263,0,1,0
107,618,184,0,1,0
108,883,395,0,1,0
109,814,574,0,0,1
110,347,883,1,0,1
111,7,776,0,1,0
112,781,441,0,1,0
113,864,376,0,1,0
114,561,286,0,1,0
115,868,549,0,1,0
116,74,935,1,0,0
117,695,853,0,1,0
118,413,7,1,0,0
119,197,733,1,1,0
120,683,508,1,0,1
121,875,508,0,1,0
122,2,481,1,0,0
123,651,72,1,0,0
124,275,416,0,1,0
125,856,580,1,0,1
126,808,7,0,1,0
127,672,758,0,1,0
128,210,757,1,0,1
129,531,3,0,1,0
130,458,885,0,1,0
131,5,180,1,0,0
132,926,268,0,1,0
133,6,274,0,1,0
134,659,616,0,1,0
135,290,468,0,1,0
136,201,191,0,1,0
137,545,509,1,0,0
138,608,726,1,0,1
139,622,160,1,0,1
140,6,421,0,1,0
141,625,642,1,0,1
142,547,382,0,1,0
143,810,171,0,1,0
144,382,603,0,1,0
145,168,78,0,1,0
146,515,610,1,0,0
147,487,674,1,1,0
148,770,311,0,1,0
149,275,189,0,1,0
150,142,206,1,0,1
151,670,396,0,1,0
152,380,449,1,0,1
153,305,353,0,1,0
154,7,901,1,0,0
155,46,122,0,1,0
156,570,567,1,0,0
157,217,276,0,1,0
158,400,722,1,0,0
159,854,631,0,1,0
160,786,741,0,1,0
161,143,565,0,1,0
162,809,814,0,1,0
163,674,219,0,1,0
164,56,556,0,1,0
165,564,867,0,1,0
166,843,309,0,1,0
167,249,206,0,1,0
168,238,3,0,1,0
169,883,5,1,0,0
170,549,672,1,0,1
171,979,516,0,1,0
172,118,299,1,0,0
173,0,926,1,0,0
174,178,895,0,1,0
175,70,47,1,0,0
176,587,409,0,1,0
177,396,426,0,1,0
178,373,646,0,1,0
179,709,1,0,1,0
180,521,104,0,1,0
181,964,605,0,1,0
182,446,884,0,1,0
183,721,274,1,0,0
184,333,300,1,0,0
185,532,55,1,0,0
186,859,321,1,0,1
187,707,453,0,1,0
188,394,990,0,1,0
189,869,50,1,0,0
190,965,515,0,1,0
191,950,1,0,1,0
192,925,209,0,1,0
193,467,212,0,1,0
194,3,537,0,1,0
195,520,289,0,1,0
196,9,676,1,0,1
197,966,990,0,1,0
198,739,955,0,1,0
199,791,541,0,1,0
200,524,626,1,0,0
201,199,827,1,0,0
202,198,875,0,1,0
203,947,1,0,1,0
204,50,753,1,0,0
205,654,894,0,1,0
206,193,274,1,0,1
207,767,353,0,1,0
208,268,624,0,1,0
209,781,68,1,0,1
210,233,990,1,0,0
211,727,768,0,1,0
212,59,564,0,1,0
213,590,813,0,1,0
214,990,506,1,0,0
215,521,765,1,0,0
216,303,66,0,1,0
217,424,261,0,1,0
218,627,422,0,1,0
219,309,10,1,0,1
220,3,785,0,0,1
221,748,205,0,1,0
222,9,550,0,1,0
223,410,135,0,1,0
224,325,414,0,1,0
225,667,700,0,1,0
226,336,566,1,0,1
227,504,635,1,0,0
228,940,726,0,1,0
229,478,315,1,1,0
230,285,120,0,1,0
231,966,147,1,1,0
232,812,140,0,1,0
233,229,763,0,1,0
234,434,622,0,1,0
235,654,486,0,1,0
236,349,870,0,1,0
237,308,5,0,1,0
238,516,451,1,0,0
239,257,891,0,1,0
240,219,103,0,0,1
241,279,927,0,1,0
242,282,274,0,1,0
243,172,365,1,0,1
244,246,861,0,1,0
245,829,590,1,0,1
246,764,190,1,0,1
247,534,868,0,1,0
248,321,4,0,1,0
249,687,773,0,1,0
250,872,592,0,1,0
251,903,665,1,0,1
252,707,647,0,1,0
253,660,58,1,0,0
254,152,254,1,0,0
255,99,465,0,1,0
256,627,402,1,1,0
257,732,613,0,1,0
258,573,632,1,0,0
259,777,838,1,0,1
260,829,454,0,1,0
261,576,483,0,1,0
262,4,515,0,1,0
263,890,633,0,1,0
264,88,601,0,1,0
265,197,380,0,1,0
266,59,940,1,0,0
267,267,25,0,0,1
268,750,120,0,1,0
269,892,0,1,0,0
270,846,685,1,0,1
271,742,269,1,0,0
272,891,968,1,0,1
273,486,679,0,1,0
274,127,371,1,0,1
275,112,1,0,1,0
276,539,133,0,0,1
277,677,637,1,0,1
278,494,509,1,0,0
279,384,7,1,0,0
280,256,239,0,1,0
281,200,695,0,1,0
282,455,642,1,1,0
283,990,904,1,0,0
284,840,787,0,1,0
285,821,9,0,1,0
286,879,961,1,0,1
287,7,39,0,1,0
288,7,695,0,1,0
289,145,701,0,1,0
290,584,383,0,1,0
291,834,120,1,0,1
292,51,865,1,0,0
293,5,244,0,1,0
294,29,860,1,1,0
295,236,621,0,1,0
296,236,708,0,1,0
297,332,139,0,1,0
298,667,721,0,1,0
299,108,261,1,0,1
300,439,719,1,0,1
301,728,567,1,0,1
302,144,137,0,0,1
303,8,498,0,1,0
304,560,276,0,1,0
305,942,0,0,1,0
306,725,92,0,1,0
307,589,286,1,0,1
308,838,10,1,0,0
309,458,244,1,0,1
310,854,326,0,1,0
311,746,489,0,1,0
312,219,768,0,1,0
313,352,5,1,0,0
314,2,244,0,1,0
315,859,758,0,1,0
316,8,790,0,1,0
317,777,745,0,0,1
318,609,799,0,1,0
319,61,990,1,0,0
320,736,842,0,1,0
321,777,568,1,0,1
322,771,779,0,1,0
323,832,659,1,0,1
324,2,503,0,1,0
325,579,865,0,1,0
326,304,61,0,1,0
327,802,477,0,1,0
328,129,509,0,1,0
329,107,435,0,1,0
330,612,789,0,1,0
331,0,150,0,1,0
332,703,944,0,1,0
333,190,910,0,1,0
334,202,418,0,1,0
335,791,646,0,1,0
336,873,323,0,1,0
337,407,114,0,1,0
338,758,8,0,1,0
339,2,707,1,0,0
340,927,662,0,1,0
341,832,641,0,1,0
342,521,658,1,1,0
343,557,3,0,1,0
344,974,936,1,0,0
345,480,582,1,0,0
346,178,251,1,0,1
347,297,465,0,1,0
348,279,494,0,1,0
349,809,114,0,1,0
350,83,836,1,0,1
351,477,270,1,0,1
352,337,891,0,1,0
353,849,809,0,1,0
354,887,924,0,1,0
355,5,791,1,0,1
356,128,701,0,1,0
357,105,415,0,1,0
358,564,590,1,0,0
359,650,921,0,1,0
360,360,338,0,1,0
361,9,816,0,1,0
362,713,7,0,1,0
363,641,338,1,0,1
364,861,894,0,1,0
365,804,841,0,1,0
366,367,179,0,1,0
367,440,639,0,1,0
368,223,370,0,1,0
369,166,452,1,0,1
370,672,896,0,1,0
371,8,886,1,0,0
372,785,628,1,0,1
373,366,973,0,1,0
374,866,925,0,1,0
375,525,140,0,1,0
376,218,790,0,1,0
377,489,872,0,1,0
378,534,641,1,0,0
379,98,809,1,0,0
380,811,423,0,1,0
381,836,628,1,0,1
382,700,421,0,1,0
383,462,10,1,0,0
384,841,171,1,0,0
385,438,4,1,0,1
386,884,780,0,1,0
387,319,99,1,0,0
388,751,5,0,1,0
389,400,129,1,0,1
390,4,21,0,1,0
391,81,884,1,0,0
392,192,37,0,1,0
393,273,828,0,1,0
394,729,546,0,1,0
395,257,3,1,0,0
396,77,486,0,1,0
397,4,827,0,1,0
398,232,179,0,1,0
399,696,144,1,0,0
400,547,420,1,0,0
401,745,497,0,0,1
402,365,495,0,1,0
403,313,77,0,1,0
404,159,559,0,1,0
405,917,156,1,0,0
406,723,461,0,1,0
407,333,512,0,1,0
408,9,755,1,0,0
409,594,85,0,1,0
410,309,609,1,0,1
411,447,10,1,0,1
412,553,303,0,1,0
413,761,789,0,1,0
414,228,825,0,1,0
415,493,230,1,0,1
416,169,522,0,1,0
417,574,913,0,1,0
418,318,857,0,1,0
419,407,244,0,1,0
420,737,533,0,1,0
421,871,758,0,1,0
422,43,706,1,0,1
423,283,92,1,0,1
424,170,371,0,1,0
425,133,388,0,1,0
426,66,779,0,1,0
427,311,553,1,0,1
428,980,4,1,0,0
429,577,978,0,1,0
430,353,161,0,1,0
431,566,720,0,1,0
432,878,272,0,1,0
433,828,473,1,0,1
434,415,798,1,0,0
435,845,394,0,1,0
436,488,10,1,0,0
437,777,622,0,1,0
438,536,649,1,0,0
439,870,200,1,0,0
440,301,46,0,1,0
441,760,587,1,0,1
442,435,464,1,0,0
443,238,260,0,1,0
444,128,226,0,0,1
445,310,460,0,1,0
446,793,674,0,1,0
447,384,931,0,1,0
448,671,81,1,0,0
449,101,282,1,0,0
450,906,298,0,1,0
451,301,0,0,1,0
452,946,124,1,0,1
453,238,651,1,1,0
454,625,624,0,1,0
455,612,220,0,1,0
456,990,900,1,0,0
457,634,370,0,1,0
458,350,830,0,1,0
459,10,840,1,0,0
460,978,2,1,0,0
461,417,373,1,0,1
462,610,542,1,0,1
463,820,558,1,0,1
464,564,824,0,1,0
465,848,490,0,1,0
466,239,189,1,0,1
467,480,449,1,0,0
468,27,0,1,0,1
469,728,365,0,1,0
470,689,4,0,1,0
471,9,530,0,1,0
472,854,7,1,0,0
473,5,564,1,0,1
474,299,79,0,0,1
475,336,3,1,0,1
476,323,362,0,1,0
477,538,504,1,0,0
478,384,863,1,0,1
479,786,239,1,0,0
480,822,425,0,1,0
481,248,271,1,0,1
482,248,793,1,0,1
483,552,959,0,1,0
484,894,746,0,1,0
485,621,627,0,1,0
486,328,480,0,1,0
487,121,550,0,0,1
488,361,808,1,0,0
489,600,392,1,0,1
490,864,790,1,0,1
491,401,318,0,1,0
492,990,15,1,0,0
493,736,97,0,1,0
494,524,217,0,1,0
495,86,576,0,1,0
496,138,161,0,1,0
497,657,435,0,1,0
498,175,794,1,1,0
499,927,207,1,0,1
500,321,217,1,0,1
501,110,933,1,0,0
502,567,8,0,1,0
503,754,2,0,1,0
504,215,333,0,1,0
505,640,468,1,0,1
506,688,672,1,0,1
507,621,375,0,1,0
508,350,111,0,1,0
509,120,645,0,1,0
510,553,7,1,0,1
511,893,512,0,1,0
512,884,203,1,0,0
513,65,653,1,0,1
514,656,190,0,1,0
515,162,101,0,1,0
516,844,373,0,1,0
517,615,181,0,1,0
518,664,222,0,1,0
519,367,107,0,1,0
520,727,689,0,1,0
521,900,89,0,1,0
522,300,567,1,0,1
523,511,719,1,0,0
524,833,866,0,1,0
525,600,400,1,0,1
526,2,37,0,1,0
527,420,412,1,0,1
528,754,6,0,1,0
529,295,537,1,0,1
530,909,515,1,0,1
531,489,731,1,0,0
532,128,894,0,1,0
533,31,212,0,1,0
534,854,393,0,1,0
535,243,898,0,1,0
536,874,679,0,1,0
537,393,539,0,1,0
538,454,137,0,1,0
539,586,375,1,0,1
540,466,705,0,1,0
541,497,722,0,1,0
542,679,459,0,1,0
543,8,46,0,1,0
544,306,289,1,0,0
545,52,6,1,0,0
546,112,393,0,1,0
547,432,438,0,1,0
548,114,778,1,1,0
549,611,560,0,1,0
550,772,364,0,1,0
551,259,921,0,1,0
552,933,286,1,0,1
553,379,798,1,0,1
554,530,746,1,0,0
555,168,841,0,1,0
556,348,589,0,1,0
557,299,7,0,1,0
558,851,568,1,0,1
559,693,521,0,1,0
560,778,627,0,1,0
561,685,739,0,1,0
562,865,614,0,1,0
563,435,990,0,1,0
564,5,142,1,0,1
565,201,736,0,1,0
566,179,111,0,1,0
567,235,362,0,1,0
568,736,121,0,1,0
569,210,8,0,1,0
570,790,655,1,0,1
571,247,624,0,1,0
572,579,320,0,1,0
573,220,531,1,0,1
574,888,500,0,1,0
575,516,204,0,1,0
576,42,896,1,0,0
577,326,818,1,0,1
578,194,147,0,1,0
579,724,104,0,1,0
580,205,760,0,1,0
581,9,370,1,0,0
582,372,338,0,1,0
583,500,959,0,1,0
584,324,243,1,0,1
585,120,544,0,1,0
586,799,344,0,1,0
587,801,0,0,1,0
588,254,586,0,1,0
589,553,795,0,1,0
590,449,321,0,1,0
591,814,390,1,0,1
592,809,827,0,1,0
593,262,722,0,1,0
594,798,604,0,1,0
595,581,875,1,0,1
596,321,844,0,1,0
597,749,585,0,1,0
598,153,334,0,1,0
599,84,381,0,1,0
600,929,244,0,1,0
601,716,800,0,1,0
602,730,444,0,1,0
603,2,429,0,1,0
604,501,78,0,1,0
605,355,401,0,1,0
606,811,5,1,0,1
607,123,328,0,1,0
608,549,654,1,0,0
609,347,417,0,1,0
610,750,940,0,1,0
611,433,264,0,1,0
612,326,867,0,1,0
613,47,532,0,1,0
614,593,750,1,0,1
615,507,2,0,1,0
616,932,795,1,0,0
617,721,592,0,1,0
618,434,228,0,1,0
619,685,205,0,1,0
620,8,76,0,1,0
621,534,331,0,1,0
622,539,3,0,1,0
623,150,362,0,1,0
624,688,360,1,0,1
625,258,466,0,1,0
626,9,20,0,1,0
627,156,368,0,1,0
628,833,2,1,0,0
629,650,639,0,1,0
630,743,507,0,1,0
631,884,945,0,1,0
632,990,792,1,0,0
633,186,272,0,1,0
634,875,276,0,1,0
635,537,851,0,1,0
636,770,827,0,1,0
637,184,469,0,1,0
638,361,548,1,0,0
639,668,350,1,0,1
640,178,734,0,1,0
641,0,586,0,1,0
642,2,967,0,1,0
643,915,572,0,1,0
644,494,259,0,1,0
645,40,202,0,1,0
646,607,193,0,1,0
647,8,644,0,1,0
648,76,261,0,1,0
649,708,391,0,1,0
650,954,990,0,1,0
651,798,338,0,1,0
652,247,406,0,1,0
653,219,7,1,1,0
654,1,824,0,1,0
655,508,7,0,1,0
656,411,378,0,1,0
657,670,219,0,1,0
658,288,730,0,1,0
659,273,58,1,0,1
660,288,109,1,0,1
661,336,603,1,0,1
662,344,141,1,1,0
663,700,391,0,1,0
664,126,594,0,1,0
665,251,533,0,1,0
666,141,390,0,1,0
667,570,109,0,1,0
668,922,628,0,1,0
669,921,2,1,0,0
670,250,370,0,1,0
671,810,688,0,1,0
672,891,656,0,1,0
673,772,313,1,0,1
674,719,302,0,1,0
675,674,585,0,1,0
676,823,864,0,1,0
677,875,914,0,1,0
678,491,377,1,0,0
679,2,147,0,1,0
680,573,492,1,1,0
681,489,5,1,0,0
682,172,749,1,1,0
683,7,604,0,1,0
684,207,37,0,1,0
685,411,207,1,0,1
686,866,78,0,1,0
687,807,578,1,0,1
688,540,786,0,1,0
689,809,736,1,0,1
690,584,566,0,1,0
691,239,708,0,1,0
692,795,734,0,1,0
693,442,873,0,1,0
694,662,268,1,0,0
695,685,389,0,1,0
696,828,420,1,0,1
697,551,347,0,1,0
698,223,450,1,0,1
699,129,680,0,1,0
700,738,309,1,0,1
701,65,954,1,0,0
702,518,408,0,1,0
703,397,2,1,0,0
704,288,866,0,1,0
705,8,645,0,1,0
706,550,2,1,0,1
707,501,697,0,1,0
708,862,280,0,1,0
709,536,10,0,1,0
710,673,140,0,1,0
711,405,591,1,1,0
712,8,579,0,1,0
713,885,837,0,1,0
714,904,416,0,1,0
715,582,6,0,1,0
716,112,862,0,1,0
717,774,723,1,0,1
718,415,361,1,0,1
719,639,913,0,1,0
720,442,425,0,1,0
721,842,105,0,1,0
722,970,161,0,1,0
723,919,885,0,1,0
724,117,836,0,1,0
725,569,213,0,1,0
726,303,473,0,1,0
727,5,951,1,0,0
728,494,848,0,0,1
729,8,523,0,1,0
730,231,218,0,1,0
731,141,705,0,1,0
732,519,794,1,0,1
733,454,152,1,0,1
734,7,268,0,1,0
735,161,576,0,1,0
736,556,465,1,0,0
737,199,9,1,0,0
738,31,831,0,1,0
739,130,711,0,1,0
740,105,121,0,1,0
741,937,2,0,1,0
742,690,818,0,1,0
743,351,617,0,1,0
744,828,621,0,1,0
745,464,856,1,0,1
746,167,299,1,0,1
747,1,520,1,0,1
748,476,662,0,1,0
749,939,107,0,1,0
750,990,874,1,0,0
751,925,122,0,1,0
752,292,517,1,0,1
753,2,945,1,0,0
754,521,250,0,1,0
755,529,541,1,0,0
756,849,512,0,1,0
757,865,830,0,1,0
758,490,790,0,1,0
759,1,160,1,0,1
760,594,205,0,1,0
761,592,945,0,1,0
762,630,516,0,1,0
763,798,511,0,1,0
764,334,2,0,1,0
765,398,712,1,0,1
766,703,438,0,1,0
767,257,740,1,0,1
768,946,4,0,1,0
769,351,10,1,0,0
770,427,179,1,0,1
771,316,480,0,1,0
772,881,673,0,1,0
773,884,596,0,1,0
774,859,573,0,1,0
775,580,715,0,1,0
776,822,390,1,0,1
777,124,73,0,1,0
778,869,654,0,1,0
779,118,1,1,1,0
780,252,793,0,1,0
781,634,575,0,1,0
782,371,165,0,1,0
783,174,238,1,0,1
784,228,3,1,0,1
785,725,123,1,0,1
786,841,153,1,0,1
787,620,868,0,1,0
788,10,911,1,0,0
789,93,930,1,0,0
790,537,119,0,1,0
791,193,642,0,1,0
792,6,983,1,0,0
793,6,688,0,1,0
794,215,577,0,1,0
795,935,723,1,0,1
796,422,708,1,0,0
797,968,216,0,1,0
798,928,528,0,1,0
799,871,465,0,1,0
800,477,464,1,0,0
801,260,189,0,1,0
802,360,303,0,1,0
803,225,158,0,1,0
804,501,4,0,1,0
805,791,239,1,0,0
806,865,397,0,1,0
807,402,109,1,0,1
808,823,607,0,1,0
809,3,242,0,1,0
810,865,643,0,1,0
811,682,416,0,1,0
812,886,646,0,1,0
813,149,630,1,0,1
814,823,10,0,1,0
815,523,351,0,1,0
816,541,146,0,1,0
817,384,862,0,1,0
818,701,515,1,0,1
819,794,924,0,1,0
820,155,691,0,1,0
821,551,82,0,1,0
822,244,647,0,1,0
823,990,839,0,1,0
824,23,680,1,0,0
825,518,814,0,1,0
826,399,4,1,0,0
827,659,884,0,1,0
828,591,954,0,1,0
829,756,482,0,1,0
830,602,688,0,1,0
831,590,601,0,1,0
832,228,437,0,1,0
833,161,7,0,1,0
834,10,194,1,0,0
835,794,524,0,1,0
836,452,323,1,0,1
837,898,787,0,1,0
838,40,393,1,0,1
839,963,4,0,1,0
840,248,559,0,1,0
841,403,695,0,1,0
842,275,977,0,1,0
843,538,599,1,0,0
844,140,386,1,0,1
845,683,170,0,1,0
846,438,252,0,1,0
847,200,626,0,1,0
848,865,808,0,1,0
849,990,856,0,1,0
850,593,2,0,1,0
851,410,590,0,1,0
852,319,778,1,0,1
853,193,651,0,1,0
854,453,181,0,1,0
855,178,385,0,1,0
856,429,909,0,1,0
857,295,773,1,0,0
858,398,430,0,0,1
859,926,136,0,1,0
860,377,858,0,1,0
861,755,954,0,1,0
862,7,280,0,1,0
863,777,45,1,0,0
864,203,356,0,1,0
865,229,574,1,0,1
866,106,255,0,1,0
867,54,195,0,1,0
868,665,685,0,1,0
869,690,402,0,1,0
870,684,808,1,0,1
871,379,711,0,1,0
872,46,196,0,1,0
873,898,519,0,1,0
874,652,335,0,1,0
875,899,955,0,1,0
876,948,720,0,1,0
877,237,274,0,1,0
878,926,532,0,1,0
879,610,747,1,0,1
880,367,970,0,1,0
881,472,546,1,0,0
882,2,31,1,0,1
883,864,281,0,1,0
884,3,672,0,1,0
885,557,858,0,1,0
886,502,120,0,1,0
887,393,732,0,1,0
888,574,211,0,1,0
889,174,10,1,0,1
890,596,657,0,1,0
891,465,280,0,1,0
892,949,667,1,0,1
893,7,851,1,0,0
894,516,990,0,1,0
895,93,3,1,0,0
896,882,265,0,1,0
897,781,213,1,0,0
898,316,198,0,1,0
899,66,952,1,0,0
900,444,384,1,0,1
901,587,3,0,1,0
902,264,770,1,0,1
903,633,685,0,1,0
904,970,706,0,1,0
905,635,506,0,1,0
906,6,112,1,0,0
907,250,777,1,0,1
908,211,564,0,1,0
909,72,990,1,0,0
910,990,389,1,0,1
911,196,270,0,1,0
912,586,669,0,1,0
913,595,720,0,1,0
914,554,212,0,1,0
915,600,346,0,1,0
916,759,3,0,1,0
917,376,879,1,0,1
918,4,403,1,0,0
919,585,418,0,1,0
920,592,711,0,1,0
921,305,843,1,0,1
922,616,764,0,1,0
923,646,480,1,0,1
924,523,124,0,1,0
925,425,842,0,1,0
926,966,656,0,1,0
927,217,10,0,1,0
928,706,528,0,1,0
929,811,491,1,0,1
930,418,10,1,0,0
931,927,640,0,1,0
932,182,65,0,1,0
933,501,571,1,0,0
934,942,951,0,1,0
935,165,124,1,0,1
936,778,6,0,1,0
937,636,291,0,1,0
938,432,457,1,0,0
939,358,494,1,1,0
940,357,934,0,1,0
941,129,304,0,1,0
942,698,170,1,0,1
943,719,178,0,1,0
944,949,14,1,1,0
945,174,404,1,0,1
946,525,880,0,1,0
947,641,836,0,1,0
948,2,908,1,0,0
949,983,459,0,1,0
950,403,576,1,0,1
951,221,608,0,1,0
952,428,5,0,1,0
953,491,677,1,1,0
954,605,521,0,1,0
955,180,3,0,1,0
956,328,163,0,1,0
957,384,230,1,1,0
958,412,253,0,1,0
959,780,673,0,1,0
960,582,943,0,1,0
961,224,578,0,1,0
962,731,990,1,0,1
963,260,351,0,1,0
964,61,6,1,1,0
965,376,134,0,1,0
966,519,260,1,0,1
967,9,793,0,1,0
968,282,303,0,0,1
969,63,10,0,1,0
970,2,673,0,1,0
971,483,632,1,0,0
972,561,158,0,1,0
973,786,778,0,1,0
974,9,719,1,0,0
975,340,405,0,1,0
976,823,680,1,0,1
977,310,621,0,1,0
978,481,159,0,1,0
979,239,780,0,1,0
980,711,396,0,1,0
981,638,873,0,1,0
982,462,228,0,1,0
983,434,476,1,0,0
984,195,456,0,1,0
985,435,316,0,1,0
986,592,983,0,1,0
987,721,2,1,0,1
988,530,283,0,1,0
989,109,635,0,1,0
990,112,597,1,0,1
991,713,146,0,1,0
992,238,66,0,1,0
993,9,24,0,1,0
994,152,168,0,1,0
995,722,890,0,1,0
996,652,635,0,1,0
997,48,103,1,0,1
998,682,631,0,1,0
999,681,545,0,1,0
